file,id,pol_type,x,y,radius,area
D3846_L_2024_02_20_11_51_22_N_Dakota.ndpi.ndpa,3,pol,6139757,-12375,14125,626796821.776376
D3846_L_2024_02_20_11_51_22_N_Dakota.ndpi.ndpa,4,spo,5161640,537140,20174,1278597661.1640823
D3846_L_2024_02_20_11_51_22_N_Dakota.ndpi.ndpa,5,bipol,2129296,-4844475,36777,4249154009.0559583
D3846_L_2024_02_20_11_51_22_N_Dakota.ndpi.ndpa,6,pol,2279891,-4720542,12259,472128223.2284398
D3846_L_2024_02_20_11_51_22_N_Dakota.ndpi.ndpa,7,paly,1767575,-4220574,18023,1020478920.3827791
D3846_L_2024_02_20_11_51_22_N_Dakota.ndpi.ndpa,9,pol,5761879,-115623,11978,450732101.72667915
D3846_L_2024_02_20_11_51_22_N_Dakota.ndpi.ndpa,11,pol,8190334,-6449170,48419,7365148437.916736
D3846_L_2024_02_20_11_51_22_N_Dakota.ndpi.ndpa,12,spo,9496740,-5835796,33870,3603962521.4079127
D3846_L_2024_02_20_11_51_22_N_Dakota.ndpi.ndpa,13,bipol,6063838,-4880211,51099,8203037085.352599
D3846_L_2024_02_20_11_51_22_N_Dakota.ndpi.ndpa,14,trilete,6992153,-4546592,24391,1868999069.2167675
D3846_L_2024_02_20_11_51_22_N_Dakota.ndpi.ndpa,17,trilete,6440106,-5187122,16890,896208733.6341329
D3846_L_2024_02_20_11_51_22_N_Dakota.ndpi.ndpa,18,paly,6662766,-4990335,10885,372226029.23362654
D3846_L_2024_02_20_11_51_22_N_Dakota.ndpi.ndpa,19,paly,5660601,-5329969,11954,448927671.4374221
D3846_L_2024_02_20_11_51_22_N_Dakota.ndpi.ndpa,20,pol,9613108,-5776587,15925,796725568.409048
D3846_L_2024_02_20_11_51_22_N_Dakota.ndpi.ndpa,21,paly,8549450,-6171970,8926,250301606.8875627
D3846_L_2024_02_20_11_51_22_N_Dakota.ndpi.ndpa,22,paly,8514056,-6248108,8111,206680105.94560713
D3846_L_2024_02_20_11_51_22_N_Dakota.ndpi.ndpa,23,pol,8475470,-6958518,15270,732534269.6562275
D3846_L_2024_02_20_11_51_22_N_Dakota.ndpi.ndpa,24,bipol,4001193,6343120,38688,4702214442.487585
D3846_L_2024_02_20_11_51_22_N_Dakota.ndpi.ndpa,25,paly,4233066,6971047,33015,3424305283.3446856
D3846_L_2024_02_20_11_51_22_N_Dakota.ndpi.ndpa,26,pol,3748981,6952161,11402,408424650.4519038
D3846_L_2024_02_20_11_51_22_N_Dakota.ndpi.ndpa,27,paly,3335667,5880282,14738,682381080.2866007
D3846_L_2024_02_20_11_51_22_N_Dakota.ndpi.ndpa,28,paly,1680919,-4622417,26002,2124043372.0290442
D3846_L_2024_02_20_11_51_22_N_Dakota.ndpi.ndpa,29,pol,1793292,-4102528,17549,967508124.5267419
D3846_L_2024_02_20_11_51_22_N_Dakota.ndpi.ndpa,30,paly,5605013,-4005420,27914,2447901965.4139752
D3846_L_2024_02_20_11_51_22_N_Dakota.ndpi.ndpa,31,pol,5853241,-4052716,15443,749226647.8405862
D3846_L_2024_02_20_11_51_22_N_Dakota.ndpi.ndpa,32,paly,7109118,-4651689,13634,583977953.7751155
D3846_L_2024_02_20_11_51_22_N_Dakota.ndpi.ndpa,33,spo,6368125,-4268753,11952,448777465.60946864
D3846_L_2024_02_20_11_51_22_N_Dakota.ndpi.ndpa,34,pol,6654029,-4045486,9211,266540640.68563774
D3846_L_2024_02_20_11_51_22_N_Dakota.ndpi.ndpa,35,paly,9443978,-6997231,15617,766205196.8413529
D3846_L_2024_02_20_11_51_22_N_Dakota.ndpi.ndpa,36,paly,8950126,-6050022,13520,574252977.7867397
D3846_L_2024_02_20_11_51_22_N_Dakota.ndpi.ndpa,37,paly,8935649,-6475708,12477,489069098.2501048
D3846_L_2024_02_20_11_51_22_N_Dakota.ndpi.ndpa,38,pol,8491588,-7286437,7476,175585422.966502
D3846_L_2024_02_20_11_51_22_N_Dakota.ndpi.ndpa,39,fun,6140626,-825998,14709,679698276.3993632
D3846_L_2024_02_20_11_51_22_N_Dakota.ndpi.ndpa,40,fun,5625400,608437,8758,240968211.57390094
D3846_L_2024_02_20_11_51_22_N_Dakota.ndpi.ndpa,41,fun,6161812,537908,13209,548137800.8449835
D9151-A-2_L_2024_02_02_16_08_52_Texas.ndpi.ndpa,2,pol,9847282,4886999,8837,245335041.070354
D9151-A-2_L_2024_02_02_16_08_52_Texas.ndpi.ndpa,3,pol,9845559,4899682,8837,245335041.070354
D9151-A-2_L_2024_02_02_16_08_52_Texas.ndpi.ndpa,4,pol,9941076,4934289,8837,245335041.070354
D9151-A-2_L_2024_02_02_16_08_52_Texas.ndpi.ndpa,5,pol,9960650,4938673,8837,245335041.070354
D9151-A-2_L_2024_02_02_16_08_52_Texas.ndpi.ndpa,6,pol,9923539,4960126,8837,245335041.070354
D9151-A-2_L_2024_02_02_16_08_52_Texas.ndpi.ndpa,7,pol,9857773,4821388,8837,245335041.070354
D9151-A-2_L_2024_02_02_16_08_52_Texas.ndpi.ndpa,8,pol,9951098,4822641,8837,245335041.070354
D9151-A-2_L_2024_02_02_16_08_52_Texas.ndpi.ndpa,9,pol,9999952,4917690,8837,245335041.070354
D9151-A-2_L_2024_02_02_16_08_52_Texas.ndpi.ndpa,10,pol,10007469,4915811,8837,245335041.070354
D9151-A-2_L_2024_02_02_16_08_52_Texas.ndpi.ndpa,11,pol,10014358,4879796,8837,245335041.070354
D9151-A-2_L_2024_02_02_16_08_52_Texas.ndpi.ndpa,12,pol,10044893,4938516,8837,245335041.070354
D9151-A-2_L_2024_02_02_16_08_52_Texas.ndpi.ndpa,13,pol,10063996,4917533,8837,245335041.070354
D9151-A-2_L_2024_02_02_16_08_52_Texas.ndpi.ndpa,14,pol,10094368,4934758,8837,245335041.070354
D9151-A-2_L_2024_02_02_16_08_52_Texas.ndpi.ndpa,15,pol,10079492,4899682,8837,245335041.070354
D9151-A-2_L_2024_02_02_16_08_52_Texas.ndpi.ndpa,16,pol,10076986,4861005,8837,245335041.070354
D9151-A-2_L_2024_02_02_16_08_52_Texas.ndpi.ndpa,17,pol,10138525,4961535,8837,245335041.070354
D9151-A-2_L_2024_02_02_16_08_52_Texas.ndpi.ndpa,18,pol,10147607,4915498,8837,245335041.070354
D9151-A-2_L_2024_02_02_16_08_52_Texas.ndpi.ndpa,19,pol,10178141,4911426,8837,245335041.070354
D9151-A-2_L_2024_02_02_16_08_52_Texas.ndpi.ndpa,20,pol,10203821,4915498,8837,245335041.070354
D9151-A-2_L_2024_02_02_16_08_52_Texas.ndpi.ndpa,21,pol,10136489,4887625,8837,245335041.070354
D9151-A-2_L_2024_02_02_16_08_52_Texas.ndpi.ndpa,22,pol,10133201,4882301,8837,245335041.070354
D9151-A-2_L_2024_02_02_16_08_52_Texas.ndpi.ndpa,23,pol,10147450,4874941,8837,245335041.070354
D9151-A-2_L_2024_02_02_16_08_52_Texas.ndpi.ndpa,24,pol,10137116,4844406,8837,245335041.070354
D9151-A-2_L_2024_02_02_16_08_52_Texas.ndpi.ndpa,25,pol,10163422,4822797,8837,245335041.070354
D9151-A-2_L_2024_02_02_16_08_52_Texas.ndpi.ndpa,26,pol,10164831,4837203,8837,245335041.070354
D9151-A-2_L_2024_02_02_16_08_52_Texas.ndpi.ndpa,27,pol,10201316,4836890,8837,245335041.070354
D9151-A-2_L_2024_02_02_16_08_52_Texas.ndpi.ndpa,28,pol,10229971,4899369,8837,245335041.070354
D9151-A-2_L_2024_02_02_16_08_52_Texas.ndpi.ndpa,29,pol,10246412,4918630,8837,245335041.070354
D9151-A-2_L_2024_02_02_16_08_52_Texas.ndpi.ndpa,30,pol,10197088,4872123,8837,245335041.070354
D9151-A-2_L_2024_02_02_16_08_52_Texas.ndpi.ndpa,31,pol,10184561,4845503,11524,417211597.1394002
D9151-A-2_L_2024_02_02_16_08_52_Texas.ndpi.ndpa,32,pol,10190354,4822014,8837,245335041.070354
D9151-A-2_L_2024_02_02_16_08_52_Texas.ndpi.ndpa,33,pol,10211180,4822014,8837,245335041.070354
D9151-A-2_L_2024_02_02_16_08_52_Texas.ndpi.ndpa,34,pol,10248291,4845346,8837,245335041.070354
D9151-A-2_L_2024_02_02_16_08_52_Texas.ndpi.ndpa,35,pol,10258312,4836264,8837,245335041.070354
D9151-A-2_L_2024_02_02_16_08_52_Texas.ndpi.ndpa,36,pol,10283986,4829844,8837,245335041.070354
D9151-A-2_L_2024_02_02_16_08_52_Texas.ndpi.ndpa,37,pol,10299644,4825303,8837,245335041.070354
D9151-A-2_L_2024_02_02_16_08_52_Texas.ndpi.ndpa,38,pol,10337381,4828748,8837,245335041.070354
D9151-A-2_L_2024_02_02_16_08_52_Texas.ndpi.ndpa,39,pol,10322036,4933506,8837,245335041.070354
D9151-A-2_L_2024_02_02_16_08_52_Texas.ndpi.ndpa,40,pol,10291345,4927399,8837,245335041.070354
D9151-A-2_L_2024_02_02_16_08_52_Texas.ndpi.ndpa,41,pol,10431959,4906572,8837,245335041.070354
D9151-A-2_L_2024_02_02_16_08_52_Texas.ndpi.ndpa,42,pol,10430393,4874158,8837,245335041.070354
D9151-A-2_L_2024_02_02_16_08_52_Texas.ndpi.ndpa,43,pol,10485042,4896707,8837,245335041.070354
D9151-A-2_L_2024_02_02_16_08_52_Texas.ndpi.ndpa,44,pol,10411290,4875724,8837,245335041.070354
D9151-A-2_L_2024_02_02_16_08_52_Texas.ndpi.ndpa,46,pol,10431332,4955741,8837,245335041.070354
D9151-A-2_L_2024_02_02_16_08_52_Texas.ndpi.ndpa,47,pol,10429767,4861319,6658,139263547.64364642
D9151-A-2_L_2024_02_02_16_08_52_Texas.ndpi.ndpa,48,pol,10345994,4965763,8837,245335041.070354
D9151-A-2_L_2024_02_02_16_08_52_Texas.ndpi.ndpa,49,pol,10431330,4852393,8203,211395284.6602682
D9151-A-2_L_2024_02_02_16_08_52_Texas.ndpi.ndpa,50,pol,10530448,4942274,8837,245335041.070354
D9151-A-2_L_2024_02_02_16_08_52_Texas.ndpi.ndpa,51,pol,10582592,4913775,8837,245335041.070354
D9151-A-2_L_2024_02_02_16_08_52_Texas.ndpi.ndpa,52,pol,10541879,4828121,8837,245335041.070354
D9151-A-2_L_2024_02_02_16_08_52_Texas.ndpi.ndpa,53,pol,10554247,4924736,8837,245335041.070354
D9151-A-2_L_2024_02_02_16_08_52_Texas.ndpi.ndpa,54,pol,10614062,4826242,8837,245335041.070354
D9151-A-2_L_2024_02_02_16_08_52_Texas.ndpi.ndpa,55,pol,10624240,4840179,8837,245335041.070354
D9151-A-2_L_2024_02_02_16_08_52_Texas.ndpi.ndpa,56,pol,10613593,4837047,8837,245335041.070354
D9151-A-2_L_2024_02_02_16_08_52_Texas.ndpi.ndpa,57,pol,10735566,4874941,8837,245335041.070354
D9151-A-2_L_2024_02_02_16_08_52_Texas.ndpi.ndpa,58,pol,10733373,4936324,8837,245335041.070354
D9151-A-2_L_2024_02_02_16_08_52_Texas.ndpi.ndpa,59,pol,10720220,4880735,8837,245335041.070354
D9151-A-2_L_2024_02_02_16_08_52_Texas.ndpi.ndpa,60,pol,10822157,4871810,8837,245335041.070354
D9151-A-2_L_2024_02_02_16_08_52_Texas.ndpi.ndpa,61,pol,10829674,4901875,8837,245335041.070354
D9151-A-2_L_2024_02_02_16_08_52_Texas.ndpi.ndpa,62,pol,10822314,4931000,8837,245335041.070354
D9151-A-2_L_2024_02_02_16_08_52_Texas.ndpi.ndpa,63,pol,10860990,4939926,8837,245335041.070354
D9151-A-2_L_2024_02_02_16_08_52_Texas.ndpi.ndpa,64,pol,10880877,4904850,8837,245335041.070354
D9151-A-2_L_2024_02_02_16_08_52_Texas.ndpi.ndpa,65,pol,10860834,4851923,8837,245335041.070354
D9151-A-2_L_2024_02_02_16_08_52_Texas.ndpi.ndpa,66,pol,10952278,4944624,8837,245335041.070354
D9151-A-2_L_2024_02_02_16_08_52_Texas.ndpi.ndpa,67,pol,10887292,4939769,6643,138636752.78536543
D9151-A-2_L_2024_02_02_16_08_52_Texas.ndpi.ndpa,68,pol,10966681,4931627,12567,496150122.4275901
D9151-A-2_L_2024_02_02_16_08_52_Texas.ndpi.ndpa,69,pol,10992674,4921135,12682,505272160.8122962
D9151-A-2_L_2024_02_02_16_08_52_Texas.ndpi.ndpa,70,pol,10978738,4958090,8837,245335041.070354
D9151-A-2_L_2024_02_02_16_08_52_Texas.ndpi.ndpa,71,pol,11008802,4903127,8837,245335041.070354
D9151-A-2_L_2024_02_02_16_08_52_Texas.ndpi.ndpa,72,pol,11011934,4831567,8837,245335041.070354
D9151-A-2_L_2024_02_02_16_08_52_Texas.ndpi.ndpa,73,pol,11048888,4822171,8837,245335041.070354
D9151-A-2_L_2024_02_02_16_08_52_Texas.ndpi.ndpa,74,pol,11027906,4946503,8837,245335041.070354
D9151-A-2_L_2024_02_02_16_08_52_Texas.ndpi.ndpa,75,pol,11003792,4946659,7975,199807256.26371935
D9151-A-2_L_2024_02_02_16_08_52_Texas.ndpi.ndpa,76,pol,10997215,4940395,7254,165312226.49370417
D9151-A-2_L_2024_02_02_16_08_52_Texas.ndpi.ndpa,77,pol,11011308,4946503,6863,147971429.86882988
D9151-A-2_L_2024_02_02_16_08_52_Texas.ndpi.ndpa,78,pol,10975136,4916751,7018,154730739.25062424
D9151-A-2_L_2024_02_02_16_08_52_Texas.ndpi.ndpa,79,pol,11068146,4919882,8144,208365303.36888248
D9151-A-2_L_2024_02_02_16_08_52_Texas.ndpi.ndpa,80,pol,11070808,4905163,8837,245335041.070354
D9151-A-2_L_2024_02_02_16_08_52_Texas.ndpi.ndpa,81,pol,11076914,4893419,8837,245335041.070354
D9151-A-2_L_2024_02_02_16_08_52_Texas.ndpi.ndpa,82,pol,11086466,4951983,6312,125165273.61954378
D9151-A-2_L_2024_02_02_16_08_52_Texas.ndpi.ndpa,83,pol,11121537,4843154,8837,245335041.070354
D9151-A-2_L_2024_02_02_16_08_52_Texas.ndpi.ndpa,84,pol,11221438,4914871,8837,245335041.070354
D9151-A-2_L_2024_02_02_16_08_52_Texas.ndpi.ndpa,85,pol,11169452,4899056,8837,245335041.070354
D9151-A-2_L_2024_02_02_16_08_52_Texas.ndpi.ndpa,86,pol,11276400,4891226,8837,245335041.070354
D9151-A-2_L_2024_02_02_16_08_52_Texas.ndpi.ndpa,87,pol,11308813,4854741,8837,245335041.070354
D9151-A-2_L_2024_02_02_16_08_52_Texas.ndpi.ndpa,88,pol,11134690,4908138,8837,245335041.070354
D9151-A-2_L_2024_02_02_16_08_52_Texas.ndpi.ndpa,89,pol,11230051,4936794,8837,245335041.070354
D9151-A-2_L_2024_02_02_16_08_52_Texas.ndpi.ndpa,90,pol,11191844,4931157,6745,142926836.31488398
D9151-A-2_L_2024_02_02_16_08_52_Texas.ndpi.ndpa,91,pol,11182449,4929434,7386,171383291.46491337
D9151-A-2_L_2024_02_02_16_08_52_Texas.ndpi.ndpa,92,pol,11296756,4931783,8837,245335041.070354
D9151-A-2_L_2024_02_02_16_08_52_Texas.ndpi.ndpa,93,pol,11293311,4911270,8837,245335041.070354
D9151-A-2_L_2024_02_02_16_08_52_Texas.ndpi.ndpa,94,pol,11310692,4931000,8837,245335041.070354
D9151-A-2_L_2024_02_02_16_08_52_Texas.ndpi.ndpa,95,pol,11215641,4947442,11014,381100937.37383074
D9151-A-2_L_2024_02_02_16_08_52_Texas.ndpi.ndpa,96,pol,11215171,4963836,14282,640808007.7105285
D9151-A-2_L_2024_02_02_16_08_52_Texas.ndpi.ndpa,97,pol,11342162,4936747,8837,245335041.070354
D9151-A-2_L_2024_02_02_16_08_52_Texas.ndpi.ndpa,98,pol,11373636,4911066,8837,245335041.070354
D9151-A-2_L_2024_02_02_16_08_52_Texas.ndpi.ndpa,99,pol,11354688,4886951,8837,245335041.070354
D9151-A-2_L_2024_02_02_16_08_52_Texas.ndpi.ndpa,100,pol,11348738,4847491,8837,245335041.070354
D9151-A-2_L_2024_02_02_16_08_52_Texas.ndpi.ndpa,101,pol,11335115,4947708,8000,201061929.82974675
D9151-A-2_L_2024_02_02_16_08_52_Texas.ndpi.ndpa,102,pol,11343728,4867064,7955,198806344.84428564
D9151-A-2_L_2024_02_02_16_08_52_Texas.ndpi.ndpa,103,pol,11398532,4904333,8251,213876489.40533218
D9151-A-2_L_2024_02_02_16_08_52_Texas.ndpi.ndpa,104,pol,11433138,4898226,8837,245335041.070354
D9151-A-2_L_2024_02_02_16_08_52_Texas.ndpi.ndpa,105,pol,11406675,4884446,7484,175961408.77528363
D9151-A-2_L_2024_02_02_16_08_52_Texas.ndpi.ndpa,106,pol,11395398,4961018,8837,245335041.070354
D9151-A-2_L_2024_02_02_16_08_52_Texas.ndpi.ndpa,107,pol,11490916,4851876,8837,245335041.070354
D9151-A-2_L_2024_02_02_16_08_52_Texas.ndpi.ndpa,108,pol,11459285,4842481,8837,245335041.070354
D9151-A-2_L_2024_02_02_16_08_52_Texas.ndpi.ndpa,109,pol,11479485,4821028,8837,245335041.070354
D9151-A-2_L_2024_02_02_16_08_52_Texas.ndpi.ndpa,110,pol,11549786,4890084,8837,245335041.070354
D9151-A-2_L_2024_02_02_16_08_52_Texas.ndpi.ndpa,111,pol,11604278,4952719,8837,245335041.070354
D9151-A-2_L_2024_02_02_16_08_52_Texas.ndpi.ndpa,112,pol,11588463,4833712,8837,245335041.070354
D9151-A-2_L_2024_02_02_16_08_52_Texas.ndpi.ndpa,113,pol,11532405,4894938,8837,245335041.070354
D9151-A-2_L_2024_02_02_16_08_52_Texas.ndpi.ndpa,114,pol,11603025,4872702,8837,245335041.070354
D9151-A-2_L_2024_02_02_16_08_52_Texas.ndpi.ndpa,115,pol,11553701,4875365,8837,245335041.070354
D9151-A-2_L_2024_02_02_16_08_52_Texas.ndpi.ndpa,116,pol,11540704,4863307,8837,245335041.070354
D9151-A-2_L_2024_02_02_16_08_52_Texas.ndpi.ndpa,117,pol,11616022,4829953,8837,245335041.070354
D9151-A-2_L_2024_02_02_16_08_52_Texas.ndpi.ndpa,118,pol,11613203,4841854,8837,245335041.070354
D9151-A-2_L_2024_02_02_16_08_52_Texas.ndpi.ndpa,119,pol,11614299,4960706,8837,245335041.070354
D9151-A-2_L_2024_02_02_16_08_52_Texas.ndpi.ndpa,120,pol,11672236,4953189,8837,245335041.070354
D9151-A-2_L_2024_02_02_16_08_52_Texas.ndpi.ndpa,121,pol,11677873,4947865,8837,245335041.070354
D9151-A-2_L_2024_02_02_16_08_52_Texas.ndpi.ndpa,122,pol,11554640,5035238,8837,245335041.070354
D9151-A-2_L_2024_02_02_16_08_52_Texas.ndpi.ndpa,123,pol,11604121,5037586,8837,245335041.070354
D9151-A-2_L_2024_02_02_16_08_52_Texas.ndpi.ndpa,124,pol,11608036,5075481,8837,245335041.070354
D9151-A-2_L_2024_02_02_16_08_52_Texas.ndpi.ndpa,125,pol,11605374,5093176,8837,245335041.070354
D9151-A-2_L_2024_02_02_16_08_52_Texas.ndpi.ndpa,126,pol,11654542,5056064,8837,245335041.070354
D9151-A-2_L_2024_02_02_16_08_52_Texas.ndpi.ndpa,127,pol,11682101,5006112,12161,464609889.3535749
D9151-A-2_L_2024_02_02_16_08_52_Texas.ndpi.ndpa,128,pol,11673488,5073288,8837,245335041.070354
D9151-A-2_L_2024_02_02_16_08_52_Texas.ndpi.ndpa,129,pol,11634342,5078612,8837,245335041.070354
D9151-A-2_L_2024_02_02_16_08_52_Texas.ndpi.ndpa,130,pol,11645616,5069843,8837,245335041.070354
D9151-A-2_L_2024_02_02_16_08_52_Texas.ndpi.ndpa,131,pol,11645303,5080179,6533,134083454.05695854
D9151-A-2_L_2024_02_02_16_08_52_Texas.ndpi.ndpa,132,pol,11639823,5075637,6533,134083454.05695854
D9151-A-2_L_2024_02_02_16_08_52_Texas.ndpi.ndpa,133,pol,11600520,5060292,8837,245335041.070354
D9151-A-2_L_2024_02_02_16_08_52_Texas.ndpi.ndpa,134,pol,11574372,5006895,8837,245335041.070354
D9151-A-2_L_2024_02_02_16_08_52_Texas.ndpi.ndpa,135,pol,11411054,5080804,8837,245335041.070354
D9151-A-2_L_2024_02_02_16_08_52_Texas.ndpi.ndpa,136,pol,11422328,5074541,8837,245335041.070354
D9151-A-2_L_2024_02_02_16_08_52_Texas.ndpi.ndpa,137,pol,11395082,5031009,8837,245335041.070354
D9151-A-2_L_2024_02_02_16_08_52_Texas.ndpi.ndpa,138,pol,11385217,4997656,8837,245335041.070354
D9151-A-2_L_2024_02_02_16_08_52_Texas.ndpi.ndpa,139,pol,11450044,4979179,8837,245335041.070354
D9151-A-2_L_2024_02_02_16_08_52_Texas.ndpi.ndpa,140,pol,11537888,5034298,8837,245335041.070354
D9151-A-2_L_2024_02_02_16_08_52_Texas.ndpi.ndpa,141,pol,11516123,5080491,8837,245335041.070354
D9151-A-2_L_2024_02_02_16_08_52_Texas.ndpi.ndpa,142,pol,11500778,5101004,7854,193790135.57996494
D9151-A-2_L_2024_02_02_16_08_52_Texas.ndpi.ndpa,143,pol,11426869,5102257,6495,132528164.63150176
D9151-A-2_L_2024_02_02_16_08_52_Texas.ndpi.ndpa,144,pol,11337466,5077361,8837,245335041.070354
D9151-A-2_L_2024_02_02_16_08_52_Texas.ndpi.ndpa,145,pol,11228483,5088008,8837,245335041.070354
D9151-A-2_L_2024_02_02_16_08_52_Texas.ndpi.ndpa,146,pol,11209849,5068591,8837,245335041.070354
D9151-A-2_L_2024_02_02_16_08_52_Texas.ndpi.ndpa,147,pol,11193095,5010810,8837,245335041.070354
D9151-A-2_L_2024_02_02_16_08_52_Texas.ndpi.ndpa,148,pol,11132340,4974951,8837,245335041.070354
D9151-A-2_L_2024_02_02_16_08_52_Texas.ndpi.ndpa,149,pol,11128425,5037274,8837,245335041.070354
D9151-A-2_L_2024_02_02_16_08_52_Texas.ndpi.ndpa,150,pol,11100396,5047608,8837,245335041.070354
D9151-A-2_L_2024_02_02_16_08_52_Texas.ndpi.ndpa,151,pol,11116211,5020675,8837,245335041.070354
D9151-A-2_L_2024_02_02_16_08_52_Texas.ndpi.ndpa,152,pol,11285010,5051367,8837,245335041.070354
D9151-A-2_L_2024_02_02_16_08_52_Texas.ndpi.ndpa,153,pol,11175087,4988418,8837,245335041.070354
D9151-A-2_L_2024_02_02_16_08_52_Texas.ndpi.ndpa,154,pol,11176966,5000475,8837,245335041.070354
D9151-A-2_L_2024_02_02_16_08_52_Texas.ndpi.ndpa,155,pol,11175244,5011280,8837,245335041.070354
D9151-A-2_L_2024_02_02_16_08_52_Texas.ndpi.ndpa,156,pol,11274519,5028035,6976,152884274.45166215
D9151-A-2_L_2024_02_02_16_08_52_Texas.ndpi.ndpa,157,pol,11141110,5006269,8837,245335041.070354
D9151-A-2_L_2024_02_02_16_08_52_Texas.ndpi.ndpa,158,pol,11058595,5095368,8837,245335041.070354
D9151-A-2_L_2024_02_02_16_08_52_Texas.ndpi.ndpa,159,pol,10983277,5071097,8837,245335041.070354
D9151-A-2_L_2024_02_02_16_08_52_Texas.ndpi.ndpa,160,pol,10976075,5009087,8837,245335041.070354
D9151-A-2_L_2024_02_02_16_08_52_Texas.ndpi.ndpa,161,pol,11043876,5072976,8837,245335041.070354
D9151-A-2_L_2024_02_02_16_08_52_Texas.ndpi.ndpa,162,pol,11055933,5072819,8837,245335041.070354
D9151-A-2_L_2024_02_02_16_08_52_Texas.ndpi.ndpa,163,pol,10926280,5049331,8837,245335041.070354
D9151-A-2_L_2024_02_02_16_08_52_Texas.ndpi.ndpa,164,pol,10985313,5030227,6821,146165868.6062175
D9151-A-2_L_2024_02_02_16_08_52_Texas.ndpi.ndpa,165,pol,10906394,5030853,8837,245335041.070354
D9151-A-2_L_2024_02_02_16_08_52_Texas.ndpi.ndpa,166,pol,10873041,4982781,8837,245335041.070354
D9151-A-2_L_2024_02_02_16_08_52_Texas.ndpi.ndpa,167,pol,10856130,4984973,8837,245335041.070354
D9151-A-2_L_2024_02_02_16_08_52_Texas.ndpi.ndpa,168,pol,10842820,5060605,7830,192607589.83967125
D9151-A-2_L_2024_02_02_16_08_52_Texas.ndpi.ndpa,169,pol,10876486,5019736,8837,245335041.070354
D9151-A-2_L_2024_02_02_16_08_52_Texas.ndpi.ndpa,170,pol,10864116,5032889,15848,789039596.0085949
D9151-A-2_L_2024_02_02_16_08_52_Texas.ndpi.ndpa,171,pol,10890109,5076890,16340,838791415.500799
D9151-A-2_L_2024_02_02_16_08_52_Texas.ndpi.ndpa,172,pol,10856756,5097090,6784,144584437.98829022
D9151-A-2_L_2024_02_02_16_08_52_Texas.ndpi.ndpa,173,pol,10873981,5105233,8837,245335041.070354
D9151-A-2_L_2024_02_02_16_08_52_Texas.ndpi.ndpa,174,pol,10898722,5104763,8837,245335041.070354
D9151-A-2_L_2024_02_02_16_08_52_Texas.ndpi.ndpa,175,pol,10820122,5020205,14208,634184713.5826713
D9151-A-2_L_2024_02_02_16_08_52_Texas.ndpi.ndpa,176,pol,10725701,5016447,14376,649270993.3635867
D9151-A-2_L_2024_02_02_16_08_52_Texas.ndpi.ndpa,177,pol,10695950,5010653,8837,245335041.070354
D9151-A-2_L_2024_02_02_16_08_52_Texas.ndpi.ndpa,178,pol,10779097,4984659,8837,245335041.070354
D9151-A-2_L_2024_02_02_16_08_52_Texas.ndpi.ndpa,179,pol,10778157,4979492,8837,245335041.070354
D9151-A-2_L_2024_02_02_16_08_52_Texas.ndpi.ndpa,180,pol,10663224,5005173,8837,245335041.070354
D9151-A-2_L_2024_02_02_16_08_52_Texas.ndpi.ndpa,181,pol,10648348,5025999,8837,245335041.070354
D9151-A-2_L_2024_02_02_16_08_52_Texas.ndpi.ndpa,182,pol,10658526,5034455,8837,245335041.070354
D9151-A-2_L_2024_02_02_16_08_52_Texas.ndpi.ndpa,183,pol,10664790,5030853,6251,122757736.08061382
D9151-A-2_L_2024_02_02_16_08_52_Texas.ndpi.ndpa,184,pol,10774086,5084250,8837,245335041.070354
D9151-A-2_L_2024_02_02_16_08_52_Texas.ndpi.ndpa,185,pol,10703466,5050583,7172,161595936.01280788
D9151-A-2_L_2024_02_02_16_08_52_Texas.ndpi.ndpa,186,pol,10665730,5078299,16498,855091267.3910549
D9151-A-2_L_2024_02_02_16_08_52_Texas.ndpi.ndpa,187,pol,10726015,5060448,19113,1147645061.7970235
D9151-A-2_L_2024_02_02_16_08_52_Texas.ndpi.ndpa,188,pol,10702058,5059352,8837,245335041.070354
D9151-A-2_L_2024_02_02_16_08_52_Texas.ndpi.ndpa,189,pol,10537022,5033986,8837,245335041.070354
D9151-A-2_L_2024_02_02_16_08_52_Texas.ndpi.ndpa,190,pol,10608111,4975108,8837,245335041.070354
D9151-A-2_L_2024_02_02_16_08_52_Texas.ndpi.ndpa,191,pol,10524651,4978241,8837,245335041.070354
D9151-A-2_L_2024_02_02_16_08_52_Texas.ndpi.ndpa,192,pol,10467498,5023964,12334,477922812.3381699
D9151-A-2_L_2024_02_02_16_08_52_Texas.ndpi.ndpa,193,pol,10563328,5012690,13809,599065531.0337968
D9151-A-2_L_2024_02_02_16_08_52_Texas.ndpi.ndpa,194,pol,10558004,4992333,8198,211137658.35471055
D9151-A-2_L_2024_02_02_16_08_52_Texas.ndpi.ndpa,195,pol,10503356,4967592,7660,184334833.90497327
D9151-A-2_L_2024_02_02_16_08_52_Texas.ndpi.ndpa,196,pol,10454970,5041189,6533,134083454.05695854
D9151-A-2_L_2024_02_02_16_08_52_Texas.ndpi.ndpa,197,pol,10548609,5047922,7284,166682400.7136408
D9151-A-2_L_2024_02_02_16_08_52_Texas.ndpi.ndpa,198,pol,10428201,4996091,8837,245335041.070354
D9151-A-2_L_2024_02_02_16_08_52_Texas.ndpi.ndpa,199,pol,10228242,5061859,8837,245335041.070354
D9151-A-2_L_2024_02_02_16_08_52_Texas.ndpi.ndpa,200,pol,10282577,5068279,8837,245335041.070354
D9151-A-2_L_2024_02_02_16_08_52_Texas.ndpi.ndpa,201,pol,10287118,5076108,8837,245335041.070354
D9151-A-2_L_2024_02_02_16_08_52_Texas.ndpi.ndpa,202,pol,10324698,5042598,8837,245335041.070354
D9151-A-2_L_2024_02_02_16_08_52_Texas.ndpi.ndpa,203,pol,10311076,4983408,7653,183998083.4468423
D9151-A-2_L_2024_02_02_16_08_52_Texas.ndpi.ndpa,204,pol,10348343,5010654,8837,245335041.070354
D9151-A-2_L_2024_02_02_16_08_52_Texas.ndpi.ndpa,205,pol,10353197,5021459,8837,245335041.070354
D9151-A-2_L_2024_02_02_16_08_52_Texas.ndpi.ndpa,206,pol,10352727,5039936,8837,245335041.070354
D9151-A-2_L_2024_02_02_16_08_52_Texas.ndpi.ndpa,207,pol,10392813,5060763,8837,245335041.070354
D9151-A-2_L_2024_02_02_16_08_52_Texas.ndpi.ndpa,208,pol,10380600,5017387,8837,245335041.070354
D9151-A-2_L_2024_02_02_16_08_52_Texas.ndpi.ndpa,209,pol,10384201,5009871,8837,245335041.070354
D9151-A-2_L_2024_02_02_16_08_52_Texas.ndpi.ndpa,210,pol,10420998,5074543,8837,245335041.070354
D9151-A-2_L_2024_02_02_16_08_52_Texas.ndpi.ndpa,211,pol,10406906,5073446,8837,245335041.070354
D9151-A-2_L_2024_02_02_16_08_52_Texas.ndpi.ndpa,212,pol,10163733,5006270,8837,245335041.070354
D9151-A-2_L_2024_02_02_16_08_52_Texas.ndpi.ndpa,213,pol,10164830,4995622,8837,245335041.070354
D9151-A-2_L_2024_02_02_16_08_52_Texas.ndpi.ndpa,214,pol,10093739,4987166,8837,245335041.070354
D9151-A-2_L_2024_02_02_16_08_52_Texas.ndpi.ndpa,215,pol,10085910,5015039,8837,245335041.070354
D9151-A-2_L_2024_02_02_16_08_52_Texas.ndpi.ndpa,216,pol,10107049,5044634,8837,245335041.070354
D9151-A-2_L_2024_02_02_16_08_52_Texas.ndpi.ndpa,217,pol,10114878,5063581,8837,245335041.070354
D9151-A-2_L_2024_02_02_16_08_52_Texas.ndpi.ndpa,218,pol,10124743,5070628,8837,245335041.070354
D9151-A-2_L_2024_02_02_16_08_52_Texas.ndpi.ndpa,219,pol,10134922,5075482,8837,245335041.070354
D9151-A-2_L_2024_02_02_16_08_52_Texas.ndpi.ndpa,220,pol,10141498,5067966,8837,245335041.070354
D9151-A-2_L_2024_02_02_16_08_52_Texas.ndpi.ndpa,221,pol,10200218,5050741,8837,245335041.070354
D9151-A-2_L_2024_02_02_16_08_52_Texas.ndpi.ndpa,222,fun,9914613,5071254,14344,646383744.0512315
D9151-A-2_L_2024_02_02_16_08_52_Texas.ndpi.ndpa,223,pol,9991653,5023338,6863,147971429.86882988
D9151-A-2_L_2024_02_02_16_08_52_Texas.ndpi.ndpa,224,pol,9893787,4977614,6517,133427489.510889
D9151-A-2_L_2024_02_02_16_08_52_Texas.ndpi.ndpa,225,pol,9889872,4968219,6516,133386545.13383475
D9151-A-2_L_2024_02_02_16_08_52_Texas.ndpi.ndpa,226,pol,9846655,5019893,5734,103291658.30877133
D9151-A-2_L_2024_02_02_16_08_52_Texas.ndpi.ndpa,227,pol,9920876,4970724,8837,245335041.070354
D9151-A-2_L_2024_02_02_16_08_52_Texas.ndpi.ndpa,228,pol,9991496,5009871,8837,245335041.070354
D9151-A-2_L_2024_02_02_16_08_52_Texas.ndpi.ndpa,229,pol,9996664,4990298,8837,245335041.070354
D9151-A-2_L_2024_02_02_16_08_52_Texas.ndpi.ndpa,230,pol,9998542,4981059,8837,245335041.070354
D9151-A-2_L_2024_02_02_16_08_52_Texas.ndpi.ndpa,231,pol,10025945,4979963,8837,245335041.070354
D9151-A-2_L_2024_02_02_16_08_52_Texas.ndpi.ndpa,232,pol,9937788,5049488,8837,245335041.070354
D9151-A-2_L_2024_02_02_16_08_52_Texas.ndpi.ndpa,233,pol,9985859,5071880,8837,245335041.070354
D9151-A-2_L_2024_02_02_16_08_52_Texas.ndpi.ndpa,234,pol,9919780,5016604,8837,245335041.070354
D9151-A-2_L_2024_02_02_16_08_52_Texas.ndpi.ndpa,235,pol,9901303,5013473,8837,245335041.070354
D9151-A-2_L_2024_02_02_16_08_52_Texas.ndpi.ndpa,236,pol,9889716,5046826,8837,245335041.070354
D9151-A-2_L_2024_02_02_16_08_52_Texas.ndpi.ndpa,237,pol,9861374,5065304,8837,245335041.070354
D9151-A-2_L_2024_02_02_16_08_52_Texas.ndpi.ndpa,238,pol,9869516,5048549,8837,245335041.070354
D9151-A-2_L_2024_02_02_16_08_52_Texas.ndpi.ndpa,239,pol,9874527,5037901,8837,245335041.070354
D9151-A-2_L_2024_02_02_16_08_52_Texas.ndpi.ndpa,240,pol,9974599,5099548,8837,245335041.070354
D9151-A-2_L_2024_02_02_16_08_52_Texas.ndpi.ndpa,241,pol,9932910,5178540,8837,245335041.070354
D9151-A-2_L_2024_02_02_16_08_52_Texas.ndpi.ndpa,242,pol,10016964,5168075,8837,245335041.070354
D9151-A-2_L_2024_02_02_16_08_52_Texas.ndpi.ndpa,243,pol,9921263,5121996,8837,245335041.070354
D9151-A-2_L_2024_02_02_16_08_52_Texas.ndpi.ndpa,244,pol,10060172,5113220,8837,245335041.070354
D9151-A-2_L_2024_02_02_16_08_52_Texas.ndpi.ndpa,245,pol,10023040,5187823,8837,245335041.070354
D9151-A-2_L_2024_02_02_16_08_52_Texas.ndpi.ndpa,246,pol,10055109,5174320,8837,245335041.070354
D9151-A-2_L_2024_02_02_16_08_52_Texas.ndpi.ndpa,247,pol,9878392,5139888,7096,158189293.47022003
D9151-A-2_L_2024_02_02_16_08_52_Texas.ndpi.ndpa,248,pol,10039750,5100223,6591,136474809.25212985
D9151-A-2_L_2024_02_02_16_08_52_Texas.ndpi.ndpa,249,pol,10067092,5089589,8061,204139814.1259144
D9151-A-2_L_2024_02_02_16_08_52_Texas.ndpi.ndpa,250,pol,9966835,5199807,7398,171940635.13440144
D9151-A-2_L_2024_02_02_16_08_52_Texas.ndpi.ndpa,251,pol,9956877,5196093,7780,190155576.77354443
D9151-A-2_L_2024_02_02_16_08_52_Texas.ndpi.ndpa,252,pol,10097811,5183097,11956,449077902.3981167
D9151-A-2_L_2024_02_02_16_08_52_Texas.ndpi.ndpa,253,pol,10112664,5187992,8837,245335041.070354
D9151-A-2_L_2024_02_02_16_08_52_Texas.ndpi.ndpa,254,pol,10115196,5178202,8837,245335041.070354
D9151-A-2_L_2024_02_02_16_08_52_Texas.ndpi.ndpa,255,pol,10237226,5185292,8837,245335041.070354
D9151-A-2_L_2024_02_02_16_08_52_Texas.ndpi.ndpa,256,pol,9952771,5229699,8837,245335041.070354
D9151-A-2_L_2024_02_02_16_08_52_Texas.ndpi.ndpa,257,pol,10032764,5215931,8837,245335041.070354
D9151-A-2_L_2024_02_02_16_08_52_Texas.ndpi.ndpa,258,pol,10159472,5208960,8837,245335041.070354
D9151-A-2_L_2024_02_02_16_08_52_Texas.ndpi.ndpa,259,pol,10195024,5222728,8837,245335041.070354
D9151-A-2_L_2024_02_02_16_08_52_Texas.ndpi.ndpa,260,pol,10218028,5223948,8837,245335041.070354
D9151-A-2_L_2024_02_02_16_08_52_Texas.ndpi.ndpa,261,pol,10246610,5206171,8837,245335041.070354
D9151-A-2_L_2024_02_02_16_08_52_Texas.ndpi.ndpa,262,pol,10236153,5207391,8837,245335041.070354
D9151-A-2_L_2024_02_02_16_08_52_Texas.ndpi.ndpa,263,pol,10269091,5138551,8837,245335041.070354
D9151-A-2_L_2024_02_02_16_08_52_Texas.ndpi.ndpa,264,pol,10285648,5105960,8837,245335041.070354
D9151-A-2_L_2024_02_02_16_08_52_Texas.ndpi.ndpa,265,pol,10285299,5095503,8837,245335041.070354
D9151-A-2_L_2024_02_02_16_08_52_Texas.ndpi.ndpa,266,pol,10388122,5217325,8837,245335041.070354
D9151-A-2_L_2024_02_02_16_08_52_Texas.ndpi.ndpa,267,pol,10308604,4992089,10323,334781713.12112576
D9151-A-2_L_2024_02_02_16_08_52_Texas.ndpi.ndpa,268,pol,10253906,5081232,8837,245335041.070354
D9151-A-2_L_2024_02_02_16_08_52_Texas.ndpi.ndpa,269,pol,10347281,5028822,7118,159171694.6257388
D9151-A-2_L_2024_02_02_16_08_52_Texas.ndpi.ndpa,270,pol,10672948,5062809,12278,473592843.14832133
D9151-A-2_L_2024_02_02_16_08_52_Texas.ndpi.ndpa,271,pol,11001360,5064754,8117,206985996.53910184
D9151-A-2_L_2024_02_02_16_08_52_Texas.ndpi.ndpa,272,pol,11040724,5049191,8837,245335041.070354
D9151-A-2_L_2024_02_02_16_08_52_Texas.ndpi.ndpa,273,pol,10303111,5079401,8837,245335041.070354
D9151-A-2_L_2024_02_02_16_08_52_Texas.ndpi.ndpa,274,pol,10193488,5026076,6433,130010065.02231401
D9151-A-2_L_2024_02_02_16_08_52_Texas.ndpi.ndpa,275,pol,10158129,5085467,8837,245335041.070354
D9151-A-2_L_2024_02_02_16_08_52_Texas.ndpi.ndpa,276,pol,10207906,5082491,8837,245335041.070354
D9151-A-2_L_2024_02_02_16_08_52_Texas.ndpi.ndpa,277,pol,10239145,5084093,8837,245335041.070354
D9151-A-2_L_2024_02_02_16_08_52_Texas.ndpi.ndpa,278,pol,10356320,5115905,8837,245335041.070354
D9151-A-2_L_2024_02_02_16_08_52_Texas.ndpi.ndpa,279,pol,10494552,5115448,8837,245335041.070354
D9151-A-2_L_2024_02_02_16_08_52_Texas.ndpi.ndpa,280,pol,10491691,5158588,8837,245335041.070354
D9151-A-2_L_2024_02_02_16_08_52_Texas.ndpi.ndpa,281,pol,10538607,5161678,8837,245335041.070354
D9151-A-2_L_2024_02_02_16_08_52_Texas.ndpi.ndpa,282,pol,10566757,5120025,8837,245335041.070354
D9151-A-2_L_2024_02_02_16_08_52_Texas.ndpi.ndpa,283,pol,10563552,5102974,8837,245335041.070354
D9151-A-2_L_2024_02_02_16_08_52_Texas.ndpi.ndpa,284,pol,10493293,5173236,8837,245335041.070354
D9151-A-2_L_2024_02_02_16_08_52_Texas.ndpi.ndpa,285,pol,10487457,5174952,8837,245335041.070354
D9151-A-2_L_2024_02_02_16_08_52_Texas.ndpi.ndpa,286,pol,10473382,5179415,8837,245335041.070354
D9151-A-2_L_2024_02_02_16_08_52_Texas.ndpi.ndpa,287,pol,10719292,5101487,8837,245335041.070354
D9151-A-2_L_2024_02_02_16_08_52_Texas.ndpi.ndpa,288,pol,10777765,5099198,8837,245335041.070354
D9151-A-2_L_2024_02_02_16_08_52_Texas.ndpi.ndpa,289,pol,10790238,5137762,8837,245335041.070354
D9151-A-2_L_2024_02_02_16_08_52_Texas.ndpi.ndpa,290,pol,10788750,5148404,8837,245335041.070354
D9151-A-2_L_2024_02_02_16_08_52_Texas.ndpi.ndpa,291,pol,10799392,5176096,8837,245335041.070354
D9151-A-2_L_2024_02_02_16_08_52_Texas.ndpi.ndpa,292,pol,10831776,5145886,8837,245335041.070354
D9151-A-2_L_2024_02_02_16_08_52_Texas.ndpi.ndpa,293,pol,10734740,5155041,8837,245335041.070354
D9151-A-2_L_2024_02_02_16_08_52_Texas.ndpi.ndpa,294,pol,10896314,5131239,8837,245335041.070354
D9151-A-2_L_2024_02_02_16_08_52_Texas.ndpi.ndpa,295,pol,10901120,5169460,8837,245335041.070354
D9151-A-2_L_2024_02_02_16_08_52_Texas.ndpi.ndpa,296,pol,10981793,5117851,8837,245335041.070354
D9151-A-2_L_2024_02_02_16_08_52_Texas.ndpi.ndpa,297,pol,10986141,5152981,8837,245335041.070354
D9151-A-2_L_2024_02_02_16_08_52_Texas.ndpi.ndpa,298,pol,11028251,5132498,8837,245335041.070354
D9151-A-2_L_2024_02_02_16_08_52_Texas.ndpi.ndpa,299,pol,10945862,5174037,8837,245335041.070354
D9151-A-2_L_2024_02_02_16_08_52_Texas.ndpi.ndpa,300,pol,11056973,5159848,8837,245335041.070354
D9151-A-2_L_2024_02_02_16_08_52_Texas.ndpi.ndpa,301,pol,11047590,5165111,8837,245335041.070354
D9151-A-2_L_2024_02_02_16_08_52_Texas.ndpi.ndpa,302,pol,11230105,5138906,8837,245335041.070354
D9151-A-2_L_2024_02_02_16_08_52_Texas.ndpi.ndpa,303,pol,11232279,5175868,8837,245335041.070354
D9151-A-2_L_2024_02_02_16_08_52_Texas.ndpi.ndpa,304,pol,11115561,5122771,11400,408281381.2605295
D9151-A-2_L_2024_02_02_16_08_52_Texas.ndpi.ndpa,305,pol,11282857,5133070,8837,245335041.070354
D9151-A-2_L_2024_02_02_16_08_52_Texas.ndpi.ndpa,306,pol,11343047,5109268,8837,245335041.070354
D9151-A-2_L_2024_02_02_16_08_52_Texas.ndpi.ndpa,307,pol,11357579,5153668,8837,245335041.070354
D9151-A-2_L_2024_02_02_16_08_52_Texas.ndpi.ndpa,308,pol,11316384,5181590,8837,245335041.070354
D9151-A-2_L_2024_02_02_16_08_52_Texas.ndpi.ndpa,309,pol,11307116,5182848,8837,245335041.070354
D9151-A-2_L_2024_02_02_16_08_52_Texas.ndpi.ndpa,310,pol,11393167,5134329,8837,245335041.070354
D9151-A-2_L_2024_02_02_16_08_52_Texas.ndpi.ndpa,311,pol,11401520,5158474,8837,245335041.070354
D9151-A-2_L_2024_02_02_16_08_52_Texas.ndpi.ndpa,312,pol,11408729,5167972,8837,245335041.070354
D9151-A-2_L_2024_02_02_16_08_52_Texas.ndpi.ndpa,313,pol,11419944,5132842,8837,245335041.070354
D9151-A-2_L_2024_02_02_16_08_52_Texas.ndpi.ndpa,314,pol,11266951,5103203,7256,165403395.51251134
D9151-A-2_L_2024_02_02_16_08_52_Texas.ndpi.ndpa,315,pol,11383669,5116935,11735,432629431.1841975
D9151-A-2_L_2024_02_02_16_08_52_Texas.ndpi.ndpa,316,pol,11516293,5120940,10837,368950428.8038052
D9151-A-2_L_2024_02_02_16_08_52_Texas.ndpi.ndpa,317,pol,11470407,5168430,8837,245335041.070354
D9151-A-2_L_2024_02_02_16_08_52_Texas.ndpi.ndpa,318,pol,11509428,5139936,8837,245335041.070354
D9151-A-2_L_2024_02_02_16_08_52_Texas.ndpi.ndpa,319,pol,11540324,5124259,8837,245335041.070354
D9151-A-2_L_2024_02_02_16_08_52_Texas.ndpi.ndpa,320,pol,11558289,5135359,8837,245335041.070354
D9151-A-2_L_2024_02_02_16_08_52_Texas.ndpi.ndpa,321,pol,11507482,5124145,8837,245335041.070354
D9151-A-2_L_2024_02_02_16_08_52_Texas.ndpi.ndpa,322,pol,11433904,5164082,8837,245335041.070354
D9151-A-2_L_2024_02_02_16_08_52_Texas.ndpi.ndpa,323,pol,11483795,5139593,8837,245335041.070354
D9151-A-2_L_2024_02_02_16_08_52_Texas.ndpi.ndpa,324,pol,11484024,5134100,8837,245335041.070354
D9151-A-2_L_2024_02_02_16_08_52_Texas.ndpi.ndpa,325,pol,11680729,5139821,8837,245335041.070354
D9151-A-2_L_2024_02_02_16_08_52_Texas.ndpi.ndpa,326,pol,11672833,5153668,8837,245335041.070354
D9151-A-2_L_2024_02_02_16_08_52_Texas.ndpi.ndpa,327,pol,11674092,5219009,8837,245335041.070354
D9151-A-2_L_2024_02_02_16_08_52_Texas.ndpi.ndpa,328,pol,11588498,5219352,8837,245335041.070354
D9151-A-2_L_2024_02_02_16_08_52_Texas.ndpi.ndpa,329,pol,11577399,5219580,8837,245335041.070354
D9151-A-2_L_2024_02_02_16_08_52_Texas.ndpi.ndpa,330,pol,11635872,5242353,8837,245335041.070354
D9151-A-2_L_2024_02_02_16_08_52_Texas.ndpi.ndpa,331,pol,11652121,5248418,8837,245335041.070354
D9151-A-2_L_2024_02_02_16_08_52_Texas.ndpi.ndpa,332,pol,11553826,5251393,8837,245335041.070354
D9151-A-2_L_2024_02_02_16_08_52_Texas.ndpi.ndpa,333,pol,11539751,5250134,8837,245335041.070354
D9151-A-2_L_2024_02_02_16_08_52_Texas.ndpi.ndpa,334,pol,11533801,5232512,8837,245335041.070354
D9151-A-2_L_2024_02_02_16_08_52_Texas.ndpi.ndpa,335,pol,11522244,5240178,8837,245335041.070354
D9151-A-2_L_2024_02_02_16_08_52_Texas.ndpi.ndpa,336,pol,11533686,5259975,8837,245335041.070354
D9151-A-2_L_2024_02_02_16_08_52_Texas.ndpi.ndpa,337,pol,11445118,5235029,8837,245335041.070354
D9151-A-2_L_2024_02_02_16_08_52_Texas.ndpi.ndpa,338,pol,11440999,5221755,8837,245335041.070354
D9151-A-2_L_2024_02_02_16_08_52_Texas.ndpi.ndpa,339,pol,11473382,5253681,8837,245335041.070354
D9151-A-2_L_2024_02_02_16_08_52_Texas.ndpi.ndpa,340,pol,11469606,5243955,8837,245335041.070354
D9151-A-2_L_2024_02_02_16_08_52_Texas.ndpi.ndpa,341,pol,11442715,5197381,8837,245335041.070354
D9151-A-2_L_2024_02_02_16_08_52_Texas.ndpi.ndpa,342,pol,11460910,5251965,8837,245335041.070354
D9151-A-2_L_2024_02_02_16_08_52_Texas.ndpi.ndpa,343,pol,11408844,5235029,8837,245335041.070354
D9151-A-2_L_2024_02_02_16_08_52_Texas.ndpi.ndpa,344,pol,11349913,5202645,8837,245335041.070354
D9151-A-2_L_2024_02_02_16_08_52_Texas.ndpi.ndpa,345,pol,11318330,5229650,8837,245335041.070354
D9151-A-2_L_2024_02_02_16_08_52_Texas.ndpi.ndpa,346,pol,11349684,5231482,8837,245335041.070354
D9151-A-2_L_2024_02_02_16_08_52_Texas.ndpi.ndpa,347,pol,11267981,5227591,8837,245335041.070354
D9151-A-2_L_2024_02_02_16_08_52_Texas.ndpi.ndpa,348,pol,11236856,5259747,8837,245335041.070354
D9151-A-2_L_2024_02_02_16_08_52_Texas.ndpi.ndpa,349,pol,11131238,5189141,8837,245335041.070354
D9151-A-2_L_2024_02_02_16_08_52_Texas.ndpi.ndpa,350,pol,11054227,5228621,8837,245335041.070354
D9151-A-2_L_2024_02_02_16_08_52_Texas.ndpi.ndpa,351,pol,11011659,5204590,8837,245335041.070354
D9151-A-2_L_2024_02_02_16_08_52_Texas.ndpi.ndpa,352,pol,11002848,5197152,8837,245335041.070354
D9151-A-2_L_2024_02_02_16_08_52_Texas.ndpi.ndpa,353,pol,10997584,5200127,8837,245335041.070354
D9151-A-2_L_2024_02_02_16_08_52_Texas.ndpi.ndpa,354,pol,10992206,5192460,8837,245335041.070354
D9151-A-2_L_2024_02_02_16_08_52_Texas.ndpi.ndpa,355,pol,10941857,5190172,8837,245335041.070354
D9151-A-2_L_2024_02_02_16_08_52_Texas.ndpi.ndpa,356,pol,10947006,5185709,8837,245335041.070354
D9151-A-2_L_2024_02_02_16_08_52_Texas.ndpi.ndpa,357,pol,10948494,5191087,8837,245335041.070354
D9151-A-2_L_2024_02_02_16_08_52_Texas.ndpi.ndpa,358,pol,10900777,5257229,8837,245335041.070354
D9151-A-2_L_2024_02_02_16_08_52_Texas.ndpi.ndpa,359,pol,10841388,5254940,8837,245335041.070354
D9151-A-2_L_2024_02_02_16_08_52_Texas.ndpi.ndpa,360,pol,10827656,5190057,8837,245335041.070354
D9151-A-2_L_2024_02_02_16_08_52_Texas.ndpi.ndpa,361,pol,10711853,5252880,8837,245335041.070354
D9151-A-2_L_2024_02_02_16_08_52_Texas.ndpi.ndpa,362,pol,10648917,5229079,8837,245335041.070354
D9151-A-2_L_2024_02_02_16_08_52_Texas.ndpi.ndpa,363,pol,10645370,5212257,8837,245335041.070354
D9151-A-2_L_2024_02_02_16_08_52_Texas.ndpi.ndpa,364,pol,10634957,5200356,8837,245335041.070354
D9151-A-2_L_2024_02_02_16_08_52_Texas.ndpi.ndpa,365,pol,10484940,5225073,8837,245335041.070354
D9151-A-2_L_2024_02_02_16_08_52_Texas.ndpi.ndpa,366,pol,10486770,5216834,8837,245335041.070354
D9151-A-2_L_2024_02_02_16_08_52_Texas.ndpi.ndpa,367,pol,10532657,5192117,8837,245335041.070354
D9151-A-2_L_2024_02_02_16_08_52_Texas.ndpi.ndpa,368,pol,10319721,5216188,8837,245335041.070354
D9151-A-2_L_2024_02_02_16_08_52_Texas.ndpi.ndpa,369,pol,10319236,5209890,8837,245335041.070354
D9151-A-2_L_2024_02_02_16_08_52_Texas.ndpi.ndpa,370,pol,10311001,5208760,8837,245335041.070354
D9151-A-2_L_2024_02_02_16_08_52_Texas.ndpi.ndpa,371,pol,10313100,5225231,8837,245335041.070354
D9151-A-2_L_2024_02_02_16_08_52_Texas.ndpi.ndpa,372,pol,10311646,5228461,8837,245335041.070354
D9151-A-2_L_2024_02_02_16_08_52_Texas.ndpi.ndpa,373,pol,10271760,5247194,8837,245335041.070354
D9151-A-2_L_2024_02_02_16_08_52_Texas.ndpi.ndpa,374,pol,10379631,5258820,8837,245335041.070354
D9151-A-2_L_2024_02_02_16_08_52_Texas.ndpi.ndpa,375,pol,10285648,5273354,7443,174038732.08013812
D9151-A-2_L_2024_02_02_16_08_52_Texas.ndpi.ndpa,376,pol,10138542,5238150,14258,638656142.4065256
D9151-A-2_L_2024_02_02_16_08_52_Texas.ndpi.ndpa,377,pol,10154044,5253814,8696,237568543.36700404
D9151-A-2_L_2024_02_02_16_08_52_Texas.ndpi.ndpa,378,pol,10231394,5225231,8253,213980187.09564188
D9151-A-2_L_2024_02_02_16_08_52_Texas.ndpi.ndpa,379,pol,9982885,5247516,9776,300242562.82388353
D9151-A-2_L_2024_02_02_16_08_52_Texas.ndpi.ndpa,380,pol,9911509,5254783,9809,302272989.8638619
D9151-A-2_L_2024_02_02_16_08_52_Texas.ndpi.ndpa,381,pol,9902951,5264634,12276,473438565.8162888
D9151-A-2_L_2024_02_02_16_08_52_Texas.ndpi.ndpa,382,pol,10886822,5269478,8286,215694827.52526668
D9151-A-2_L_2024_02_02_16_08_52_Texas.ndpi.ndpa,383,pol,11341697,5268025,8355,219302095.31630543
D9151-A-2_L_2024_02_02_16_08_52_Texas.ndpi.ndpa,384,pol,11422923,5266733,9248,268686295.06096447
D9151-A-2_L_2024_02_02_16_08_52_Texas.ndpi.ndpa,385,pol,11470076,5281590,9576,288083342.6174296
D9151-A-2_L_2024_02_02_16_08_52_Texas.ndpi.ndpa,386,pol,11516250,5300658,14430,654157816.1344693
D9151-A-2_L_2024_02_02_16_08_52_Texas.ndpi.ndpa,387,pol,11627512,5365091,10396,339533331.16897583
D9151-A-2_L_2024_02_02_16_08_52_Texas.ndpi.ndpa,388,pol,11515282,5370097,7839,193050620.37727314
D9151-A-2_L_2024_02_02_16_08_52_Texas.ndpi.ndpa,389,pol,11625252,5409338,8678,236586066.8132616
D9151-A-2_L_2024_02_02_16_08_52_Texas.ndpi.ndpa,390,pol,11594085,5409500,8429,223204003.65754643
D9151-A-2_L_2024_02_02_16_08_52_Texas.ndpi.ndpa,391,pol,11636232,5408531,7978,199957609.7465275
D9151-A-2_L_2024_02_02_16_08_52_Texas.ndpi.ndpa,392,pol,11494298,5291937,10168,324803684.9860959
D9151-A-2_L_2024_02_02_16_08_52_Texas.ndpi.ndpa,393,pol,11297612,5300496,8696,237568543.36700404
D9151-A-2_L_2024_02_02_16_08_52_Texas.ndpi.ndpa,394,pol,11577298,5428028,15136,719734151.9820706
D9151-A-2_L_2024_02_02_16_08_52_Texas.ndpi.ndpa,395,pol,11668231,5431152,9151,263079485.2273248
D9151-A-2_L_2024_02_02_16_08_52_Texas.ndpi.ndpa,396,spo,11524403,5430887,8203,211395284.6602682
D9151-A-2_L_2024_02_02_16_08_52_Texas.ndpi.ndpa,397,pol,11459126,5374903,8774,241849466.01234472
D9151-A-2_L_2024_02_02_16_08_52_Texas.ndpi.ndpa,398,pol,11418294,5308087,8745,240253376.72309577
D9151-A-2_L_2024_02_02_16_08_52_Texas.ndpi.ndpa,399,pol,11409146,5303677,8138,208058394.899368
D9151-A-2_L_2024_02_02_16_08_52_Texas.ndpi.ndpa,400,pol,11330734,5306617,9334,273706723.48421896
D9151-A-2_L_2024_02_02_16_08_52_Texas.ndpi.ndpa,401,pol,11402938,5353992,9252,268918772.9173301
D9151-A-2_L_2024_02_02_16_08_52_Texas.ndpi.ndpa,402,pol,11403429,5387482,9252,268918772.9173301
D9151-A-2_L_2024_02_02_16_08_52_Texas.ndpi.ndpa,403,pol,11347723,5429956,9252,268918772.9173301
D9151-A-2_L_2024_02_02_16_08_52_Texas.ndpi.ndpa,404,pol,11317174,5396303,9252,268918772.9173301
D9151-A-2_L_2024_02_02_16_08_52_Texas.ndpi.ndpa,405,pol,11270290,5405779,9252,268918772.9173301
D9151-A-2_L_2024_02_02_16_08_52_Texas.ndpi.ndpa,406,pol,11389216,5444986,9252,268918772.9173301
D9151-A-2_L_2024_02_02_16_08_52_Texas.ndpi.ndpa,407,pol,11415517,5439595,9252,268918772.9173301
D9151-A-2_L_2024_02_02_16_08_52_Texas.ndpi.ndpa,408,pol,11366999,5366408,9252,268918772.9173301
D9151-A-2_L_2024_02_02_16_08_52_Texas.ndpi.ndpa,409,pol,11196288,5325241,9252,268918772.9173301
D9151-A-2_L_2024_02_02_16_08_52_Texas.ndpi.ndpa,410,pol,11268983,5325567,9252,268918772.9173301
D9151-A-2_L_2024_02_02_16_08_52_Texas.ndpi.ndpa,411,pol,11241212,5292568,9252,268918772.9173301
D9151-A-2_L_2024_02_02_16_08_52_Texas.ndpi.ndpa,412,pol,11342168,5418194,9252,268918772.9173301
D9151-A-2_L_2024_02_02_16_08_52_Texas.ndpi.ndpa,413,pol,11150230,5428813,9252,268918772.9173301
D9151-A-2_L_2024_02_02_16_08_52_Texas.ndpi.ndpa,414,pol,11120988,5381275,9252,268918772.9173301
D9151-A-2_L_2024_02_02_16_08_52_Texas.ndpi.ndpa,415,pol,11096974,5331122,9252,268918772.9173301
D9151-A-2_L_2024_02_02_16_08_52_Texas.ndpi.ndpa,416,pol,11163625,5316746,9252,268918772.9173301
D9151-A-2_L_2024_02_02_16_08_52_Texas.ndpi.ndpa,417,pol,11126379,5304820,9252,268918772.9173301
D9151-A-2_L_2024_02_02_16_08_52_Texas.ndpi.ndpa,418,pol,11070020,5323280,9252,268918772.9173301
D9151-A-2_L_2024_02_02_16_08_52_Texas.ndpi.ndpa,419,pol,11075738,5351379,9252,268918772.9173301
D9151-A-2_L_2024_02_02_16_08_52_Texas.ndpi.ndpa,420,pol,11026893,5361997,9252,268918772.9173301
D9151-A-2_L_2024_02_02_16_08_52_Texas.ndpi.ndpa,421,pol,11011374,5355626,9252,268918772.9173301
D9151-A-2_L_2024_02_02_16_08_52_Texas.ndpi.ndpa,422,paly,11012844,5294038,9252,268918772.9173301
D9151-A-2_L_2024_02_02_16_08_52_Texas.ndpi.ndpa,423,pol,11022482,5426199,13885,605677779.321884
D9151-A-2_L_2024_02_02_16_08_52_Texas.ndpi.ndpa,424,pol,10931522,5310590,9252,268918772.9173301
D9151-A-2_L_2024_02_02_16_08_52_Texas.ndpi.ndpa,425,pol,10896003,5386212,9252,268918772.9173301
D9151-A-2_L_2024_02_02_16_08_52_Texas.ndpi.ndpa,426,pol,10922846,5370662,9252,268918772.9173301
D9151-A-2_L_2024_02_02_16_08_52_Texas.ndpi.ndpa,427,pol,10934140,5371972,9252,268918772.9173301
D9151-A-2_L_2024_02_02_16_08_52_Texas.ndpi.ndpa,428,pol,10882745,5339562,9252,268918772.9173301
D9151-A-2_L_2024_02_02_16_08_52_Texas.ndpi.ndpa,429,pol,10859175,5300442,9252,268918772.9173301
D9151-A-2_L_2024_02_02_16_08_52_Texas.ndpi.ndpa,430,pol,10817600,5302897,9252,268918772.9173301
D9151-A-2_L_2024_02_02_16_08_52_Texas.ndpi.ndpa,431,pol,10885527,5437281,9252,268918772.9173301
D9151-A-2_L_2024_02_02_16_08_52_Texas.ndpi.ndpa,432,pol,10807943,5356913,9252,268918772.9173301
D9151-A-2_L_2024_02_02_16_08_52_Texas.ndpi.ndpa,433,pol,10756220,5326958,9252,268918772.9173301
D9151-A-2_L_2024_02_02_16_08_52_Texas.ndpi.ndpa,434,pol,10798450,5403890,9252,268918772.9173301
D9151-A-2_L_2024_02_02_16_08_52_Texas.ndpi.ndpa,435,pol,10752128,5417967,9252,268918772.9173301
D9151-A-2_L_2024_02_02_16_08_52_Texas.ndpi.ndpa,436,pol,10920391,5446284,13675,587495497.6799678
D9151-A-2_L_2024_02_02_16_08_52_Texas.ndpi.ndpa,437,pol,10879308,5282273,9252,268918772.9173301
D9151-A-2_L_2024_02_02_16_08_52_Texas.ndpi.ndpa,438,spo,10539003,5327613,7411,172545445.12729257
D9151-A-2_L_2024_02_02_16_08_52_Texas.ndpi.ndpa,439,pol,10640959,5355649,9252,268918772.9173301
D9151-A-2_L_2024_02_02_16_08_52_Texas.ndpi.ndpa,440,pol,10643804,5411222,9252,268918772.9173301
D9151-A-2_L_2024_02_02_16_08_52_Texas.ndpi.ndpa,441,pol,10593086,5405866,9252,268918772.9173301
D9151-A-2_L_2024_02_02_16_08_52_Texas.ndpi.ndpa,442,pol,10704734,5385780,9252,268918772.9173301
D9151-A-2_L_2024_02_02_16_08_52_Texas.ndpi.ndpa,443,pol,10696699,5354142,9252,268918772.9173301
D9151-A-2_L_2024_02_02_16_08_52_Texas.ndpi.ndpa,444,pol,10608654,5338240,9252,268918772.9173301
D9151-A-2_L_2024_02_02_16_08_52_Texas.ndpi.ndpa,445,pol,10573000,5375903,9252,268918772.9173301
D9151-A-2_L_2024_02_02_16_08_52_Texas.ndpi.ndpa,446,pol,10551574,5421936,9252,268918772.9173301
D9151-A-2_L_2024_02_02_16_08_52_Texas.ndpi.ndpa,447,pol,10594760,5349121,9252,268918772.9173301
D9151-A-2_L_2024_02_02_16_08_52_Texas.ndpi.ndpa,448,pol,10618864,5324346,9252,268918772.9173301
D9151-A-2_L_2024_02_02_16_08_52_Texas.ndpi.ndpa,449,spo,10603799,5365023,6984,153235127.51921508
D9151-A-2_L_2024_02_02_16_08_52_Texas.ndpi.ndpa,450,pol,10612168,5365859,9252,268918772.9173301
D9151-A-2_L_2024_02_02_16_08_52_Texas.ndpi.ndpa,451,pol,10644474,5434992,9252,268918772.9173301
D9151-A-2_L_2024_02_02_16_08_52_Texas.ndpi.ndpa,452,pol,10605808,5403356,7715,186991443.19266513
D9151-A-2_L_2024_02_02_16_08_52_Texas.ndpi.ndpa,453,pol,10460002,5400008,9252,268918772.9173301
D9151-A-2_L_2024_02_02_16_08_52_Texas.ndpi.ndpa,454,pol,10456654,5370212,9252,268918772.9173301
D9151-A-2_L_2024_02_02_16_08_52_Texas.ndpi.ndpa,455,pol,10454143,5380590,9252,268918772.9173301
D9151-A-2_L_2024_02_02_16_08_52_Texas.ndpi.ndpa,456,pol,10519090,5310620,9252,268918772.9173301
D9151-A-2_L_2024_02_02_16_08_52_Texas.ndpi.ndpa,457,pol,10541352,5319994,9252,268918772.9173301
D9151-A-2_L_2024_02_02_16_08_52_Texas.ndpi.ndpa,458,pol,10442760,5323677,9252,268918772.9173301
D9151-A-2_L_2024_02_02_16_08_52_Texas.ndpi.ndpa,459,pol,10407944,5327359,9252,268918772.9173301
D9151-A-2_L_2024_02_02_16_08_52_Texas.ndpi.ndpa,460,pol,10430039,5306938,9252,268918772.9173301
D9151-A-2_L_2024_02_02_16_08_52_Texas.ndpi.ndpa,461,pol,10455984,5303925,9252,268918772.9173301
D9151-A-2_L_2024_02_02_16_08_52_Texas.ndpi.ndpa,462,pol,10439245,5291873,9252,268918772.9173301
D9151-A-2_L_2024_02_02_16_08_52_Texas.ndpi.ndpa,463,pol,10197193,5281495,16017,805957653.6428168
D9151-A-2_L_2024_02_02_16_08_52_Texas.ndpi.ndpa,464,pol,10279212,5289864,11599,422659825.6590719
D9151-A-2_L_2024_02_02_16_08_52_Texas.ndpi.ndpa,465,pol,10338468,5297062,9252,268918772.9173301
D9151-A-2_L_2024_02_02_16_08_52_Texas.ndpi.ndpa,466,pol,10321562,5289864,9252,268918772.9173301
D9151-A-2_L_2024_02_02_16_08_52_Texas.ndpi.ndpa,467,pol,10235190,5303590,9252,268918772.9173301
D9151-A-2_L_2024_02_02_16_08_52_Texas.ndpi.ndpa,468,pol,10282560,5323175,9252,268918772.9173301
D9151-A-2_L_2024_02_02_16_08_52_Texas.ndpi.ndpa,469,pol,10265487,5355816,9252,268918772.9173301
D9151-A-2_L_2024_02_02_16_08_52_Texas.ndpi.ndpa,470,pol,10212760,5340081,9252,268918772.9173301
D9151-A-2_L_2024_02_02_16_08_52_Texas.ndpi.ndpa,471,pol,10194682,5316312,9252,268918772.9173301
D9151-A-2_L_2024_02_02_16_08_52_Texas.ndpi.ndpa,472,pol,10244731,5413231,9252,268918772.9173301
D9151-A-2_L_2024_02_02_16_08_52_Texas.ndpi.ndpa,473,pol,10239876,5407875,9252,268918772.9173301
D9151-A-2_L_2024_02_02_16_08_52_Texas.ndpi.ndpa,474,pol,10176939,5386114,9252,268918772.9173301
D9151-A-2_L_2024_02_02_16_08_52_Texas.ndpi.ndpa,475,pol,10157522,5334892,9252,268918772.9173301
D9151-A-2_L_2024_02_02_16_08_52_Texas.ndpi.ndpa,476,pol,10161204,5299071,9252,268918772.9173301
D9151-A-2_L_2024_02_02_16_08_52_Texas.ndpi.ndpa,477,pol,10127559,5361507,9252,268918772.9173301
D9151-A-2_L_2024_02_02_16_08_52_Texas.ndpi.ndpa,478,pol,10128229,5383436,9252,268918772.9173301
D9151-A-2_L_2024_02_02_16_08_52_Texas.ndpi.ndpa,479,pol,10150994,5422940,9252,268918772.9173301
D9151-A-2_L_2024_02_02_16_08_52_Texas.ndpi.ndpa,480,pol,10174260,5429301,8840,245501642.87036654
D9151-A-2_L_2024_02_02_16_08_52_Texas.ndpi.ndpa,481,spo,10220794,5421936,7298,167323750.57068586
D9151-A-2_L_2024_02_02_16_08_52_Texas.ndpi.ndpa,482,pol,10151487,5293044,9252,268918772.9173301
D9151-A-2_L_2024_02_02_16_08_52_Texas.ndpi.ndpa,483,pol,9997993,5302586,15106,716883910.6311747
D9151-A-2_L_2024_02_02_16_08_52_Texas.ndpi.ndpa,484,pol,10080348,5381594,11099,387005890.6334814
D9151-A-2_L_2024_02_02_16_08_52_Texas.ndpi.ndpa,485,pol,10020423,5355147,16993,907172731.7739359
D9151-A-2_L_2024_02_02_16_08_52_Texas.ndpi.ndpa,486,pol,10056746,5372723,9252,268918772.9173301
D9151-A-2_L_2024_02_02_16_08_52_Texas.ndpi.ndpa,487,pol,10107464,5442525,9252,268918772.9173301
D9151-A-2_L_2024_02_02_16_08_52_Texas.ndpi.ndpa,488,pol,10034818,5441018,9252,268918772.9173301
D9151-A-2_L_2024_02_02_16_08_52_Texas.ndpi.ndpa,489,pol,9998495,5412394,9252,268918772.9173301
D9151-A-2_L_2024_02_02_16_08_52_Texas.ndpi.ndpa,490,pol,9978408,5397831,9252,268918772.9173301
D9151-A-2_L_2024_02_02_16_08_52_Texas.ndpi.ndpa,491,pol,10077167,5349790,9252,268918772.9173301
D9151-A-2_L_2024_02_02_16_08_52_Texas.ndpi.ndpa,492,pol,10045698,5291873,9252,268918772.9173301
D9151-A-2_L_2024_02_02_16_08_52_Texas.ndpi.ndpa,493,pol,9972373,5292207,9252,268918772.9173301
D9151-A-2_L_2024_02_02_16_08_52_Texas.ndpi.ndpa,494,pol,9957475,5322003,9252,268918772.9173301
D9151-A-2_L_2024_02_02_16_08_52_Texas.ndpi.ndpa,495,pol,9938059,5345438,9252,268918772.9173301
D9151-A-2_L_2024_02_02_16_08_52_Texas.ndpi.ndpa,496,pol,9914624,5351798,9252,268918772.9173301
D9151-A-2_L_2024_02_02_16_08_52_Texas.ndpi.ndpa,497,pol,9910440,5324179,9252,268918772.9173301
D9151-A-2_L_2024_02_02_16_08_52_Texas.ndpi.ndpa,498,pol,9897551,5325351,9252,268918772.9173301
D9151-A-2_L_2024_02_02_16_08_52_Texas.ndpi.ndpa,499,pol,9877464,5405532,9252,268918772.9173301
D9151-A-2_L_2024_02_02_16_08_52_Texas.ndpi.ndpa,500,pol,9946428,5415742,6663,139472793.42233875
D9151-A-2_L_2024_02_02_16_08_52_Texas.ndpi.ndpa,501,pol,9948604,5410386,6467,131387967.5601785
D9151-A-2_L_2024_02_02_16_08_52_Texas.ndpi.ndpa,502,pol,10018405,5321501,9252,268918772.9173301
D9151-A-2_L_2024_02_02_16_08_52_Texas.ndpi.ndpa,503,fun,9886838,5302083,7151,160650998.3496832
D9151-A-2_L_2024_02_02_16_08_52_Texas.ndpi.ndpa,504,pol,9824904,5436844,8449,224264479.6736922
D9151-A-2_L_2024_02_02_16_08_52_Texas.ndpi.ndpa,505,pol,9863236,5459106,9252,268918772.9173301
D9151-A-2_L_2024_02_02_16_08_52_Texas.ndpi.ndpa,506,pol,9859386,5472497,9252,268918772.9173301
D9151-A-2_L_2024_02_02_16_08_52_Texas.ndpi.ndpa,507,pol,9872610,5507482,9252,268918772.9173301
D9151-A-2_L_2024_02_02_16_08_52_Texas.ndpi.ndpa,508,pol,9830763,5520036,9252,268918772.9173301
D9151-A-2_L_2024_02_02_16_08_52_Texas.ndpi.ndpa,509,pol,9841141,5530080,9252,268918772.9173301
D9151-A-2_L_2024_02_02_16_08_52_Texas.ndpi.ndpa,510,pol,9890688,5558704,9252,268918772.9173301
D9151-A-2_L_2024_02_02_16_08_52_Texas.ndpi.ndpa,511,pol,9961995,5588165,9252,268918772.9173301
D9151-A-2_L_2024_02_02_16_08_52_Texas.ndpi.ndpa,512,pol,10035311,5478858,9252,268918772.9173301
D9151-A-2_L_2024_02_02_16_08_52_Texas.ndpi.ndpa,513,pol,10105781,5483378,9252,268918772.9173301
D9151-A-2_L_2024_02_02_16_08_52_Texas.ndpi.ndpa,514,pol,10114820,5536776,9252,268918772.9173301
D9151-A-2_L_2024_02_02_16_08_52_Texas.ndpi.ndpa,515,paly,10012051,5539454,17172,926385251.6027071
D9151-A-2_L_2024_02_02_16_08_52_Texas.ndpi.ndpa,516,pol,10089049,5552510,9252,268918772.9173301
D9151-A-2_L_2024_02_02_16_08_52_Texas.ndpi.ndpa,517,pol,10184460,5457767,9252,268918772.9173301
D9151-A-2_L_2024_02_02_16_08_52_Texas.ndpi.ndpa,518,pol,10167052,5494425,9252,268918772.9173301
D9151-A-2_L_2024_02_02_16_08_52_Texas.ndpi.ndpa,519,pol,10149476,5467810,9252,268918772.9173301
D9151-A-2_L_2024_02_02_16_08_52_Texas.ndpi.ndpa,520,pol,10185464,5538784,9252,268918772.9173301
D9151-A-2_L_2024_02_02_16_08_52_Texas.ndpi.ndpa,521,pol,10216096,5541965,9252,268918772.9173301
D9151-A-2_L_2024_02_02_16_08_52_Texas.ndpi.ndpa,522,pol,10156339,5542300,9252,268918772.9173301
D9151-A-2_L_2024_02_02_16_08_52_Texas.ndpi.ndpa,523,paly,10143952,5543638,8641,234572924.8160633
D9151-A-2_L_2024_02_02_16_08_52_Texas.ndpi.ndpa,524,pol,10251856,5532480,9252,268918772.9173301
D9151-A-2_L_2024_02_02_16_08_52_Texas.ndpi.ndpa,525,pol,10270164,5505017,9252,268918772.9173301
D9151-A-2_L_2024_02_02_16_08_52_Texas.ndpi.ndpa,526,pol,10257348,5539003,10473,344581597.24473375
D9151-A-2_L_2024_02_02_16_08_52_Texas.ndpi.ndpa,527,pol,10228398,5475951,9252,268918772.9173301
D9151-A-2_L_2024_02_02_16_08_52_Texas.ndpi.ndpa,528,pol,10195327,5544725,9252,268918772.9173301
D9151-A-2_L_2024_02_02_16_08_52_Texas.ndpi.ndpa,529,pol,10297121,5443078,9252,268918772.9173301
D9151-A-2_L_2024_02_02_16_08_52_Texas.ndpi.ndpa,530,pol,10312443,5467254,9252,268918772.9173301
D9151-A-2_L_2024_02_02_16_08_52_Texas.ndpi.ndpa,531,pol,10319253,5549486,9252,268918772.9173301
D9151-A-2_L_2024_02_02_16_08_52_Texas.ndpi.ndpa,532,pol,10341385,5531950,9252,268918772.9173301
D9151-A-2_L_2024_02_02_16_08_52_Texas.ndpi.ndpa,533,pol,10415273,5548635,9252,268918772.9173301
D9151-A-2_L_2024_02_02_16_08_52_Texas.ndpi.ndpa,534,pol,10419018,5505220,9252,268918772.9173301
D9151-A-2_L_2024_02_02_16_08_52_Texas.ndpi.ndpa,535,pol,10431276,5514584,7112,158903465.4449753
D9151-A-2_L_2024_02_02_16_08_52_Texas.ndpi.ndpa,536,pol,10343244,5453666,9252,268918772.9173301
D9151-A-2_L_2024_02_02_16_08_52_Texas.ndpi.ndpa,537,pol,10389906,5596286,9252,268918772.9173301
D9151-A-2_L_2024_02_02_16_08_52_Texas.ndpi.ndpa,538,pol,10491298,5575937,9252,268918772.9173301
D9151-A-2_L_2024_02_02_16_08_52_Texas.ndpi.ndpa,539,pol,10514278,5593655,9252,268918772.9173301
D9151-A-2_L_2024_02_02_16_08_52_Texas.ndpi.ndpa,540,pol,10513226,5513135,9252,268918772.9173301
D9151-A-2_L_2024_02_02_16_08_52_Texas.ndpi.ndpa,541,pol,10481300,5501557,9252,268918772.9173301
D9151-A-2_L_2024_02_02_16_08_52_Texas.ndpi.ndpa,542,pol,10502175,5469279,9252,268918772.9173301
D9151-A-2_L_2024_02_02_16_08_52_Texas.ndpi.ndpa,543,pol,10517962,5456824,9252,268918772.9173301
D9151-A-2_L_2024_02_02_16_08_52_Texas.ndpi.ndpa,544,fun,10490246,5451035,9252,268918772.9173301
D9151-A-2_L_2024_02_02_16_08_52_Texas.ndpi.ndpa,545,pol,10552345,5463841,9252,268918772.9173301
D9151-A-2_L_2024_02_02_16_08_52_Texas.ndpi.ndpa,546,pol,10558835,5473138,9252,268918772.9173301
D9151-A-2_L_2024_02_02_16_08_52_Texas.ndpi.ndpa,547,pol,10560239,5479629,9252,268918772.9173301
D9151-A-2_L_2024_02_02_16_08_52_Texas.ndpi.ndpa,548,pol,10704085,5470507,9252,268918772.9173301
D9151-A-2_L_2024_02_02_16_08_52_Texas.ndpi.ndpa,549,pol,10706716,5482260,9252,268918772.9173301
D9151-A-2_L_2024_02_02_16_08_52_Texas.ndpi.ndpa,550,pol,10741274,5470156,9252,268918772.9173301
D9151-A-2_L_2024_02_02_16_08_52_Texas.ndpi.ndpa,551,pol,10758114,5453491,9252,268918772.9173301
D9151-A-2_L_2024_02_02_16_08_52_Texas.ndpi.ndpa,552,pol,10810916,5459455,9252,268918772.9173301
D9151-A-2_L_2024_02_02_16_08_52_Texas.ndpi.ndpa,553,pol,10647950,5568919,9252,268918772.9173301
D9151-A-2_L_2024_02_02_16_08_52_Texas.ndpi.ndpa,554,pol,10761798,5550325,9252,268918772.9173301
D9151-A-2_L_2024_02_02_16_08_52_Texas.ndpi.ndpa,555,pol,10586904,5571902,9252,268918772.9173301
D9151-A-2_L_2024_02_02_16_08_52_Texas.ndpi.ndpa,556,pol,10567783,5584357,9252,268918772.9173301
D9151-A-2_L_2024_02_02_16_08_52_Texas.ndpi.ndpa,557,pol,10575853,5591901,9252,268918772.9173301
D9151-A-2_L_2024_02_02_16_08_52_Texas.ndpi.ndpa,558,pol,10584974,5514713,9252,268918772.9173301
D9151-A-2_L_2024_02_02_16_08_52_Texas.ndpi.ndpa,559,pol,10624795,5451912,9252,268918772.9173301
D9151-A-2_L_2024_02_02_16_08_52_Texas.ndpi.ndpa,560,pol,10674965,5545062,9252,268918772.9173301
D9151-A-2_L_2024_02_02_16_08_52_Texas.ndpi.ndpa,561,pol,10681280,5548220,9252,268918772.9173301
D9151-A-2_L_2024_02_02_16_08_52_Texas.ndpi.ndpa,562,pol,10688999,5523661,9252,268918772.9173301
D9151-A-2_L_2024_02_02_16_08_52_Texas.ndpi.ndpa,563,pol,10679351,5515240,9252,268918772.9173301
D9151-A-2_L_2024_02_02_16_08_52_Texas.ndpi.ndpa,564,pol,10691981,5517871,7003,154070015.1916845
D9151-A-2_L_2024_02_02_16_08_52_Texas.ndpi.ndpa,565,pol,10649003,5448579,9252,268918772.9173301
D9151-A-2_L_2024_02_02_16_08_52_Texas.ndpi.ndpa,566,pol,10759167,5480681,7233,164356469.1854805
D9151-A-2_L_2024_02_02_16_08_52_Texas.ndpi.ndpa,567,pol,10594447,5454718,7610,181936227.91395745
D9151-A-2_L_2024_02_02_16_08_52_Texas.ndpi.ndpa,568,pol,10633215,5599265,9252,268918772.9173301
D9151-A-2_L_2024_02_02_16_08_52_Texas.ndpi.ndpa,569,pol,10637776,5605931,9252,268918772.9173301
D9151-A-2_L_2024_02_02_16_08_52_Texas.ndpi.ndpa,570,pol,10639004,5597686,9252,268918772.9173301
D9151-A-2_L_2024_02_02_16_08_52_Texas.ndpi.ndpa,571,pol,10653388,5619088,9252,268918772.9173301
D9151-A-2_L_2024_02_02_16_08_52_Texas.ndpi.ndpa,572,pol,10660580,5601721,9252,268918772.9173301
D9151-A-2_L_2024_02_02_16_08_52_Texas.ndpi.ndpa,573,pol,10668474,5611018,9252,268918772.9173301
D9151-A-2_L_2024_02_02_16_08_52_Texas.ndpi.ndpa,574,pol,10670580,5625579,9252,268918772.9173301
D9151-A-2_L_2024_02_02_16_08_52_Texas.ndpi.ndpa,575,pol,10686718,5611895,9252,268918772.9173301
D9151-A-2_L_2024_02_02_16_08_52_Texas.ndpi.ndpa,576,pol,10708821,5617684,9252,268918772.9173301
D9151-A-2_L_2024_02_02_16_08_52_Texas.ndpi.ndpa,577,pol,10837582,5451735,9252,268918772.9173301
D9151-A-2_L_2024_02_02_16_08_52_Texas.ndpi.ndpa,578,pol,10842318,5472436,9252,268918772.9173301
D9151-A-2_L_2024_02_02_16_08_52_Texas.ndpi.ndpa,579,pol,10880734,5467348,9252,268918772.9173301
D9151-A-2_L_2024_02_02_16_08_52_Texas.ndpi.ndpa,580,pol,10928098,5469804,9252,268918772.9173301
D9151-A-2_L_2024_02_02_16_08_52_Texas.ndpi.ndpa,581,pol,10932484,5556288,9252,268918772.9173301
D9151-A-2_L_2024_02_02_16_08_52_Texas.ndpi.ndpa,582,pol,10910907,5570849,9252,268918772.9173301
D9151-A-2_L_2024_02_02_16_08_52_Texas.ndpi.ndpa,583,pol,10892488,5519274,8081,205154045.89819932
D9151-A-2_L_2024_02_02_16_08_52_Texas.ndpi.ndpa,584,pol,10840914,5587514,6179,119946136.3193571
D9151-A-2_L_2024_02_02_16_08_52_Texas.ndpi.ndpa,585,pol,10851615,5588040,9252,268918772.9173301
D9151-A-2_L_2024_02_02_16_08_52_Texas.ndpi.ndpa,586,pol,10904592,5582251,9252,268918772.9173301
D9151-A-2_L_2024_02_02_16_08_52_Texas.ndpi.ndpa,587,pol,11030018,5508924,9252,268918772.9173301
D9151-A-2_L_2024_02_02_16_08_52_Texas.ndpi.ndpa,588,pol,11049665,5482259,9252,268918772.9173301
D9151-A-2_L_2024_02_02_16_08_52_Texas.ndpi.ndpa,589,pol,11017036,5483136,11883,443610755.2074851
D9151-A-2_L_2024_02_02_16_08_52_Texas.ndpi.ndpa,590,pol,10951956,5608916,9252,268918772.9173301
D9151-A-2_L_2024_02_02_16_08_52_Texas.ndpi.ndpa,591,pol,11058787,5595583,9252,268918772.9173301
D9151-A-2_L_2024_02_02_16_08_52_Texas.ndpi.ndpa,592,pol,11060892,5585935,9252,268918772.9173301
D9151-A-2_L_2024_02_02_16_08_52_Texas.ndpi.ndpa,593,pol,11093520,5539799,9252,268918772.9173301
D9151-A-2_L_2024_02_02_16_08_52_Texas.ndpi.ndpa,594,pol,11082819,5507695,9252,268918772.9173301
D9151-A-2_L_2024_02_02_16_08_52_Texas.ndpi.ndpa,595,pol,11088608,5490855,9252,268918772.9173301
D9151-A-2_L_2024_02_02_16_08_52_Texas.ndpi.ndpa,596,pol,11096679,5461383,9252,268918772.9173301
D9151-A-2_L_2024_02_02_16_08_52_Texas.ndpi.ndpa,597,pol,11129658,5471208,6423,129606181.87076852
D9151-A-2_L_2024_02_02_16_08_52_Texas.ndpi.ndpa,598,pol,11117554,5554709,9252,268918772.9173301
D9151-A-2_L_2024_02_02_16_08_52_Texas.ndpi.ndpa,599,pol,11183161,5532957,9252,268918772.9173301
D9151-A-2_L_2024_02_02_16_08_52_Texas.ndpi.ndpa,600,pol,11282274,5507520,9252,268918772.9173301
D9151-A-2_L_2024_02_02_16_08_52_Texas.ndpi.ndpa,601,pol,11299114,5487347,9252,268918772.9173301
D9151-A-2_L_2024_02_02_16_08_52_Texas.ndpi.ndpa,602,pol,11280870,5479452,9252,268918772.9173301
D9151-A-2_L_2024_02_02_16_08_52_Texas.ndpi.ndpa,603,pol,11241050,5454893,9252,268918772.9173301
D9151-A-2_L_2024_02_02_16_08_52_Texas.ndpi.ndpa,604,pol,11221754,5496293,9252,268918772.9173301
D9151-A-2_L_2024_02_02_16_08_52_Texas.ndpi.ndpa,605,pol,11214035,5504363,9252,268918772.9173301
D9151-A-2_L_2024_02_02_16_08_52_Texas.ndpi.ndpa,606,pol,11242102,5505415,9252,268918772.9173301
D9151-A-2_L_2024_02_02_16_08_52_Texas.ndpi.ndpa,607,pol,11134920,5605231,9252,268918772.9173301
D9151-A-2_L_2024_02_02_16_08_52_Texas.ndpi.ndpa,608,pol,11161935,5596987,9252,268918772.9173301
D9151-A-2_L_2024_02_02_16_08_52_Texas.ndpi.ndpa,609,pol,11207369,5566463,9252,268918772.9173301
D9151-A-2_L_2024_02_02_16_08_52_Texas.ndpi.ndpa,610,pol,11229647,5565937,9252,268918772.9173301
D9151-A-2_L_2024_02_02_16_08_52_Texas.ndpi.ndpa,611,pol,11267187,5557692,9252,268918772.9173301
D9151-A-2_L_2024_02_02_16_08_52_Texas.ndpi.ndpa,612,pol,11196668,5532255,9252,268918772.9173301
D9151-A-2_L_2024_02_02_16_08_52_Texas.ndpi.ndpa,613,pol,11191932,5541377,9252,268918772.9173301
D9151-A-2_L_2024_02_02_16_08_52_Texas.ndpi.ndpa,614,pol,11196142,5524186,6986,153322903.61795637
D9151-A-2_L_2024_02_02_16_08_52_Texas.ndpi.ndpa,615,pol,11119658,5590321,9252,268918772.9173301
D9151-A-2_L_2024_02_02_16_08_52_Texas.ndpi.ndpa,616,pol,11187196,5579971,9252,268918772.9173301
D9151-A-2_L_2024_02_02_16_08_52_Texas.ndpi.ndpa,617,pol,11238769,5442087,9252,268918772.9173301
D9151-A-2_L_2024_02_02_16_08_52_Texas.ndpi.ndpa,618,pol,11169829,5610842,9252,268918772.9173301
D9151-A-2_L_2024_02_02_16_08_52_Texas.ndpi.ndpa,619,pol,11144919,5618560,9252,268918772.9173301
D9151-A-2_L_2024_02_02_16_08_52_Texas.ndpi.ndpa,620,pol,11126150,5612420,7839,193050620.37727314
D9151-A-2_L_2024_02_02_16_08_52_Texas.ndpi.ndpa,621,pol,11365775,5605056,9252,268918772.9173301
D9151-A-2_L_2024_02_02_16_08_52_Texas.ndpi.ndpa,622,pol,11353846,5592074,9252,268918772.9173301
D9151-A-2_L_2024_02_02_16_08_52_Texas.ndpi.ndpa,623,pol,11424365,5552779,9252,268918772.9173301
D9151-A-2_L_2024_02_02_16_08_52_Texas.ndpi.ndpa,624,pol,11352969,5500152,9252,268918772.9173301
D9151-A-2_L_2024_02_02_16_08_52_Texas.ndpi.ndpa,625,pol,11345602,5476645,9252,268918772.9173301
D9151-A-2_L_2024_02_02_16_08_52_Texas.ndpi.ndpa,626,pol,11412612,5458576,9252,268918772.9173301
D9151-A-2_L_2024_02_02_16_08_52_Texas.ndpi.ndpa,627,pol,11470501,5471557,9252,268918772.9173301
D9151-A-2_L_2024_02_02_16_08_52_Texas.ndpi.ndpa,628,pol,11495060,5500327,9252,268918772.9173301
D9151-A-2_L_2024_02_02_16_08_52_Texas.ndpi.ndpa,629,pol,11557158,5487871,9252,268918772.9173301
D9151-A-2_L_2024_02_02_16_08_52_Texas.ndpi.ndpa,630,pol,11432259,5535763,9252,268918772.9173301
D9151-A-2_L_2024_02_02_16_08_52_Texas.ndpi.ndpa,631,pol,11412262,5465066,5896,109210607.36369371
D9151-A-2_L_2024_02_02_16_08_52_Texas.ndpi.ndpa,632,pol,11568035,5515238,6584,136185075.86965254
D9151-A-2_L_2024_02_02_16_08_52_Texas.ndpi.ndpa,633,pol,11527162,5483486,8311,216998352.85705742
D9151-A-2_L_2024_02_02_16_08_52_Texas.ndpi.ndpa,634,pol,11514005,5578040,9422,278892010.1235632
D9151-A-2_L_2024_02_02_16_08_52_Texas.ndpi.ndpa,635,pol,11522952,5590144,9252,268918772.9173301
D9151-A-2_L_2024_02_02_16_08_52_Texas.ndpi.ndpa,636,pol,11577683,5600144,9252,268918772.9173301
D9151-A-2_L_2024_02_02_16_08_52_Texas.ndpi.ndpa,637,pol,11544528,5605757,9252,268918772.9173301
D9151-A-2_L_2024_02_02_16_08_52_Texas.ndpi.ndpa,638,pol,11445766,5610141,9252,268918772.9173301
D9151-A-2_L_2024_02_02_16_08_52_Texas.ndpi.ndpa,639,pol,11602768,5454366,9252,268918772.9173301
D9151-A-2_L_2024_02_02_16_08_52_Texas.ndpi.ndpa,640,pol,11643291,5462787,9252,268918772.9173301
D9151-A-2_L_2024_02_02_16_08_52_Texas.ndpi.ndpa,641,paly,11647150,5491731,9252,268918772.9173301
D9151-A-2_L_2024_02_02_16_08_52_Texas.ndpi.ndpa,642,pol,11639432,5495766,9252,268918772.9173301
D9151-A-2_L_2024_02_02_16_08_52_Texas.ndpi.ndpa,643,pol,11599787,5509274,9252,268918772.9173301
D9151-A-2_L_2024_02_02_16_08_52_Texas.ndpi.ndpa,644,pol,11619784,5521553,9252,268918772.9173301
D9151-A-2_L_2024_02_02_16_08_52_Texas.ndpi.ndpa,645,pol,11633292,5523308,12880,521172628.3116866
D9151-A-2_L_2024_02_02_16_08_52_Texas.ndpi.ndpa,646,pol,11656096,5595232,9252,268918772.9173301
D9151-A-2_L_2024_02_02_16_08_52_Texas.ndpi.ndpa,647,pol,11661710,5621175,16010,805253343.1274011
D9151-A-2_L_2024_02_02_16_08_52_Texas.ndpi.ndpa,648,paly,11246030,5309173,9252,268918772.9173301
D9151-A-2_L_2024_02_02_16_08_52_Texas.ndpi.ndpa,649,pol,11498497,5673210,9252,268918772.9173301
D9151-A-2_L_2024_02_02_16_08_52_Texas.ndpi.ndpa,650,pol,11538623,5674473,9252,268918772.9173301
D9151-A-2_L_2024_02_02_16_08_52_Texas.ndpi.ndpa,651,pol,11521967,5655545,9252,268918772.9173301
D9151-A-2_L_2024_02_02_16_08_52_Texas.ndpi.ndpa,652,pol,11618874,5704504,9252,268918772.9173301
D9151-A-2_L_2024_02_02_16_08_52_Texas.ndpi.ndpa,653,pol,11594395,5698447,9252,268918772.9173301
D9151-A-2_L_2024_02_02_16_08_52_Texas.ndpi.ndpa,654,pol,11601966,5753463,9252,268918772.9173301
D9151-A-2_L_2024_02_02_16_08_52_Texas.ndpi.ndpa,655,pol,11544680,5726208,9252,268918772.9173301
D9151-A-2_L_2024_02_02_16_08_52_Texas.ndpi.ndpa,656,pol,11442472,5678762,9252,268918772.9173301
D9151-A-2_L_2024_02_02_16_08_52_Texas.ndpi.ndpa,657,pol,11447520,5673968,9252,268918772.9173301
D9151-A-2_L_2024_02_02_16_08_52_Texas.ndpi.ndpa,658,pol,11453828,5665134,9252,268918772.9173301
D9151-A-2_L_2024_02_02_16_08_52_Texas.ndpi.ndpa,659,pol,11458876,5650750,9252,268918772.9173301
D9151-A-2_L_2024_02_02_16_08_52_Texas.ndpi.ndpa,660,pol,11456857,5644188,9252,268918772.9173301
D9151-A-2_L_2024_02_02_16_08_52_Texas.ndpi.ndpa,661,pol,11564616,5627026,9252,268918772.9173301
D9151-A-2_L_2024_02_02_16_08_52_Texas.ndpi.ndpa,662,pol,11613070,5689614,9252,268918772.9173301
D9151-A-2_L_2024_02_02_16_08_52_Texas.ndpi.ndpa,663,pol,11579758,5793843,9252,268918772.9173301
D9151-A-2_L_2024_02_02_16_08_52_Texas.ndpi.ndpa,664,pol,11566382,5789553,9252,268918772.9173301
D9151-A-2_L_2024_02_02_16_08_52_Texas.ndpi.ndpa,665,pol,11575215,5838259,9252,268918772.9173301
D9151-A-2_L_2024_02_02_16_08_52_Texas.ndpi.ndpa,666,pol,11622407,5830689,9252,268918772.9173301
D9151-A-2_L_2024_02_02_16_08_52_Texas.ndpi.ndpa,667,pol,11516162,5792077,9252,268918772.9173301
D9151-A-2_L_2024_02_02_16_08_52_Texas.ndpi.ndpa,668,pol,11526257,5773400,9252,268918772.9173301
D9151-A-2_L_2024_02_02_16_08_52_Texas.ndpi.ndpa,669,pol,11536604,5768858,9252,268918772.9173301
D9151-A-2_L_2024_02_02_16_08_52_Texas.ndpi.ndpa,670,pol,11459885,5703242,9252,268918772.9173301
D9151-A-2_L_2024_02_02_16_08_52_Texas.ndpi.ndpa,671,pol,11395785,5694914,9252,268918772.9173301
D9151-A-2_L_2024_02_02_16_08_52_Texas.ndpi.ndpa,672,pol,11480580,5681033,9252,268918772.9173301
D9151-A-2_L_2024_02_02_16_08_52_Texas.ndpi.ndpa,673,pol,11581524,5768101,8716,238662571.59269017
D9151-A-2_L_2024_02_02_16_08_52_Texas.ndpi.ndpa,674,pol,11566887,5763053,8127,207496316.84975097
D9151-A-2_L_2024_02_02_16_08_52_Texas.ndpi.ndpa,675,pol,11492188,5705514,9741,298096556.5901796
D9151-A-2_L_2024_02_02_16_08_52_Texas.ndpi.ndpa,676,pol,11486131,5728984,9252,268918772.9173301
D9151-A-2_L_2024_02_02_16_08_52_Texas.ndpi.ndpa,677,pol,11370801,5689614,9252,268918772.9173301
D9151-A-2_L_2024_02_02_16_08_52_Texas.ndpi.ndpa,678,pol,11408656,5633336,9252,268918772.9173301
D9151-A-2_L_2024_02_02_16_08_52_Texas.ndpi.ndpa,679,pol,11327143,5788291,9252,268918772.9173301
D9151-A-2_L_2024_02_02_16_08_52_Texas.ndpi.ndpa,680,pol,11390233,5813528,9252,268918772.9173301
D9151-A-2_L_2024_02_02_16_08_52_Texas.ndpi.ndpa,681,pol,11273642,5785514,9252,268918772.9173301
D9151-A-2_L_2024_02_02_16_08_52_Texas.ndpi.ndpa,682,pol,11259257,5670182,9252,268918772.9173301
D9151-A-2_L_2024_02_02_16_08_52_Texas.ndpi.ndpa,683,pol,11294588,5633083,9252,268918772.9173301
D9151-A-2_L_2024_02_02_16_08_52_Texas.ndpi.ndpa,684,pol,11237302,5630560,9252,268918772.9173301
D9151-A-2_L_2024_02_02_16_08_52_Texas.ndpi.ndpa,685,pol,11379837,5834726,14108,625288979.8247664
D9151-A-2_L_2024_02_02_16_08_52_Texas.ndpi.ndpa,686,pol,11312456,5645702,7790,190644722.74970835
D9151-A-2_L_2024_02_02_16_08_52_Texas.ndpi.ndpa,687,pol,11312204,5662106,7111,158858782.57266328
D9151-A-2_L_2024_02_02_16_08_52_Texas.ndpi.ndpa,688,pol,11213025,5815042,9252,268918772.9173301
D9151-A-2_L_2024_02_02_16_08_52_Texas.ndpi.ndpa,689,pol,11174919,5804694,9252,268918772.9173301
D9151-A-2_L_2024_02_02_16_08_52_Texas.ndpi.ndpa,690,pol,11169618,5741349,9252,268918772.9173301
D9151-A-2_L_2024_02_02_16_08_52_Texas.ndpi.ndpa,691,pol,11235233,5688604,9252,268918772.9173301
D9151-A-2_L_2024_02_02_16_08_52_Texas.ndpi.ndpa,692,pol,11140849,5700971,9252,268918772.9173301
D9151-A-2_L_2024_02_02_16_08_52_Texas.ndpi.ndpa,693,pol,11130754,5713589,9252,268918772.9173301
D9151-A-2_L_2024_02_02_16_08_52_Texas.ndpi.ndpa,694,pol,11096938,5771129,9252,268918772.9173301
D9151-A-2_L_2024_02_02_16_08_52_Texas.ndpi.ndpa,695,pol,11117127,5809237,9252,268918772.9173301
D9151-A-2_L_2024_02_02_16_08_52_Texas.ndpi.ndpa,696,pol,11287977,5758259,6865,148057685.43672684
D9151-A-2_L_2024_02_02_16_08_52_Texas.ndpi.ndpa,697,paly,11232709,5825388,7687,185636612.51124862
D9151-A-2_L_2024_02_02_16_08_52_Texas.ndpi.ndpa,698,pol,11095122,5794348,14286,641167003.7862395
D9151-A-2_L_2024_02_02_16_08_52_Texas.ndpi.ndpa,699,pol,11023955,5818323,13685,588355037.4299899
D9151-A-2_L_2024_02_02_16_08_52_Texas.ndpi.ndpa,700,pol,11083838,5630978,9252,268918772.9173301
D9151-A-2_L_2024_02_02_16_08_52_Texas.ndpi.ndpa,701,pol,11079792,5624152,9252,268918772.9173301
D9151-A-2_L_2024_02_02_16_08_52_Texas.ndpi.ndpa,702,pol,11064116,5618841,9252,268918772.9173301
D9151-A-2_L_2024_02_02_16_08_52_Texas.ndpi.ndpa,703,pol,11017593,5616819,9252,268918772.9173301
D9151-A-2_L_2024_02_02_16_08_52_Texas.ndpi.ndpa,704,pol,11010766,5644127,9252,268918772.9173301
D9151-A-2_L_2024_02_02_16_08_52_Texas.ndpi.ndpa,705,pol,11086114,5655759,9252,268918772.9173301
D9151-A-2_L_2024_02_02_16_08_52_Texas.ndpi.ndpa,706,pol,11091171,5673711,9252,268918772.9173301
D9151-A-2_L_2024_02_02_16_08_52_Texas.ndpi.ndpa,707,pol,11071701,5648426,9252,268918772.9173301
D9151-A-2_L_2024_02_02_16_08_52_Texas.ndpi.ndpa,708,pol,11080045,5745013,9252,268918772.9173301
D9151-A-2_L_2024_02_02_16_08_52_Texas.ndpi.ndpa,709,pol,11054256,5734394,9252,268918772.9173301
D9151-A-2_L_2024_02_02_16_08_52_Texas.ndpi.ndpa,710,pol,11057795,5723774,9252,268918772.9173301
D9151-A-2_L_2024_02_02_16_08_52_Texas.ndpi.ndpa,711,pol,11020374,5754622,9252,268918772.9173301
D9151-A-2_L_2024_02_02_16_08_52_Texas.ndpi.ndpa,712,pol,11006215,5756392,9252,268918772.9173301
D9151-A-2_L_2024_02_02_16_08_52_Texas.ndpi.ndpa,713,pol,11021386,5700764,9252,268918772.9173301
D9151-A-2_L_2024_02_02_16_08_52_Texas.ndpi.ndpa,714,pol,11030994,5702535,9252,268918772.9173301
D9151-A-2_L_2024_02_02_16_08_52_Texas.ndpi.ndpa,715,pol,11003687,5684330,9252,268918772.9173301
D9151-A-2_L_2024_02_02_16_08_52_Texas.ndpi.ndpa,716,pol,10987505,5684077,9252,268918772.9173301
D9151-A-2_L_2024_02_02_16_08_52_Texas.ndpi.ndpa,717,pol,10981689,5702029,9252,268918772.9173301
D9151-A-2_L_2024_02_02_16_08_52_Texas.ndpi.ndpa,718,spo,11061335,5808732,9252,268918772.9173301
D9151-A-2_L_2024_02_02_16_08_52_Texas.ndpi.ndpa,719,pol,11066392,5801147,9252,268918772.9173301
D9151-A-2_L_2024_02_02_16_08_52_Texas.ndpi.ndpa,720,pol,11021133,5807215,9252,268918772.9173301
D9151-A-2_L_2024_02_02_16_08_52_Texas.ndpi.ndpa,721,pol,11011019,5816064,9252,268918772.9173301
D9151-A-2_L_2024_02_02_16_08_52_Texas.ndpi.ndpa,722,pol,10973598,5799123,9252,268918772.9173301
D9151-A-2_L_2024_02_02_16_08_52_Texas.ndpi.ndpa,723,pol,10926822,5767517,9252,268918772.9173301
D9151-A-2_L_2024_02_02_16_08_52_Texas.ndpi.ndpa,724,pol,10898504,5751082,9252,268918772.9173301
D9151-A-2_L_2024_02_02_16_08_52_Texas.ndpi.ndpa,725,pol,10864876,5738693,9252,268918772.9173301
D9151-A-2_L_2024_02_02_16_08_52_Texas.ndpi.ndpa,726,pol,10873472,5725797,9252,268918772.9173301
D9151-A-2_L_2024_02_02_16_08_52_Texas.ndpi.ndpa,727,pol,10860072,5683319,9252,268918772.9173301
D9151-A-2_L_2024_02_02_16_08_52_Texas.ndpi.ndpa,728,pol,10884850,5648173,9252,268918772.9173301
D9151-A-2_L_2024_02_02_16_08_52_Texas.ndpi.ndpa,729,pol,10980172,5650954,9252,268918772.9173301
D9151-A-2_L_2024_02_02_16_08_52_Texas.ndpi.ndpa,730,pol,10963990,5619854,9252,268918772.9173301
D9151-A-2_L_2024_02_02_16_08_52_Texas.ndpi.ndpa,731,pol,10970312,5614291,9252,268918772.9173301
D9151-A-2_L_2024_02_02_16_08_52_Texas.ndpi.ndpa,732,pol,10974356,5787998,9252,268918772.9173301
D9151-A-2_L_2024_02_02_16_08_52_Texas.ndpi.ndpa,733,pol,10925615,5829719,15577,762285243.1919098
D9151-A-2_L_2024_02_02_16_08_52_Texas.ndpi.ndpa,734,pol,10787338,5674721,11151,390640713.33368474
D9151-A-2_L_2024_02_02_16_08_52_Texas.ndpi.ndpa,735,pol,10837907,5829213,9252,268918772.9173301
D9151-A-2_L_2024_02_02_16_08_52_Texas.ndpi.ndpa,736,pol,10781017,5793814,9252,268918772.9173301
D9151-A-2_L_2024_02_02_16_08_52_Texas.ndpi.ndpa,737,pol,10831080,5768782,9252,268918772.9173301
D9151-A-2_L_2024_02_02_16_08_52_Texas.ndpi.ndpa,738,pol,10742080,5707592,9252,268918772.9173301
D9151-A-2_L_2024_02_02_16_08_52_Texas.ndpi.ndpa,739,pol,10830574,5714419,9252,268918772.9173301
D9151-A-2_L_2024_02_02_16_08_52_Texas.ndpi.ndpa,740,pol,10836642,5698237,9252,268918772.9173301
D9151-A-2_L_2024_02_02_16_08_52_Texas.ndpi.ndpa,741,pol,10828552,5635783,9252,268918772.9173301
D9151-A-2_L_2024_02_02_16_08_52_Texas.ndpi.ndpa,742,pol,10831333,5661068,9252,268918772.9173301
D9151-A-2_L_2024_02_02_16_08_52_Texas.ndpi.ndpa,743,pol,10718312,5675480,9252,268918772.9173301
D9151-A-2_L_2024_02_02_16_08_52_Texas.ndpi.ndpa,744,pol,10679627,5652977,9252,268918772.9173301
D9151-A-2_L_2024_02_02_16_08_52_Texas.ndpi.ndpa,745,pol,10725898,5693432,9252,268918772.9173301
D9151-A-2_L_2024_02_02_16_08_52_Texas.ndpi.ndpa,746,pol,10726403,5717959,9252,268918772.9173301
D9151-A-2_L_2024_02_02_16_08_52_Texas.ndpi.ndpa,747,pol,10735000,5724028,9252,268918772.9173301
D9151-A-2_L_2024_02_02_16_08_52_Texas.ndpi.ndpa,748,pol,10680891,5746783,9252,268918772.9173301
D9151-A-2_L_2024_02_02_16_08_52_Texas.ndpi.ndpa,749,pol,10715025,5805698,8978,253226454.78079602
D9151-A-2_L_2024_02_02_16_08_52_Texas.ndpi.ndpa,750,pol,10707440,5763219,9628,291220562.1740456
D9151-A-2_L_2024_02_02_16_08_52_Texas.ndpi.ndpa,751,pol,10777224,5834017,8405,221934749.9600137
D9151-A-2_L_2024_02_02_16_08_52_Texas.ndpi.ndpa,752,pol,10721094,5832500,7517,177516600.81136814
D9151-A-2_L_2024_02_02_16_08_52_Texas.ndpi.ndpa,753,pol,10664204,5830983,7124,159440150.00117335
D9151-A-2_L_2024_02_02_16_08_52_Texas.ndpi.ndpa,754,pol,10726932,5840921,9358,275116067.0813606
D9151-A-2_L_2024_02_02_16_08_52_Texas.ndpi.ndpa,755,pol,10758033,5848254,8776,241959735.91448572
D9151-A-2_L_2024_02_02_16_08_52_Texas.ndpi.ndpa,756,pol,10445440,5690255,13685,588355037.4299899
D9151-A-2_L_2024_02_02_16_08_52_Texas.ndpi.ndpa,757,pol,10665666,5632859,9252,268918772.9173301
D9151-A-2_L_2024_02_02_16_08_52_Texas.ndpi.ndpa,758,pol,10598410,5626032,9252,268918772.9173301
D9151-A-2_L_2024_02_02_16_08_52_Texas.ndpi.ndpa,759,pol,10551381,5656373,9252,268918772.9173301
D9151-A-2_L_2024_02_02_16_08_52_Texas.ndpi.ndpa,760,pol,10526096,5625779,9252,268918772.9173301
D9151-A-2_L_2024_02_02_16_08_52_Texas.ndpi.ndpa,761,pol,10499295,5701886,9252,268918772.9173301
D9151-A-2_L_2024_02_02_16_08_52_Texas.ndpi.ndpa,762,pol,10471735,5729447,9252,268918772.9173301
D9151-A-2_L_2024_02_02_16_08_52_Texas.ndpi.ndpa,763,paly,10464908,5694554,9252,268918772.9173301
D9151-A-2_L_2024_02_02_16_08_52_Texas.ndpi.ndpa,764,pol,10587537,5722620,9252,268918772.9173301
D9151-A-2_L_2024_02_02_16_08_52_Texas.ndpi.ndpa,765,pol,10642910,5777741,9252,268918772.9173301
D9151-A-2_L_2024_02_02_16_08_52_Texas.ndpi.ndpa,766,pol,10584756,5826793,9252,268918772.9173301
D9151-A-2_L_2024_02_02_16_08_52_Texas.ndpi.ndpa,767,pol,10600432,5785074,9252,268918772.9173301
D9151-A-2_L_2024_02_02_16_08_52_Texas.ndpi.ndpa,768,pol,10615603,5748915,9252,268918772.9173301
D9151-A-2_L_2024_02_02_16_08_52_Texas.ndpi.ndpa,769,pol,10539244,5790384,9252,268918772.9173301
D9151-A-2_L_2024_02_02_16_08_52_Texas.ndpi.ndpa,770,pol,10598663,5761812,8030,202572721.7368581
D9151-A-2_L_2024_02_02_16_08_52_Texas.ndpi.ndpa,771,pol,10615097,5718574,7940,198057310.6158535
D9151-A-2_L_2024_02_02_16_08_52_Texas.ndpi.ndpa,772,pol,10448686,5818955,9252,268918772.9173301
D9151-A-2_L_2024_02_02_16_08_52_Texas.ndpi.ndpa,773,pol,10480292,5841459,9252,268918772.9173301
D9151-A-2_L_2024_02_02_16_08_52_Texas.ndpi.ndpa,774,pol,10490406,5839690,9252,268918772.9173301
D9151-A-2_L_2024_02_02_16_08_52_Texas.ndpi.ndpa,775,pol,10411518,5810358,9252,268918772.9173301
D9151-A-2_L_2024_02_02_16_08_52_Texas.ndpi.ndpa,776,pol,10409242,5798727,9252,268918772.9173301
D9151-A-2_L_2024_02_02_16_08_52_Texas.ndpi.ndpa,777,pol,10369040,5824518,9252,268918772.9173301
D9151-A-2_L_2024_02_02_16_08_52_Texas.ndpi.ndpa,778,pol,10381935,5824518,9252,268918772.9173301
D9151-A-2_L_2024_02_02_16_08_52_Texas.ndpi.ndpa,779,pol,10410506,5698346,9252,268918772.9173301
D9151-A-2_L_2024_02_02_16_08_52_Texas.ndpi.ndpa,780,pol,10392555,5655614,9252,268918772.9173301
D9151-A-2_L_2024_02_02_16_08_52_Texas.ndpi.ndpa,781,pol,10399129,5633617,9252,268918772.9173301
D9151-A-2_L_2024_02_02_16_08_52_Texas.ndpi.ndpa,782,pol,10371316,5619963,9252,268918772.9173301
D9151-A-2_L_2024_02_02_16_08_52_Texas.ndpi.ndpa,783,pol,10332125,5625526,9252,268918772.9173301
D9151-A-2_L_2024_02_02_16_08_52_Texas.ndpi.ndpa,784,pol,10363983,5681911,9252,268918772.9173301
D9151-A-2_L_2024_02_02_16_08_52_Texas.ndpi.ndpa,785,pol,10376120,5692530,9252,268918772.9173301
D9151-A-2_L_2024_02_02_16_08_52_Texas.ndpi.ndpa,786,pol,10397106,5683428,9252,268918772.9173301
D9151-A-2_L_2024_02_02_16_08_52_Texas.ndpi.ndpa,787,pol,10316702,5744364,9252,268918772.9173301
D9151-A-2_L_2024_02_02_16_08_52_Texas.ndpi.ndpa,788,pol,10302037,5778247,9252,268918772.9173301
D9151-A-2_L_2024_02_02_16_08_52_Texas.ndpi.ndpa,789,pol,10291417,5794682,9252,268918772.9173301
D9151-A-2_L_2024_02_02_16_08_52_Texas.ndpi.ndpa,790,spo,10259559,5811622,9252,268918772.9173301
D9151-A-2_L_2024_02_02_16_08_52_Texas.ndpi.ndpa,791,pol,10271696,5741078,9252,268918772.9173301
D9151-A-2_L_2024_02_02_16_08_52_Texas.ndpi.ndpa,792,pol,10240090,5792659,9252,268918772.9173301
D9151-A-2_L_2024_02_02_16_08_52_Texas.ndpi.ndpa,793,pol,10273212,5661177,9252,268918772.9173301
D9151-A-2_L_2024_02_02_16_08_52_Texas.ndpi.ndpa,794,pol,10326310,5767374,9252,268918772.9173301
D9151-A-2_L_2024_02_02_16_08_52_Texas.ndpi.ndpa,795,pol,10344767,5772684,9252,268918772.9173301
D9151-A-2_L_2024_02_02_16_08_52_Texas.ndpi.ndpa,796,pol,10364489,5764087,9252,268918772.9173301
D9151-A-2_L_2024_02_02_16_08_52_Texas.ndpi.ndpa,797,pol,10561454,5647271,11423,409930494.35058576
D9151-A-2_L_2024_02_02_16_08_52_Texas.ndpi.ndpa,798,pol,10144427,5608331,20470,1316392981.1405833
D9151-A-2_L_2024_02_02_16_08_52_Texas.ndpi.ndpa,799,pol,10208144,5614399,9252,268918772.9173301
D9151-A-2_L_2024_02_02_16_08_52_Texas.ndpi.ndpa,800,pol,10211684,5658648,9252,268918772.9173301
D9151-A-2_L_2024_02_02_16_08_52_Texas.ndpi.ndpa,801,pol,10228877,5649040,9252,268918772.9173301
D9151-A-2_L_2024_02_02_16_08_52_Texas.ndpi.ndpa,802,pol,10239496,5647777,9252,268918772.9173301
D9151-A-2_L_2024_02_02_16_08_52_Texas.ndpi.ndpa,803,pol,10229382,5692530,9252,268918772.9173301
D9151-A-2_L_2024_02_02_16_08_52_Texas.ndpi.ndpa,804,pol,10220533,5789878,9252,268918772.9173301
D9151-A-2_L_2024_02_02_16_08_52_Texas.ndpi.ndpa,805,pol,10201570,5809094,9252,268918772.9173301
D9151-A-2_L_2024_02_02_16_08_52_Texas.ndpi.ndpa,806,pol,10070091,5835896,9252,268918772.9173301
D9151-A-2_L_2024_02_02_16_08_52_Texas.ndpi.ndpa,807,pol,10077929,5793671,9252,268918772.9173301
D9151-A-2_L_2024_02_02_16_08_52_Texas.ndpi.ndpa,808,pol,10081722,5774454,9252,268918772.9173301
D9151-A-2_L_2024_02_02_16_08_52_Texas.ndpi.ndpa,809,pol,10096639,5776477,9252,268918772.9173301
D9151-A-2_L_2024_02_02_16_08_52_Texas.ndpi.ndpa,810,pol,10044807,5754731,9252,268918772.9173301
D9151-A-2_L_2024_02_02_16_08_52_Texas.ndpi.ndpa,811,pol,10036210,5768385,9252,268918772.9173301
D9151-A-2_L_2024_02_02_16_08_52_Texas.ndpi.ndpa,812,pol,10041520,5706185,9252,268918772.9173301
D9151-A-2_L_2024_02_02_16_08_52_Texas.ndpi.ndpa,813,pol,10056437,5729194,9252,268918772.9173301
D9151-A-2_L_2024_02_02_16_08_52_Texas.ndpi.ndpa,814,pol,10093605,5716046,9252,268918772.9173301
D9151-A-2_L_2024_02_02_16_08_52_Texas.ndpi.ndpa,815,pol,10010167,5615664,9252,268918772.9173301
D9151-A-2_L_2024_02_02_16_08_52_Texas.ndpi.ndpa,816,pol,9953783,5668005,9252,268918772.9173301
D9151-A-2_L_2024_02_02_16_08_52_Texas.ndpi.ndpa,817,pol,9987664,5735515,9252,268918772.9173301
D9151-A-2_L_2024_02_02_16_08_52_Texas.ndpi.ndpa,818,pol,10003088,5782545,9252,268918772.9173301
D9151-A-2_L_2024_02_02_16_08_52_Texas.ndpi.ndpa,819,pol,10009409,5722366,9252,268918772.9173301
D9151-A-2_L_2024_02_02_16_08_52_Texas.ndpi.ndpa,820,pol,9965919,5756501,9252,268918772.9173301
D9151-A-2_L_2024_02_02_16_08_52_Texas.ndpi.ndpa,821,pol,9936842,5798727,9252,268918772.9173301
D9151-A-2_L_2024_02_02_16_08_52_Texas.ndpi.ndpa,822,pol,9978309,5798727,9252,268918772.9173301
D9151-A-2_L_2024_02_02_16_08_52_Texas.ndpi.ndpa,823,pol,9979320,5809853,9252,268918772.9173301
D9151-A-2_L_2024_02_02_16_08_52_Texas.ndpi.ndpa,824,pol,10010167,5834126,9252,268918772.9173301
D9151-A-2_L_2024_02_02_16_08_52_Texas.ndpi.ndpa,825,pol,10016994,5841459,9252,268918772.9173301
D9151-A-2_L_2024_02_02_16_08_52_Texas.ndpi.ndpa,826,pol,10061241,5810612,9252,268918772.9173301
D9151-A-2_L_2024_02_02_16_08_52_Texas.ndpi.ndpa,827,pol,10062506,5815668,7125,159484914.55489433
D9151-A-2_L_2024_02_02_16_08_52_Texas.ndpi.ndpa,828,pol,9902708,5779258,9252,268918772.9173301
D9151-A-2_L_2024_02_02_16_08_52_Texas.ndpi.ndpa,829,pol,9909030,5745882,9252,268918772.9173301
D9151-A-2_L_2024_02_02_16_08_52_Texas.ndpi.ndpa,830,pol,9871609,5628813,9252,268918772.9173301
D9151-A-2_L_2024_02_02_16_08_52_Texas.ndpi.ndpa,831,pol,9868679,5726919,9252,268918772.9173301
D9151-A-2_L_2024_02_02_16_08_52_Texas.ndpi.ndpa,832,pol,9889413,5740572,9252,268918772.9173301
D9151-A-2_L_2024_02_02_16_08_52_Texas.ndpi.ndpa,833,pol,9892700,5733493,9252,268918772.9173301
D9151-A-2_L_2024_02_02_16_08_52_Texas.ndpi.ndpa,834,pol,9827213,5704162,9252,268918772.9173301
D9151-A-2_L_2024_02_02_16_08_52_Texas.ndpi.ndpa,835,pol,9834293,5746135,9252,268918772.9173301
D9151-A-2_L_2024_02_02_16_08_52_Texas.ndpi.ndpa,836,pol,9836316,5805554,9252,268918772.9173301
D9151-A-2_L_2024_02_02_16_08_52_Texas.ndpi.ndpa,837,pol,9860336,5831851,9252,268918772.9173301
D9151-A-2_L_2024_02_02_16_08_52_Texas.ndpi.ndpa,838,pol,9870955,5837666,9252,268918772.9173301
D9151-A-2_L_2024_02_02_16_08_52_Texas.ndpi.ndpa,839,pol,9822662,5752456,11581,421349027.54028815
D9151-A-2_L_2024_02_02_16_08_52_Texas.ndpi.ndpa,840,paly,9978414,5593415,6956,152008901.0746659
D9151-A-2_L_2024_02_02_16_08_52_Texas.ndpi.ndpa,841,pol,9981448,6032670,13436,567139456.9748458
D9151-A-2_L_2024_02_02_16_08_52_Texas.ndpi.ndpa,842,pol,9931890,5924451,9252,268918772.9173301
D9151-A-2_L_2024_02_02_16_08_52_Texas.ndpi.ndpa,843,pol,9936442,5872616,9252,268918772.9173301
D9151-A-2_L_2024_02_02_16_08_52_Texas.ndpi.ndpa,844,pol,9902055,5877673,9252,268918772.9173301
D9151-A-2_L_2024_02_02_16_08_52_Texas.ndpi.ndpa,845,pol,9872219,5919141,9252,268918772.9173301
D9151-A-2_L_2024_02_02_16_08_52_Texas.ndpi.ndpa,846,pol,9900285,5934564,9252,268918772.9173301
D9151-A-2_L_2024_02_02_16_08_52_Texas.ndpi.ndpa,847,pol,9872978,5952011,9252,268918772.9173301
D9151-A-2_L_2024_02_02_16_08_52_Texas.ndpi.ndpa,848,pol,9829995,5956815,9252,268918772.9173301
D9151-A-2_L_2024_02_02_16_08_52_Texas.ndpi.ndpa,849,pol,9905342,5960608,9252,268918772.9173301
D9151-A-2_L_2024_02_02_16_08_52_Texas.ndpi.ndpa,850,pol,9854773,6023061,9252,268918772.9173301
D9151-A-2_L_2024_02_02_16_08_52_Texas.ndpi.ndpa,851,pol,9887896,6023061,9252,268918772.9173301
D9151-A-2_L_2024_02_02_16_08_52_Texas.ndpi.ndpa,852,pol,9885620,6044049,9252,268918772.9173301
D9151-A-2_L_2024_02_02_16_08_52_Texas.ndpi.ndpa,853,pol,9883597,6062506,9252,268918772.9173301
D9151-A-2_L_2024_02_02_16_08_52_Texas.ndpi.ndpa,854,pol,9864381,6088297,9252,268918772.9173301
D9151-A-2_L_2024_02_02_16_08_52_Texas.ndpi.ndpa,855,pol,9930626,6054414,9252,268918772.9173301
D9151-A-2_L_2024_02_02_16_08_52_Texas.ndpi.ndpa,856,pol,9946302,6058966,9252,268918772.9173301
D9151-A-2_L_2024_02_02_16_08_52_Texas.ndpi.ndpa,857,pol,9932902,6016993,9252,268918772.9173301
D9151-A-2_L_2024_02_02_16_08_52_Texas.ndpi.ndpa,858,pol,9939476,5992213,9252,268918772.9173301
D9151-A-2_L_2024_02_02_16_08_52_Texas.ndpi.ndpa,859,pol,9928856,5992213,9252,268918772.9173301
D9151-A-2_L_2024_02_02_16_08_52_Texas.ndpi.ndpa,860,pol,9966024,5955045,9252,268918772.9173301
D9151-A-2_L_2024_02_02_16_08_52_Texas.ndpi.ndpa,861,pol,9969058,5945942,9252,268918772.9173301
D9151-A-2_L_2024_02_02_16_08_52_Texas.ndpi.ndpa,862,pol,9996366,5987916,9252,268918772.9173301
D9151-A-2_L_2024_02_02_16_08_52_Texas.ndpi.ndpa,863,pol,10013558,5896890,9252,268918772.9173301
D9151-A-2_L_2024_02_02_16_08_52_Texas.ndpi.ndpa,864,pol,10001422,5925967,9252,268918772.9173301
D9151-A-2_L_2024_02_02_16_08_52_Texas.ndpi.ndpa,865,pol,10030500,5993478,9252,268918772.9173301
D9151-A-2_L_2024_02_02_16_08_52_Texas.ndpi.ndpa,866,pol,10046428,6031658,9252,268918772.9173301
D9151-A-2_L_2024_02_02_16_08_52_Texas.ndpi.ndpa,867,pol,10034545,6032164,9252,268918772.9173301
D9151-A-2_L_2024_02_02_16_08_52_Texas.ndpi.ndpa,868,pol,10049462,6064529,9252,268918772.9173301
D9151-A-2_L_2024_02_02_16_08_52_Texas.ndpi.ndpa,869,pol,10071713,6055932,9252,268918772.9173301
D9151-A-2_L_2024_02_02_16_08_52_Texas.ndpi.ndpa,870,pol,10107111,6078183,9252,268918772.9173301
D9151-A-2_L_2024_02_02_16_08_52_Texas.ndpi.ndpa,871,pol,10098261,6083492,9252,268918772.9173301
D9151-A-2_L_2024_02_02_16_08_52_Texas.ndpi.ndpa,872,pol,10110904,6089308,9252,268918772.9173301
D9151-A-2_L_2024_02_02_16_08_52_Texas.ndpi.ndpa,873,pol,9971587,6024832,9252,268918772.9173301
D9151-A-2_L_2024_02_02_16_08_52_Texas.ndpi.ndpa,874,pol,10075507,5919898,9252,268918772.9173301
D9151-A-2_L_2024_02_02_16_08_52_Texas.ndpi.ndpa,875,pol,10130374,5881213,9252,268918772.9173301
D9151-A-2_L_2024_02_02_16_08_52_Texas.ndpi.ndpa,876,pol,10125318,6014970,9252,268918772.9173301
D9151-A-2_L_2024_02_02_16_08_52_Texas.ndpi.ndpa,877,pol,10143016,6015981,9252,268918772.9173301
D9151-A-2_L_2024_02_02_16_08_52_Texas.ndpi.ndpa,878,pol,10127340,6032417,9252,268918772.9173301
D9151-A-2_L_2024_02_02_16_08_52_Texas.ndpi.ndpa,879,pol,10102056,6041772,9252,268918772.9173301
D9151-A-2_L_2024_02_02_16_08_52_Texas.ndpi.ndpa,880,pol,10138212,6059471,9252,268918772.9173301
D9151-A-2_L_2024_02_02_16_08_52_Texas.ndpi.ndpa,881,pol,10103067,6021291,9252,268918772.9173301
D9151-A-2_L_2024_02_02_16_08_52_Texas.ndpi.ndpa,882,pol,10100792,6029888,9252,268918772.9173301
D9151-A-2_L_2024_02_02_16_08_52_Texas.ndpi.ndpa,883,pol,10197378,5998788,9252,268918772.9173301
D9151-A-2_L_2024_02_02_16_08_52_Texas.ndpi.ndpa,884,pol,10195608,5991960,9252,268918772.9173301
D9151-A-2_L_2024_02_02_16_08_52_Texas.ndpi.ndpa,885,pol,10199906,5983616,9252,268918772.9173301
D9151-A-2_L_2024_02_02_16_08_52_Texas.ndpi.ndpa,886,pol,10274242,6047588,9252,268918772.9173301
D9151-A-2_L_2024_02_02_16_08_52_Texas.ndpi.ndpa,887,pol,10250475,5884247,9252,268918772.9173301
D9151-A-2_L_2024_02_02_16_08_52_Texas.ndpi.ndpa,888,pol,10198389,5865283,9252,268918772.9173301
D9151-A-2_L_2024_02_02_16_08_52_Texas.ndpi.ndpa,889,pol,10285115,5872110,9252,268918772.9173301
D9151-A-2_L_2024_02_02_16_08_52_Texas.ndpi.ndpa,890,pol,10286632,5844802,9252,268918772.9173301
D9151-A-2_L_2024_02_02_16_08_52_Texas.ndpi.ndpa,891,pol,10198894,5916864,16081,812411339.4664919
D9151-A-2_L_2024_02_02_16_08_52_Texas.ndpi.ndpa,892,pol,10222662,5914843,7011,154422225.42726377
D9151-A-2_L_2024_02_02_16_08_52_Texas.ndpi.ndpa,893,pol,10225949,5966424,7809,191575831.12197196
D9151-A-2_L_2024_02_02_16_08_52_Texas.ndpi.ndpa,894,pol,10216594,5911050,7809,191575831.12197196
D9151-A-2_L_2024_02_02_16_08_52_Texas.ndpi.ndpa,895,pol,10214318,5939622,7809,191575831.12197196
D9151-A-2_L_2024_02_02_16_08_52_Texas.ndpi.ndpa,896,pol,10214572,5924451,7809,191575831.12197196
D9151-A-2_L_2024_02_02_16_08_52_Texas.ndpi.ndpa,897,pol,10230248,5977801,7809,191575831.12197196
D9151-A-2_L_2024_02_02_16_08_52_Texas.ndpi.ndpa,898,pol,10243648,5971228,7809,191575831.12197196
D9151-A-2_L_2024_02_02_16_08_52_Texas.ndpi.ndpa,899,pol,10253256,5975273,7809,191575831.12197196
D9151-A-2_L_2024_02_02_16_08_52_Texas.ndpi.ndpa,900,pol,10233282,5970216,7809,191575831.12197196
D9151-A-2_L_2024_02_02_16_08_52_Texas.ndpi.ndpa,901,pol,10223420,6083745,7809,191575831.12197196
D9151-A-2_L_2024_02_02_16_08_52_Texas.ndpi.ndpa,902,paly,10316468,5945690,11264,398598037.6579991
D9151-A-2_L_2024_02_02_16_08_52_Texas.ndpi.ndpa,903,pol,10316973,5998535,7809,191575831.12197196
D9151-A-2_L_2024_02_02_16_08_52_Texas.ndpi.ndpa,904,pol,10349337,5932795,7809,191575831.12197196
D9151-A-2_L_2024_02_02_16_08_52_Texas.ndpi.ndpa,905,pol,10342510,5917623,7809,191575831.12197196
D9151-A-2_L_2024_02_02_16_08_52_Texas.ndpi.ndpa,906,pol,10370070,5870341,7809,191575831.12197196
D9151-A-2_L_2024_02_02_16_08_52_Texas.ndpi.ndpa,907,pol,10387516,5857950,7809,191575831.12197196
D9151-A-2_L_2024_02_02_16_08_52_Texas.ndpi.ndpa,908,pol,10394596,5964148,7809,191575831.12197196
D9151-A-2_L_2024_02_02_16_08_52_Texas.ndpi.ndpa,909,pol,10410272,6027360,7809,191575831.12197196
D9151-A-2_L_2024_02_02_16_08_52_Texas.ndpi.ndpa,910,pol,10389792,6045312,7809,191575831.12197196
D9151-A-2_L_2024_02_02_16_08_52_Texas.ndpi.ndpa,911,pol,10391562,6054920,7809,191575831.12197196
D9151-A-2_L_2024_02_02_16_08_52_Texas.ndpi.ndpa,912,pol,10378666,6091078,7809,191575831.12197196
D9151-A-2_L_2024_02_02_16_08_52_Texas.ndpi.ndpa,913,pol,10417099,5890316,7809,191575831.12197196
D9151-A-2_L_2024_02_02_16_08_52_Texas.ndpi.ndpa,914,pol,10423673,5886776,7809,191575831.12197196
D9151-A-2_L_2024_02_02_16_08_52_Texas.ndpi.ndpa,915,pol,10427971,5891326,11688,429170911.5221209
D9151-A-2_L_2024_02_02_16_08_52_Texas.ndpi.ndpa,916,pol,10401675,5910796,7809,191575831.12197196
D9151-A-2_L_2024_02_02_16_08_52_Texas.ndpi.ndpa,917,pol,10444659,5942403,7809,191575831.12197196
D9151-A-2_L_2024_02_02_16_08_52_Texas.ndpi.ndpa,918,paly,10162264,5871352,7809,191575831.12197196
D9151-A-2_L_2024_02_02_16_08_52_Texas.ndpi.ndpa,919,paly,10154426,5837470,7809,191575831.12197196
D9151-A-2_L_2024_02_02_16_08_52_Texas.ndpi.ndpa,920,pol,10070987,5943667,7809,191575831.12197196
D9151-A-2_L_2024_02_02_16_08_52_Texas.ndpi.ndpa,921,paly,10175159,5977548,9252,268918772.9173301
D9151-A-2_L_2024_02_02_16_08_52_Texas.ndpi.ndpa,922,paly,10142289,5909532,9252,268918772.9173301
D9151-A-2_L_2024_02_02_16_08_52_Texas.ndpi.ndpa,923,pol,10423957,5981341,9252,268918772.9173301
D9151-A-2_L_2024_02_02_16_08_52_Texas.ndpi.ndpa,924,pol,10496270,6040761,9252,268918772.9173301
D9151-A-2_L_2024_02_02_16_08_52_Texas.ndpi.ndpa,925,pol,10486915,6034692,9252,268918772.9173301
D9151-A-2_L_2024_02_02_16_08_52_Texas.ndpi.ndpa,926,pol,10473767,5911554,9252,268918772.9173301
D9151-A-2_L_2024_02_02_16_08_52_Texas.ndpi.ndpa,927,pol,10431542,5941392,10266,331094824.8058744
D9151-A-2_L_2024_02_02_16_08_52_Texas.ndpi.ndpa,928,pol,10302086,5991960,12178,465909764.1547021
D9151-A-2_L_2024_02_02_16_08_52_Texas.ndpi.ndpa,929,paly,10251770,6088297,13436,567139456.9748458
D9151-A-2_L_2024_02_02_16_08_52_Texas.ndpi.ndpa,930,pol,10393751,6089264,8035,202825070.1667577
D9151-A-2_L_2024_02_02_16_08_52_Texas.ndpi.ndpa,931,fun,10509878,6083263,10394,339402703.7464396
D9151-A-2_L_2024_02_02_16_08_52_Texas.ndpi.ndpa,932,pol,10493949,5901970,16704,876578542.2036594
D9151-A-2_L_2024_02_02_16_08_52_Texas.ndpi.ndpa,933,pol,10560447,5877444,19222,1160772253.8239384
D9151-A-2_L_2024_02_02_16_08_52_Texas.ndpi.ndpa,934,pol,10579916,5998812,18249,1046232038.1959871
D9151-A-2_L_2024_02_02_16_08_52_Texas.ndpi.ndpa,935,pol,10604531,5882248,8255,214083909.9186928
D9151-A-2_L_2024_02_02_16_08_52_Texas.ndpi.ndpa,936,pol,10615921,5862745,8255,214083909.9186928
D9151-A-2_L_2024_02_02_16_08_52_Texas.ndpi.ndpa,937,pol,10642610,5896601,8255,214083909.9186928
D9151-A-2_L_2024_02_02_16_08_52_Texas.ndpi.ndpa,938,pol,10717241,5856813,8255,214083909.9186928
D9151-A-2_L_2024_02_02_16_08_52_Texas.ndpi.ndpa,939,pol,10757028,5884491,8255,214083909.9186928
D9151-A-2_L_2024_02_02_16_08_52_Texas.ndpi.ndpa,940,pol,10769137,5934411,8255,214083909.9186928
D9151-A-2_L_2024_02_02_16_08_52_Texas.ndpi.ndpa,941,pol,10721195,5932681,8255,214083909.9186928
D9151-A-2_L_2024_02_02_16_08_52_Texas.ndpi.ndpa,942,pol,10649530,5967773,8255,214083909.9186928
D9151-A-2_L_2024_02_02_16_08_52_Texas.ndpi.ndpa,943,pol,10632478,5927738,8255,214083909.9186928
D9151-A-2_L_2024_02_02_16_08_52_Texas.ndpi.ndpa,944,pol,10624076,5905250,8255,214083909.9186928
D9151-A-2_L_2024_02_02_16_08_52_Texas.ndpi.ndpa,945,pol,10586266,5894871,8255,214083909.9186928
D9151-A-2_L_2024_02_02_16_08_52_Texas.ndpi.ndpa,946,pol,10538324,5936883,8255,214083909.9186928
D9151-A-2_L_2024_02_02_16_08_52_Texas.ndpi.ndpa,947,pol,10558342,5860026,8255,214083909.9186928
D9151-A-2_L_2024_02_02_16_08_52_Texas.ndpi.ndpa,948,pol,10518061,5999159,8255,214083909.9186928
D9151-A-2_L_2024_02_02_16_08_52_Texas.ndpi.ndpa,949,pol,10598623,5993969,8255,214083909.9186928
D9151-A-2_L_2024_02_02_16_08_52_Texas.ndpi.ndpa,950,pol,10635196,6000888,8255,214083909.9186928
D9151-A-2_L_2024_02_02_16_08_52_Texas.ndpi.ndpa,951,pol,10780504,5942566,8255,214083909.9186928
D9151-A-2_L_2024_02_02_16_08_52_Texas.ndpi.ndpa,952,pol,10804475,5920819,8255,214083909.9186928
D9151-A-2_L_2024_02_02_16_08_52_Texas.ndpi.ndpa,953,pol,10800522,5970245,8255,214083909.9186928
D9151-A-2_L_2024_02_02_16_08_52_Texas.ndpi.ndpa,954,pol,10876388,5936388,8255,214083909.9186928
D9151-A-2_L_2024_02_02_16_08_52_Texas.ndpi.ndpa,955,pol,10748625,6029061,8255,214083909.9186928
D9151-A-2_L_2024_02_02_16_08_52_Texas.ndpi.ndpa,956,pol,10806947,6014481,8255,214083909.9186928
D9151-A-2_L_2024_02_02_16_08_52_Texas.ndpi.ndpa,957,pol,10848216,5979142,8255,214083909.9186928
D9151-A-2_L_2024_02_02_16_08_52_Texas.ndpi.ndpa,958,pol,10849698,5988533,8255,214083909.9186928
D9151-A-2_L_2024_02_02_16_08_52_Texas.ndpi.ndpa,959,pol,10908267,5977659,8255,214083909.9186928
D9151-A-2_L_2024_02_02_16_08_52_Texas.ndpi.ndpa,960,pol,10765183,5994710,8255,214083909.9186928
D9151-A-2_L_2024_02_02_16_08_52_Texas.ndpi.ndpa,961,pol,10759746,6003113,8255,214083909.9186928
D9151-A-2_L_2024_02_02_16_08_52_Texas.ndpi.ndpa,962,pol,10744672,5983095,8255,214083909.9186928
D9151-A-2_L_2024_02_02_16_08_52_Texas.ndpi.ndpa,963,pol,10745166,5985567,8255,214083909.9186928
D9151-A-2_L_2024_02_02_16_08_52_Texas.ndpi.ndpa,964,pol,10899618,6046854,8255,214083909.9186928
D9151-A-2_L_2024_02_02_16_08_52_Texas.ndpi.ndpa,965,pol,10926800,6032027,8255,214083909.9186928
D9151-A-2_L_2024_02_02_16_08_52_Texas.ndpi.ndpa,966,pol,10908020,6017446,8255,214083909.9186928
D9151-A-2_L_2024_02_02_16_08_52_Texas.ndpi.ndpa,967,pol,10926800,5900308,8255,214083909.9186928
D9151-A-2_L_2024_02_02_16_08_52_Texas.ndpi.ndpa,968,pol,10873422,5861262,8255,214083909.9186928
D9151-A-2_L_2024_02_02_16_08_52_Texas.ndpi.ndpa,969,pol,10690305,5865710,8255,214083909.9186928
D9151-A-2_L_2024_02_02_16_08_52_Texas.ndpi.ndpa,970,pol,10682397,5873865,8255,214083909.9186928
D9151-A-2_L_2024_02_02_16_08_52_Texas.ndpi.ndpa,971,pol,10685362,5872135,8255,214083909.9186928
D9151-A-2_L_2024_02_02_16_08_52_Texas.ndpi.ndpa,972,pol,10612956,5934411,8255,214083909.9186928
D9151-A-2_L_2024_02_02_16_08_52_Texas.ndpi.ndpa,973,pol,10645081,5928974,8255,214083909.9186928
D9151-A-2_L_2024_02_02_16_08_52_Texas.ndpi.ndpa,974,pol,10650766,5933917,8255,214083909.9186928
D9151-A-2_L_2024_02_02_16_08_52_Texas.ndpi.ndpa,975,pol,10949069,5871393,8255,214083909.9186928
D9151-A-2_L_2024_02_02_16_08_52_Texas.ndpi.ndpa,976,spo,10959695,5840256,8255,214083909.9186928
D9151-A-2_L_2024_02_02_16_08_52_Texas.ndpi.ndpa,977,pol,10978971,5875842,8255,214083909.9186928
D9151-A-2_L_2024_02_02_16_08_52_Texas.ndpi.ndpa,978,pol,10978477,5887950,8255,214083909.9186928
D9151-A-2_L_2024_02_02_16_08_52_Texas.ndpi.ndpa,979,pol,10941902,5960359,8255,214083909.9186928
D9151-A-2_L_2024_02_02_16_08_52_Texas.ndpi.ndpa,980,pol,10951293,5959371,8255,214083909.9186928
D9151-A-2_L_2024_02_02_16_08_52_Texas.ndpi.ndpa,981,pol,10974028,5963819,8255,214083909.9186928
D9151-A-2_L_2024_02_02_16_08_52_Texas.ndpi.ndpa,982,pol,11008626,5961842,8255,214083909.9186928
D9151-A-2_L_2024_02_02_16_08_52_Texas.ndpi.ndpa,983,pol,10997258,6015716,8255,214083909.9186928
D9151-A-2_L_2024_02_02_16_08_52_Texas.ndpi.ndpa,984,pol,11005413,6048584,8255,214083909.9186928
D9151-A-2_L_2024_02_02_16_08_52_Texas.ndpi.ndpa,985,pol,11076337,6048831,8255,214083909.9186928
D9151-A-2_L_2024_02_02_16_08_52_Texas.ndpi.ndpa,986,pol,11112417,5984331,8255,214083909.9186928
D9151-A-2_L_2024_02_02_16_08_52_Texas.ndpi.ndpa,987,pol,11071395,5890917,8255,214083909.9186928
D9151-A-2_L_2024_02_02_16_08_52_Texas.ndpi.ndpa,988,pol,11082762,5895613,8255,214083909.9186928
D9151-A-2_L_2024_02_02_16_08_52_Texas.ndpi.ndpa,989,pol,11110440,5893635,8255,214083909.9186928
D9151-A-2_L_2024_02_02_16_08_52_Texas.ndpi.ndpa,990,pol,11138859,5876831,8255,214083909.9186928
D9151-A-2_L_2024_02_02_16_08_52_Texas.ndpi.ndpa,991,pol,11193226,5868675,8255,214083909.9186928
D9151-A-2_L_2024_02_02_16_08_52_Texas.ndpi.ndpa,992,pol,11233012,5879302,8255,214083909.9186928
D9151-A-2_L_2024_02_02_16_08_52_Texas.ndpi.ndpa,993,pol,11159123,5963573,8255,214083909.9186928
D9151-A-2_L_2024_02_02_16_08_52_Texas.ndpi.ndpa,994,paly,11151956,5938860,8255,214083909.9186928
D9151-A-2_L_2024_02_02_16_08_52_Texas.ndpi.ndpa,995,pol,11235236,5948003,8255,214083909.9186928
D9151-A-2_L_2024_02_02_16_08_52_Texas.ndpi.ndpa,996,pol,11176668,6000395,8255,214083909.9186928
D9151-A-2_L_2024_02_02_16_08_52_Texas.ndpi.ndpa,997,pol,11195697,6027578,8255,214083909.9186928
D9151-A-2_L_2024_02_02_16_08_52_Texas.ndpi.ndpa,998,pol,11101790,6045371,8255,214083909.9186928
D9151-A-2_L_2024_02_02_16_08_52_Texas.ndpi.ndpa,999,pol,11109452,6046854,9066,258214901.79083696
D9151-A-2_L_2024_02_02_16_08_52_Texas.ndpi.ndpa,1000,pol,11261925,5936883,8255,214083909.9186928
D9151-A-2_L_2024_02_02_16_08_52_Texas.ndpi.ndpa,1001,pol,11301218,5895860,8255,214083909.9186928
D9151-A-2_L_2024_02_02_16_08_52_Texas.ndpi.ndpa,1002,pol,11282684,5862002,8255,214083909.9186928
D9151-A-2_L_2024_02_02_16_08_52_Texas.ndpi.ndpa,1003,pol,11270575,5876584,8255,214083909.9186928
D9151-A-2_L_2024_02_02_16_08_52_Texas.ndpi.ndpa,1004,pol,11270575,5869417,8255,214083909.9186928
D9151-A-2_L_2024_02_02_16_08_52_Texas.ndpi.ndpa,1005,pol,11310114,5857554,8255,214083909.9186928
D9151-A-2_L_2024_02_02_16_08_52_Texas.ndpi.ndpa,1006,pol,11306408,6001630,8255,214083909.9186928
D9151-A-2_L_2024_02_02_16_08_52_Texas.ndpi.ndpa,1007,pol,11312586,6024613,8255,214083909.9186928
D9151-A-2_L_2024_02_02_16_08_52_Texas.ndpi.ndpa,1008,pol,11288615,6051550,8255,214083909.9186928
D9151-A-2_L_2024_02_02_16_08_52_Texas.ndpi.ndpa,1009,pol,11336062,6052044,8255,214083909.9186928
D9151-A-2_L_2024_02_02_16_08_52_Texas.ndpi.ndpa,1010,paly,11224116,5978646,17166,925737995.5514734
D9151-A-2_L_2024_02_02_16_08_52_Texas.ndpi.ndpa,1011,pol,11225846,5957147,8255,214083909.9186928
D9151-A-2_L_2024_02_02_16_08_52_Texas.ndpi.ndpa,1012,pol,11345027,5984578,8255,214083909.9186928
D9151-A-2_L_2024_02_02_16_08_52_Texas.ndpi.ndpa,1013,pol,11407548,5992239,8255,214083909.9186928
D9151-A-2_L_2024_02_02_16_08_52_Texas.ndpi.ndpa,1014,pol,11418916,6000395,8255,214083909.9186928
D9151-A-2_L_2024_02_02_16_08_52_Texas.ndpi.ndpa,1015,pol,11464634,5900555,8255,214083909.9186928
D9151-A-2_L_2024_02_02_16_08_52_Texas.ndpi.ndpa,1016,pol,11536052,5881031,8255,214083909.9186928
D9151-A-2_L_2024_02_02_16_08_52_Texas.ndpi.ndpa,1017,pol,11539759,5870158,8255,214083909.9186928
D9151-A-2_L_2024_02_02_16_08_52_Texas.ndpi.ndpa,1018,pol,11458950,5859778,8255,214083909.9186928
D9151-A-2_L_2024_02_02_16_08_52_Texas.ndpi.ndpa,1019,pol,11566695,5875348,8255,214083909.9186928
D9151-A-2_L_2024_02_02_16_08_52_Texas.ndpi.ndpa,1020,pol,11570402,5891906,8255,214083909.9186928
D9151-A-2_L_2024_02_02_16_08_52_Texas.ndpi.ndpa,1021,pol,11658625,5860273,8255,214083909.9186928
D9151-A-2_L_2024_02_02_16_08_52_Texas.ndpi.ndpa,1022,pol,11647504,5959865,8255,214083909.9186928
D9151-A-2_L_2024_02_02_16_08_52_Texas.ndpi.ndpa,1023,pol,11600057,5953441,8255,214083909.9186928
D9151-A-2_L_2024_02_02_16_08_52_Texas.ndpi.ndpa,1024,pol,11562494,5983837,8255,214083909.9186928
D9151-A-2_L_2024_02_02_16_08_52_Texas.ndpi.ndpa,1025,pol,11543960,6008302,8255,214083909.9186928
D9151-A-2_L_2024_02_02_16_08_52_Texas.ndpi.ndpa,1026,pol,11526662,6012998,8255,214083909.9186928
D9151-A-2_L_2024_02_02_16_08_52_Texas.ndpi.ndpa,1027,pol,11510599,6014481,8255,214083909.9186928
D9151-A-2_L_2024_02_02_16_08_52_Texas.ndpi.ndpa,1028,pol,11466611,6044384,8255,214083909.9186928
D9151-A-2_L_2024_02_02_16_08_52_Texas.ndpi.ndpa,1029,pol,11470812,5941084,12339,478310374.91587996
D9151-A-2_L_2024_02_02_16_08_52_Texas.ndpi.ndpa,1030,pol,11423118,5913652,12169,465221368.94766957
D9151-A-2_L_2024_02_02_16_08_52_Texas.ndpi.ndpa,1031,pol,11448571,5965796,16470,852191250.6461555
D9151-A-2_L_2024_02_02_16_08_52_Texas.ndpi.ndpa,1032,pol,11383825,6043642,16024,806662272.0343125
D9151-A-2_L_2024_02_02_16_08_52_Texas.ndpi.ndpa,1033,pol,11642808,5905991,18337,1056346609.3725199
D9151-A-2_L_2024_02_02_16_08_52_Texas.ndpi.ndpa,1034,pol,11397490,6062234,8255,214083909.9186928
D9151-A-2_L_2024_02_02_16_08_52_Texas.ndpi.ndpa,1035,pol,11497328,5949049,8255,214083909.9186928
D9151-A-2_L_2024_02_02_16_08_52_Texas.ndpi.ndpa,1036,paly,11674761,5890728,6870,148273434.3122121
D9151-A-2_L_2024_02_02_16_08_52_Texas.ndpi.ndpa,1037,pol,11524511,6032578,11719,431450504.5586407
D9151-A-2_L_2024_02_02_16_08_52_Texas.ndpi.ndpa,1038,pol,11486701,6051607,11447,411654851.72628814
D9151-A-2_L_2024_02_02_16_08_52_Texas.ndpi.ndpa,1039,pol,11454081,5993780,8255,214083909.9186928
D9151-A-2_L_2024_02_02_16_08_52_Texas.ndpi.ndpa,1040,pol,11612302,6070206,8255,214083909.9186928
D9151-A-2_L_2024_02_02_16_08_52_Texas.ndpi.ndpa,1041,pol,11619480,6068021,8255,214083909.9186928
D9151-A-2_L_2024_02_02_16_08_52_Texas.ndpi.ndpa,1042,pol,11663790,6090801,8255,214083909.9186928
D9151-A-2_L_2024_02_02_16_08_52_Texas.ndpi.ndpa,1043,pol,11571112,6108589,8255,214083909.9186928
D9151-A-2_L_2024_02_02_16_08_52_Texas.ndpi.ndpa,1044,pol,11228482,6117327,12170,465297832.1712653
D9151-A-2_L_2024_02_02_16_08_52_Texas.ndpi.ndpa,1045,pol,11247828,6320788,13421,565873850.6663839
D9151-A-2_L_2024_02_02_16_08_52_Texas.ndpi.ndpa,1046,pol,11400421,6279596,8255,214083909.9186928
D9151-A-2_L_2024_02_02_16_08_52_Texas.ndpi.ndpa,1047,pol,11341444,6065524,8255,214083909.9186928
D9151-A-2_L_2024_02_02_16_08_52_Texas.ndpi.ndpa,1048,pol,11420704,6097666,8255,214083909.9186928
D9151-A-2_L_2024_02_02_16_08_52_Texas.ndpi.ndpa,1049,pol,11318040,6144163,8255,214083909.9186928
D9151-A-2_L_2024_02_02_16_08_52_Texas.ndpi.ndpa,1050,pol,11457214,6151966,8255,214083909.9186928
D9151-A-2_L_2024_02_02_16_08_52_Texas.ndpi.ndpa,1051,pol,11523056,6132305,8255,214083909.9186928
D9151-A-2_L_2024_02_02_16_08_52_Texas.ndpi.ndpa,1052,pol,11530233,6132618,8255,214083909.9186928
D9151-A-2_L_2024_02_02_16_08_52_Texas.ndpi.ndpa,1053,pol,11553949,6161950,8255,214083909.9186928
D9151-A-2_L_2024_02_02_16_08_52_Texas.ndpi.ndpa,1054,pol,11648812,6144476,8255,214083909.9186928
D9151-A-2_L_2024_02_02_16_08_52_Texas.ndpi.ndpa,1055,pol,11562999,6166632,8255,214083909.9186928
D9151-A-2_L_2024_02_02_16_08_52_Texas.ndpi.ndpa,1056,pol,11559254,6174121,8255,214083909.9186928
D9151-A-2_L_2024_02_02_16_08_52_Texas.ndpi.ndpa,1057,pol,11592643,6208447,8255,214083909.9186928
D9151-A-2_L_2024_02_02_16_08_52_Texas.ndpi.ndpa,1058,pol,11595764,6222801,8255,214083909.9186928
D9151-A-2_L_2024_02_02_16_08_52_Texas.ndpi.ndpa,1059,pol,11528361,6223426,8255,214083909.9186928
D9151-A-2_L_2024_02_02_16_08_52_Texas.ndpi.ndpa,1060,pol,11413527,6192531,8255,214083909.9186928
D9151-A-2_L_2024_02_02_16_08_52_Texas.ndpi.ndpa,1061,pol,11530858,6237780,8255,214083909.9186928
D9151-A-2_L_2024_02_02_16_08_52_Texas.ndpi.ndpa,1062,pol,11545212,6226858,8255,214083909.9186928
D9151-A-2_L_2024_02_02_16_08_52_Texas.ndpi.ndpa,1063,pol,11566743,6253383,8255,214083909.9186928
D9151-A-2_L_2024_02_02_16_08_52_Texas.ndpi.ndpa,1064,pol,11562687,6261809,8255,214083909.9186928
D9151-A-2_L_2024_02_02_16_08_52_Texas.ndpi.ndpa,1065,pol,11661294,6296135,8255,214083909.9186928
D9151-A-2_L_2024_02_02_16_08_52_Texas.ndpi.ndpa,1066,pol,11623224,6325156,8255,214083909.9186928
D9151-A-2_L_2024_02_02_16_08_52_Texas.ndpi.ndpa,1067,pol,11589523,6321724,8255,214083909.9186928
D9151-A-2_L_2024_02_02_16_08_52_Texas.ndpi.ndpa,1068,pol,11607310,6361979,8255,214083909.9186928
D9151-A-2_L_2024_02_02_16_08_52_Texas.ndpi.ndpa,1069,pol,11603565,6371028,8255,214083909.9186928
D9151-A-2_L_2024_02_02_16_08_52_Texas.ndpi.ndpa,1070,pol,11525241,6160702,6002,113172746.31928933
D9151-A-2_L_2024_02_02_16_08_52_Texas.ndpi.ndpa,1071,pol,11521496,6169752,10221,328198543.4146402
D9151-A-2_L_2024_02_02_16_08_52_Texas.ndpi.ndpa,1072,fun,11523680,6281156,8670,236150064.0184258
D9151-A-2_L_2024_02_02_16_08_52_Texas.ndpi.ndpa,1073,pol,11456590,6324532,8255,214083909.9186928
D9151-A-2_L_2024_02_02_16_08_52_Texas.ndpi.ndpa,1074,pol,11460022,6274290,8255,214083909.9186928
D9151-A-2_L_2024_02_02_16_08_52_Texas.ndpi.ndpa,1075,pol,11473752,6280220,8255,214083909.9186928
D9151-A-2_L_2024_02_02_16_08_52_Texas.ndpi.ndpa,1076,pol,11454718,6288958,8255,214083909.9186928
D9151-A-2_L_2024_02_02_16_08_52_Texas.ndpi.ndpa,1077,pol,11440051,6299255,8255,214083909.9186928
D9151-A-2_L_2024_02_02_16_08_52_Texas.ndpi.ndpa,1078,pol,11386379,6361043,8255,214083909.9186928
D9151-A-2_L_2024_02_02_16_08_52_Texas.ndpi.ndpa,1079,pol,11426010,6360731,8255,214083909.9186928
D9151-A-2_L_2024_02_02_16_08_52_Texas.ndpi.ndpa,1080,pol,11319288,6365412,8255,214083909.9186928
D9151-A-2_L_2024_02_02_16_08_52_Texas.ndpi.ndpa,1081,pol,11219120,6303624,8255,214083909.9186928
D9151-A-2_L_2024_02_02_16_08_52_Texas.ndpi.ndpa,1082,pol,11287459,6216559,8255,214083909.9186928
D9151-A-2_L_2024_02_02_16_08_52_Texas.ndpi.ndpa,1083,pol,11276538,6118264,8255,214083909.9186928
D9151-A-2_L_2024_02_02_16_08_52_Texas.ndpi.ndpa,1084,pol,11406350,6376645,8255,214083909.9186928
D9151-A-2_L_2024_02_02_16_08_52_Texas.ndpi.ndpa,1085,pol,11352989,6357922,8255,214083909.9186928
D9151-A-2_L_2024_02_02_16_08_52_Texas.ndpi.ndpa,1086,pol,11310863,6310802,8255,214083909.9186928
D9151-A-2_L_2024_02_02_16_08_52_Texas.ndpi.ndpa,1087,pol,11325841,6311426,8255,214083909.9186928
D9151-A-2_L_2024_02_02_16_08_52_Texas.ndpi.ndpa,1088,pol,11278098,6244646,8255,214083909.9186928
D9151-A-2_L_2024_02_02_16_08_52_Texas.ndpi.ndpa,1089,pol,11237844,6192843,8255,214083909.9186928
D9151-A-2_L_2024_02_02_16_08_52_Texas.ndpi.ndpa,1090,pol,11235346,6200646,8255,214083909.9186928
D9151-A-2_L_2024_02_02_16_08_52_Texas.ndpi.ndpa,1091,pol,11231314,6144163,8255,214083909.9186928
D9151-A-2_L_2024_02_02_16_08_52_Texas.ndpi.ndpa,1092,pol,11208223,6120759,8255,214083909.9186928
D9151-A-2_L_2024_02_02_16_08_52_Texas.ndpi.ndpa,1093,pol,11203230,6112021,8255,214083909.9186928
D9151-A-2_L_2024_02_02_16_08_52_Texas.ndpi.ndpa,1094,pol,11194804,6103907,8255,214083909.9186928
D9151-A-2_L_2024_02_02_16_08_52_Texas.ndpi.ndpa,1095,pol,11177018,6110151,8255,214083909.9186928
D9151-A-2_L_2024_02_02_16_08_52_Texas.ndpi.ndpa,1096,pol,11219769,6162886,8255,214083909.9186928
D9151-A-2_L_2024_02_02_16_08_52_Texas.ndpi.ndpa,1097,pol,11212904,6174433,8255,214083909.9186928
D9151-A-2_L_2024_02_02_16_08_52_Texas.ndpi.ndpa,1098,pol,11188564,6265241,8255,214083909.9186928
D9151-A-2_L_2024_02_02_16_08_52_Texas.ndpi.ndpa,1099,pol,11195429,6345752,8255,214083909.9186928
D9151-A-2_L_2024_02_02_16_08_52_Texas.ndpi.ndpa,1100,pol,11202918,6354489,8255,214083909.9186928
D9151-A-2_L_2024_02_02_16_08_52_Texas.ndpi.ndpa,1101,pol,11129899,6068332,8255,214083909.9186928
D9151-A-2_L_2024_02_02_16_08_52_Texas.ndpi.ndpa,1102,pol,11062808,6061156,8255,214083909.9186928
D9151-A-2_L_2024_02_02_16_08_52_Texas.ndpi.ndpa,1103,pol,11022553,6071767,8255,214083909.9186928
D9151-A-2_L_2024_02_02_16_08_52_Texas.ndpi.ndpa,1104,pol,10948286,6077382,8255,214083909.9186928
D9151-A-2_L_2024_02_02_16_08_52_Texas.ndpi.ndpa,1105,pol,10938300,6090177,8255,214083909.9186928
D9151-A-2_L_2024_02_02_16_08_52_Texas.ndpi.ndpa,1106,pol,10976370,6108901,8255,214083909.9186928
D9151-A-2_L_2024_02_02_16_08_52_Texas.ndpi.ndpa,1107,pol,11001646,6110775,8255,214083909.9186928
D9151-A-2_L_2024_02_02_16_08_52_Texas.ndpi.ndpa,1108,pol,11008511,6106406,8255,214083909.9186928
D9151-A-2_L_2024_02_02_16_08_52_Texas.ndpi.ndpa,1109,pol,11120537,6116079,8255,214083909.9186928
D9151-A-2_L_2024_02_02_16_08_52_Texas.ndpi.ndpa,1110,pol,10897110,6076759,8255,214083909.9186928
D9151-A-2_L_2024_02_02_16_08_52_Texas.ndpi.ndpa,1111,pol,10808176,6068959,8255,214083909.9186928
D9151-A-2_L_2024_02_02_16_08_52_Texas.ndpi.ndpa,1112,pol,10808488,6078944,8255,214083909.9186928
D9151-A-2_L_2024_02_02_16_08_52_Texas.ndpi.ndpa,1113,pol,10820969,6091114,8255,214083909.9186928
D9151-A-2_L_2024_02_02_16_08_52_Texas.ndpi.ndpa,1114,pol,10864656,6153213,8255,214083909.9186928
D9151-A-2_L_2024_02_02_16_08_52_Texas.ndpi.ndpa,1115,pol,10916457,6173184,8255,214083909.9186928
D9151-A-2_L_2024_02_02_16_08_52_Texas.ndpi.ndpa,1116,pol,10786020,6094547,8255,214083909.9186928
D9151-A-2_L_2024_02_02_16_08_52_Texas.ndpi.ndpa,1117,pol,10775098,6093611,8255,214083909.9186928
D9151-A-2_L_2024_02_02_16_08_52_Texas.ndpi.ndpa,1118,pol,10780091,6111084,8255,214083909.9186928
D9151-A-2_L_2024_02_02_16_08_52_Texas.ndpi.ndpa,1119,pol,10785396,6140419,8255,214083909.9186928
D9151-A-2_L_2024_02_02_16_08_52_Texas.ndpi.ndpa,1120,pol,10796942,6181298,8255,214083909.9186928
D9151-A-2_L_2024_02_02_16_08_52_Texas.ndpi.ndpa,1121,pol,10850614,6203765,8255,214083909.9186928
D9151-A-2_L_2024_02_02_16_08_52_Texas.ndpi.ndpa,1122,pol,10887436,6209383,8255,214083909.9186928
D9151-A-2_L_2024_02_02_16_08_52_Texas.ndpi.ndpa,1123,pol,11109615,6364787,8255,214083909.9186928
D9151-A-2_L_2024_02_02_16_08_52_Texas.ndpi.ndpa,1124,pol,11081531,6342319,8255,214083909.9186928
D9151-A-2_L_2024_02_02_16_08_52_Texas.ndpi.ndpa,1125,pol,11148621,6341071,8255,214083909.9186928
D9151-A-2_L_2024_02_02_16_08_52_Texas.ndpi.ndpa,1126,pol,11154550,6359170,8255,214083909.9186928
D9151-A-2_L_2024_02_02_16_08_52_Texas.ndpi.ndpa,1127,pol,11100566,6222801,8255,214083909.9186928
D9151-A-2_L_2024_02_02_16_08_52_Texas.ndpi.ndpa,1128,pol,11092452,6281156,8255,214083909.9186928
D9151-A-2_L_2024_02_02_16_08_52_Texas.ndpi.ndpa,1129,pol,11105870,6282717,10868,371064265.1287364
D9151-A-2_L_2024_02_02_16_08_52_Texas.ndpi.ndpa,1130,pol,11068113,6192220,8255,214083909.9186928
D9151-A-2_L_2024_02_02_16_08_52_Texas.ndpi.ndpa,1131,pol,11061872,6190348,8255,214083909.9186928
D9151-A-2_L_2024_02_02_16_08_52_Texas.ndpi.ndpa,1132,pol,11058752,6200020,8255,214083909.9186928
D9151-A-2_L_2024_02_02_16_08_52_Texas.ndpi.ndpa,1133,pol,11035036,6196589,8255,214083909.9186928
D9151-A-2_L_2024_02_02_16_08_52_Texas.ndpi.ndpa,1134,pol,11034100,6225923,8255,214083909.9186928
D9151-A-2_L_2024_02_02_16_08_52_Texas.ndpi.ndpa,1135,pol,10994782,6186915,8255,214083909.9186928
D9151-A-2_L_2024_02_02_16_08_52_Texas.ndpi.ndpa,1136,pol,10974186,6253073,8255,214083909.9186928
D9151-A-2_L_2024_02_02_16_08_52_Texas.ndpi.ndpa,1137,pol,11011632,6322661,8255,214083909.9186928
D9151-A-2_L_2024_02_02_16_08_52_Texas.ndpi.ndpa,1138,pol,11006327,6364475,8255,214083909.9186928
D9151-A-2_L_2024_02_02_16_08_52_Texas.ndpi.ndpa,1139,pol,11001334,6375710,8255,214083909.9186928
D9151-A-2_L_2024_02_02_16_08_52_Texas.ndpi.ndpa,1140,pol,10995093,6373213,8255,214083909.9186928
D9151-A-2_L_2024_02_02_16_08_52_Texas.ndpi.ndpa,1141,pol,11015064,6373213,14932,700464024.7688105
D9151-A-2_L_2024_02_02_16_08_52_Texas.ndpi.ndpa,1142,pol,10965254,6163511,14718,680530305.2225178
D9151-A-2_L_2024_02_02_16_08_52_Texas.ndpi.ndpa,1143,pol,11035466,6083625,6843,147110256.49062783
D9151-A-2_L_2024_02_02_16_08_52_Texas.ndpi.ndpa,1144,pol,10950900,6230290,8255,214083909.9186928
D9151-A-2_L_2024_02_02_16_08_52_Texas.ndpi.ndpa,1145,pol,10923751,6243085,8255,214083909.9186928
D9151-A-2_L_2024_02_02_16_08_52_Texas.ndpi.ndpa,1146,pol,10914390,6258375,8255,214083909.9186928
D9151-A-2_L_2024_02_02_16_08_52_Texas.ndpi.ndpa,1147,pol,10885993,6277098,8255,214083909.9186928
D9151-A-2_L_2024_02_02_16_08_52_Texas.ndpi.ndpa,1148,pol,10899100,6304561,8255,214083909.9186928
D9151-A-2_L_2024_02_02_16_08_52_Texas.ndpi.ndpa,1149,pol,10899723,6320163,8255,214083909.9186928
D9151-A-2_L_2024_02_02_16_08_52_Texas.ndpi.ndpa,1150,pol,10870391,6366660,8255,214083909.9186928
D9151-A-2_L_2024_02_02_16_08_52_Texas.ndpi.ndpa,1151,pol,10939666,6378518,8255,214083909.9186928
D9151-A-2_L_2024_02_02_16_08_52_Texas.ndpi.ndpa,1152,pol,10635418,6058348,8255,214083909.9186928
D9151-A-2_L_2024_02_02_16_08_52_Texas.ndpi.ndpa,1153,pol,10611702,6058660,10814,367386000.48531914
D9151-A-2_L_2024_02_02_16_08_52_Texas.ndpi.ndpa,1154,pol,10627928,6275227,16705,876683499.6726233
D9151-A-2_L_2024_02_02_16_08_52_Texas.ndpi.ndpa,1155,paly,10719358,6114829,12262,472359328.2088159
D9151-A-2_L_2024_02_02_16_08_52_Texas.ndpi.ndpa,1156,pol,10901595,6203141,8255,214083909.9186928
D9151-A-2_L_2024_02_02_16_08_52_Texas.ndpi.ndpa,1157,pol,10874447,6197525,8255,214083909.9186928
D9151-A-2_L_2024_02_02_16_08_52_Texas.ndpi.ndpa,1158,pol,10861966,6201270,8255,214083909.9186928
D9151-A-2_L_2024_02_02_16_08_52_Texas.ndpi.ndpa,1159,pol,10873510,6209071,8255,214083909.9186928
D9151-A-2_L_2024_02_02_16_08_52_Texas.ndpi.ndpa,1160,pol,10862277,6221866,8255,214083909.9186928
D9151-A-2_L_2024_02_02_16_08_52_Texas.ndpi.ndpa,1161,pol,10881313,6254319,8255,214083909.9186928
D9151-A-2_L_2024_02_02_16_08_52_Texas.ndpi.ndpa,1162,fun,10857908,6296135,8488,226339636.70987236
D9151-A-2_L_2024_02_02_16_08_52_Texas.ndpi.ndpa,1163,pol,10832633,6293015,8255,214083909.9186928
D9151-A-2_L_2024_02_02_16_08_52_Texas.ndpi.ndpa,1164,pol,10834192,6320474,8255,214083909.9186928
D9151-A-2_L_2024_02_02_16_08_52_Texas.ndpi.ndpa,1165,pol,10814222,6376957,8255,214083909.9186928
D9151-A-2_L_2024_02_02_16_08_52_Texas.ndpi.ndpa,1166,pol,10789258,6240277,8255,214083909.9186928
D9151-A-2_L_2024_02_02_16_08_52_Texas.ndpi.ndpa,1167,pol,10783016,6306122,8255,214083909.9186928
D9151-A-2_L_2024_02_02_16_08_52_Texas.ndpi.ndpa,1168,pol,10756181,6298319,8255,214083909.9186928
D9151-A-2_L_2024_02_02_16_08_52_Texas.ndpi.ndpa,1169,pol,10743698,6298943,8255,214083909.9186928
D9151-A-2_L_2024_02_02_16_08_52_Texas.ndpi.ndpa,1170,pol,10736521,6304872,8255,214083909.9186928
D9151-A-2_L_2024_02_02_16_08_52_Texas.ndpi.ndpa,1171,pol,10727472,6271482,8255,214083909.9186928
D9151-A-2_L_2024_02_02_16_08_52_Texas.ndpi.ndpa,1172,pol,10728096,6188475,8255,214083909.9186928
D9151-A-2_L_2024_02_02_16_08_52_Texas.ndpi.ndpa,1173,pol,10794562,6229666,8255,214083909.9186928
D9151-A-2_L_2024_02_02_16_08_52_Texas.ndpi.ndpa,1174,pol,10692522,6139482,8255,214083909.9186928
D9151-A-2_L_2024_02_02_16_08_52_Texas.ndpi.ndpa,1175,pol,10705940,6113583,8255,214083909.9186928
D9151-A-2_L_2024_02_02_16_08_52_Texas.ndpi.ndpa,1176,pol,10689402,6179425,8255,214083909.9186928
D9151-A-2_L_2024_02_02_16_08_52_Texas.ndpi.ndpa,1177,pol,10678792,6210008,8255,214083909.9186928
D9151-A-2_L_2024_02_02_16_08_52_Texas.ndpi.ndpa,1178,pol,10645716,6218744,8255,214083909.9186928
D9151-A-2_L_2024_02_02_16_08_52_Texas.ndpi.ndpa,1179,pol,10669119,6287085,8255,214083909.9186928
D9151-A-2_L_2024_02_02_16_08_52_Texas.ndpi.ndpa,1180,pol,10695019,6255880,8255,214083909.9186928
D9151-A-2_L_2024_02_02_16_08_52_Texas.ndpi.ndpa,1181,pol,10681600,6313922,8255,214083909.9186928
D9151-A-2_L_2024_02_02_16_08_52_Texas.ndpi.ndpa,1182,pol,10643531,6254007,8255,214083909.9186928
D9151-A-2_L_2024_02_02_16_08_52_Texas.ndpi.ndpa,1183,pol,10606397,6235907,8255,214083909.9186928
D9151-A-2_L_2024_02_02_16_08_52_Texas.ndpi.ndpa,1184,pol,10619503,6190661,8255,214083909.9186928
D9151-A-2_L_2024_02_02_16_08_52_Texas.ndpi.ndpa,1185,pol,10645403,6125441,8255,214083909.9186928
D9151-A-2_L_2024_02_02_16_08_52_Texas.ndpi.ndpa,1186,pol,10636353,6093298,8255,214083909.9186928
D9151-A-2_L_2024_02_02_16_08_52_Texas.ndpi.ndpa,1187,pol,10646340,6092362,8255,214083909.9186928
D9151-A-2_L_2024_02_02_16_08_52_Texas.ndpi.ndpa,1188,pol,10669119,6092050,8255,214083909.9186928
D9151-A-2_L_2024_02_02_16_08_52_Texas.ndpi.ndpa,1189,pol,10637290,6076448,8255,214083909.9186928
D9151-A-2_L_2024_02_02_16_08_52_Texas.ndpi.ndpa,1190,pol,10590171,6252446,8255,214083909.9186928
D9151-A-2_L_2024_02_02_16_08_52_Texas.ndpi.ndpa,1191,pol,10614822,6308930,8255,214083909.9186928
D9151-A-2_L_2024_02_02_16_08_52_Texas.ndpi.ndpa,1192,pol,10676295,6333582,8255,214083909.9186928
D9151-A-2_L_2024_02_02_16_08_52_Texas.ndpi.ndpa,1193,pol,10699700,6368533,12045,455788623.90793073
D9151-A-2_L_2024_02_02_16_08_52_Texas.ndpi.ndpa,1194,pol,10600837,6149780,8255,214083909.9186928
D9151-A-2_L_2024_02_02_16_08_52_Texas.ndpi.ndpa,1195,pol,10585546,6144163,8255,214083909.9186928
D9151-A-2_L_2024_02_02_16_08_52_Texas.ndpi.ndpa,1196,pol,10581489,6207510,8255,214083909.9186928
D9151-A-2_L_2024_02_02_16_08_52_Texas.ndpi.ndpa,1197,pol,10549036,6304248,8255,214083909.9186928
D9151-A-2_L_2024_02_02_16_08_52_Texas.ndpi.ndpa,1198,pol,10490683,6292078,8255,214083909.9186928
D9151-A-2_L_2024_02_02_16_08_52_Texas.ndpi.ndpa,1199,pol,10537178,6225609,8255,214083909.9186928
D9151-A-2_L_2024_02_02_16_08_52_Texas.ndpi.ndpa,1200,pol,10530626,6141666,8255,214083909.9186928
D9151-A-2_L_2024_02_02_16_08_52_Texas.ndpi.ndpa,1201,pol,10476952,6171936,8255,214083909.9186928
D9151-A-2_L_2024_02_02_16_08_52_Texas.ndpi.ndpa,1202,pol,10497860,6216248,8255,214083909.9186928
D9151-A-2_L_2024_02_02_16_08_52_Texas.ndpi.ndpa,1203,pol,10509406,6214376,8255,214083909.9186928
D9151-A-2_L_2024_02_02_16_08_52_Texas.ndpi.ndpa,1204,pol,10493492,6235596,8255,214083909.9186928
D9151-A-2_L_2024_02_02_16_08_52_Texas.ndpi.ndpa,1205,pol,10472896,6245893,8255,214083909.9186928
D9151-A-2_L_2024_02_02_16_08_52_Texas.ndpi.ndpa,1206,pol,10400500,6282717,8255,214083909.9186928
D9151-A-2_L_2024_02_02_16_08_52_Texas.ndpi.ndpa,1207,pol,10399253,6294264,8255,214083909.9186928
D9151-A-2_L_2024_02_02_16_08_52_Texas.ndpi.ndpa,1208,pol,10497548,6375397,8255,214083909.9186928
D9151-A-2_L_2024_02_02_16_08_52_Texas.ndpi.ndpa,1209,pol,10488187,6370093,8255,214083909.9186928
D9151-A-2_L_2024_02_02_16_08_52_Texas.ndpi.ndpa,1210,pol,10483506,6323596,8255,214083909.9186928
D9151-A-2_L_2024_02_02_16_08_52_Texas.ndpi.ndpa,1211,pol,10397068,6206575,8255,214083909.9186928
D9151-A-2_L_2024_02_02_16_08_52_Texas.ndpi.ndpa,1212,pol,10396756,6194717,8255,214083909.9186928
D9151-A-2_L_2024_02_02_16_08_52_Texas.ndpi.ndpa,1213,pol,10437010,6142290,8255,214083909.9186928
D9151-A-2_L_2024_02_02_16_08_52_Texas.ndpi.ndpa,1214,pol,10499108,6142290,8255,214083909.9186928
D9151-A-2_L_2024_02_02_16_08_52_Texas.ndpi.ndpa,1215,pol,10492243,6139170,8255,214083909.9186928
D9151-A-2_L_2024_02_02_16_08_52_Texas.ndpi.ndpa,1216,pol,10426401,6312673,8255,214083909.9186928
D9151-A-2_L_2024_02_02_16_08_52_Texas.ndpi.ndpa,1217,pol,10359622,6359170,8984,253565030.5042587
D9151-A-2_L_2024_02_02_16_08_52_Texas.ndpi.ndpa,1218,pol,10427961,6348873,16327,837457272.2070063
D9151-A-2_L_2024_02_02_16_08_52_Texas.ndpi.ndpa,1219,pol,10492555,6264306,13501,572640087.2599794
D9151-A-2_L_2024_02_02_16_08_52_Texas.ndpi.ndpa,1220,pol,10369295,6278348,8255,214083909.9186928
D9151-A-2_L_2024_02_02_16_08_52_Texas.ndpi.ndpa,1221,pol,10375849,6281468,8255,214083909.9186928
D9151-A-2_L_2024_02_02_16_08_52_Texas.ndpi.ndpa,1222,pol,10386458,6180050,8255,214083909.9186928
D9151-A-2_L_2024_02_02_16_08_52_Texas.ndpi.ndpa,1223,pol,10380842,6122943,8255,214083909.9186928
D9151-A-2_L_2024_02_02_16_08_52_Texas.ndpi.ndpa,1224,pol,10372104,6113583,8255,214083909.9186928
D9151-A-2_L_2024_02_02_16_08_52_Texas.ndpi.ndpa,1225,pol,10383026,6116079,8255,214083909.9186928
D9151-A-2_L_2024_02_02_16_08_52_Texas.ndpi.ndpa,1226,pol,10344644,6117014,8255,214083909.9186928
D9151-A-2_L_2024_02_02_16_08_52_Texas.ndpi.ndpa,1227,pol,10349948,6218433,8255,214083909.9186928
D9151-A-2_L_2024_02_02_16_08_52_Texas.ndpi.ndpa,1228,pol,10332786,6199397,8255,214083909.9186928
D9151-A-2_L_2024_02_02_16_08_52_Texas.ndpi.ndpa,1229,pol,10340276,6222177,8255,214083909.9186928
D9151-A-2_L_2024_02_02_16_08_52_Texas.ndpi.ndpa,1230,pol,10342772,6226546,8255,214083909.9186928
D9151-A-2_L_2024_02_02_16_08_52_Texas.ndpi.ndpa,1231,pol,10335595,6224674,8255,214083909.9186928
D9151-A-2_L_2024_02_02_16_08_52_Texas.ndpi.ndpa,1232,pol,10318432,6165695,8255,214083909.9186928
D9151-A-2_L_2024_02_02_16_08_52_Texas.ndpi.ndpa,1233,pol,10279738,6146348,8255,214083909.9186928
D9151-A-2_L_2024_02_02_16_08_52_Texas.ndpi.ndpa,1234,pol,10272873,6166945,8255,214083909.9186928
D9151-A-2_L_2024_02_02_16_08_52_Texas.ndpi.ndpa,1235,pol,10274120,6181611,8255,214083909.9186928
D9151-A-2_L_2024_02_02_16_08_52_Texas.ndpi.ndpa,1236,pol,10267256,6225609,8255,214083909.9186928
D9151-A-2_L_2024_02_02_16_08_52_Texas.ndpi.ndpa,1237,pol,10285979,6238716,8255,214083909.9186928
D9151-A-2_L_2024_02_02_16_08_52_Texas.ndpi.ndpa,1238,pol,10236987,6241213,8255,214083909.9186928
D9151-A-2_L_2024_02_02_16_08_52_Texas.ndpi.ndpa,1239,pol,10216179,6268362,8255,214083909.9186928
D9151-A-2_L_2024_02_02_16_08_52_Texas.ndpi.ndpa,1240,pol,10202761,6289582,8255,214083909.9186928
D9151-A-2_L_2024_02_02_16_08_52_Texas.ndpi.ndpa,1241,pol,10223356,6319540,8255,214083909.9186928
D9151-A-2_L_2024_02_02_16_08_52_Texas.ndpi.ndpa,1242,pol,10222108,6311738,8255,214083909.9186928
D9151-A-2_L_2024_02_02_16_08_52_Texas.ndpi.ndpa,1243,pol,10123188,6308930,8255,214083909.9186928
D9151-A-2_L_2024_02_02_16_08_52_Texas.ndpi.ndpa,1244,pol,10136295,6273043,8255,214083909.9186928
D9151-A-2_L_2024_02_02_16_08_52_Texas.ndpi.ndpa,1245,pol,10185598,6371028,8255,214083909.9186928
D9151-A-2_L_2024_02_02_16_08_52_Texas.ndpi.ndpa,1246,pol,10196520,6365725,8255,214083909.9186928
D9151-A-2_L_2024_02_02_16_08_52_Texas.ndpi.ndpa,1247,pol,10142536,6362292,8255,214083909.9186928
D9151-A-2_L_2024_02_02_16_08_52_Texas.ndpi.ndpa,1248,pol,10215868,6351993,8255,214083909.9186928
D9151-A-2_L_2024_02_02_16_08_52_Texas.ndpi.ndpa,1249,pol,10205882,6341696,8255,214083909.9186928
D9151-A-2_L_2024_02_02_16_08_52_Texas.ndpi.ndpa,1250,pol,10254873,6262120,8255,214083909.9186928
D9151-A-2_L_2024_02_02_16_08_52_Texas.ndpi.ndpa,1251,pol,10201200,6218120,8255,214083909.9186928
D9151-A-2_L_2024_02_02_16_08_52_Texas.ndpi.ndpa,1252,pol,10262987,6176304,8255,214083909.9186928
D9151-A-2_L_2024_02_02_16_08_52_Texas.ndpi.ndpa,1253,pol,10198392,6179425,8255,214083909.9186928
D9151-A-2_L_2024_02_02_16_08_52_Texas.ndpi.ndpa,1254,pol,10258618,6102661,8255,214083909.9186928
D9151-A-2_L_2024_02_02_16_08_52_Texas.ndpi.ndpa,1255,pol,10147216,6130122,8255,214083909.9186928
D9151-A-2_L_2024_02_02_16_08_52_Texas.ndpi.ndpa,1256,pol,10238022,6374150,8255,214083909.9186928
D9151-A-2_L_2024_02_02_16_08_52_Texas.ndpi.ndpa,1257,pol,10254561,6370093,14153,629284284.574006
D9151-A-2_L_2024_02_02_16_08_52_Texas.ndpi.ndpa,1258,pol,10142224,6210008,8255,214083909.9186928
D9151-A-2_L_2024_02_02_16_08_52_Texas.ndpi.ndpa,1259,pol,10094168,6285213,12899,522711383.53500754
D9151-A-2_L_2024_02_02_16_08_52_Texas.ndpi.ndpa,1260,pol,10091047,6224674,8255,214083909.9186928
D9151-A-2_L_2024_02_02_16_08_52_Texas.ndpi.ndpa,1261,pol,10103217,6176929,8255,214083909.9186928
D9151-A-2_L_2024_02_02_16_08_52_Texas.ndpi.ndpa,1262,pol,10088240,6126063,8255,214083909.9186928
D9151-A-2_L_2024_02_02_16_08_52_Texas.ndpi.ndpa,1263,pol,10053601,6151652,8255,214083909.9186928
D9151-A-2_L_2024_02_02_16_08_52_Texas.ndpi.ndpa,1264,pol,10030510,6199085,8255,214083909.9186928
D9151-A-2_L_2024_02_02_16_08_52_Texas.ndpi.ndpa,1265,pol,9994000,6225298,8255,214083909.9186928
D9151-A-2_L_2024_02_02_16_08_52_Texas.ndpi.ndpa,1266,pol,10009291,6224986,8255,214083909.9186928
D9151-A-2_L_2024_02_02_16_08_52_Texas.ndpi.ndpa,1267,pol,10047048,6254319,8255,214083909.9186928
D9151-A-2_L_2024_02_02_16_08_52_Texas.ndpi.ndpa,1268,pol,10022708,6301751,8255,214083909.9186928
D9151-A-2_L_2024_02_02_16_08_52_Texas.ndpi.ndpa,1269,pol,10053290,6220305,8255,214083909.9186928
D9151-A-2_L_2024_02_02_16_08_52_Texas.ndpi.ndpa,1270,pol,10068580,6220305,8255,214083909.9186928
D9151-A-2_L_2024_02_02_16_08_52_Texas.ndpi.ndpa,1271,pol,9973405,6170688,8255,214083909.9186928
D9151-A-2_L_2024_02_02_16_08_52_Texas.ndpi.ndpa,1272,pol,10019276,6148845,8255,214083909.9186928
D9151-A-2_L_2024_02_02_16_08_52_Texas.ndpi.ndpa,1273,pol,10063275,6157270,8255,214083909.9186928
D9151-A-2_L_2024_02_02_16_08_52_Texas.ndpi.ndpa,1274,pol,10064523,6136050,8255,214083909.9186928
D9151-A-2_L_2024_02_02_16_08_52_Texas.ndpi.ndpa,1275,pol,10059530,6137610,7727,187573592.87774593
D9151-A-2_L_2024_02_02_16_08_52_Texas.ndpi.ndpa,1276,pol,10068892,6130431,12579,497098104.2939961
D9151-A-2_L_2024_02_02_16_08_52_Texas.ndpi.ndpa,1277,pol,10116635,6238404,13850,602628156.7932281
D9151-A-2_L_2024_02_02_16_08_52_Texas.ndpi.ndpa,1278,pol,10507918,6140037,11880,443386794.2088033
D9151-A-2_L_2024_02_02_16_08_52_Texas.ndpi.ndpa,1279,pol,10450024,6132782,8255,214083909.9186928
D9151-A-2_L_2024_02_02_16_08_52_Texas.ndpi.ndpa,1280,pol,10458585,6130896,8255,214083909.9186928
D9151-A-2_L_2024_02_02_16_08_52_Texas.ndpi.ndpa,1281,pol,10438562,6131476,8255,214083909.9186928
D9151-A-2_L_2024_02_02_16_08_52_Texas.ndpi.ndpa,1282,paly,10480945,6343503,8908,249293117.94664854
D9151-A-2_L_2024_02_02_16_08_52_Texas.ndpi.ndpa,1283,pol,10102296,6211460,6989,153454614.8899581
D9151-A-2_L_2024_02_02_16_08_52_Texas.ndpi.ndpa,1284,fun,10312881,6173999,7995,200810680.95727593
D9151-A-2_L_2024_02_02_16_08_52_Texas.ndpi.ndpa,1285,pol,10066965,6333601,8255,214083909.9186928
D9151-A-2_L_2024_02_02_16_08_52_Texas.ndpi.ndpa,1286,pol,10031278,6373024,8255,214083909.9186928
D9151-A-2_L_2024_02_02_16_08_52_Texas.ndpi.ndpa,1287,pol,9931893,6349163,8255,214083909.9186928
D9151-A-2_L_2024_02_02_16_08_52_Texas.ndpi.ndpa,1288,pol,9948492,6357877,8255,214083909.9186928
D9151-A-2_L_2024_02_02_16_08_52_Texas.ndpi.ndpa,1289,pol,9864046,6362442,8255,214083909.9186928
D9151-A-2_L_2024_02_02_16_08_52_Texas.ndpi.ndpa,1290,pol,9830641,6376550,8255,214083909.9186928
D9151-A-2_L_2024_02_02_16_08_52_Texas.ndpi.ndpa,1291,pol,9840601,6295838,8255,214083909.9186928
D9151-A-2_L_2024_02_02_16_08_52_Texas.ndpi.ndpa,1292,pol,9883757,6299572,8255,214083909.9186928
D9151-A-2_L_2024_02_02_16_08_52_Texas.ndpi.ndpa,1293,pol,9883134,6328413,8255,214083909.9186928
D9151-A-2_L_2024_02_02_16_08_52_Texas.ndpi.ndpa,1294,pol,9893302,6286086,8255,214083909.9186928
D9151-A-2_L_2024_02_02_16_08_52_Texas.ndpi.ndpa,1295,pol,9924424,6246455,8255,214083909.9186928
D9151-A-2_L_2024_02_02_16_08_52_Texas.ndpi.ndpa,1296,pol,9909693,6234214,8255,214083909.9186928
D9151-A-2_L_2024_02_02_16_08_52_Texas.ndpi.ndpa,1297,pol,9876703,6240854,8255,214083909.9186928
D9151-A-2_L_2024_02_02_16_08_52_Texas.ndpi.ndpa,1298,pol,9953265,6214502,8255,214083909.9186928
D9151-A-2_L_2024_02_02_16_08_52_Texas.ndpi.ndpa,1299,pol,9848485,6199771,8255,214083909.9186928
D9151-A-2_L_2024_02_02_16_08_52_Texas.ndpi.ndpa,1300,pol,9828566,6189811,8255,214083909.9186928
D9151-A-2_L_2024_02_02_16_08_52_Texas.ndpi.ndpa,1301,pol,9834584,6181719,8255,214083909.9186928
D9151-A-2_L_2024_02_02_16_08_52_Texas.ndpi.ndpa,1302,pol,9990196,6365969,8255,214083909.9186928
D9151-A-2_L_2024_02_02_16_08_52_Texas.ndpi.ndpa,1303,pol,9913842,6173626,8255,214083909.9186928
D9151-A-2_L_2024_02_02_16_08_52_Texas.ndpi.ndpa,1304,pol,9837074,6156986,8255,214083909.9186928
USNMPAL_793077_D3163-A_2024_07_29_10_45_13_Arkansas.ndpi.ndpa,2,pol,27865738,6701231,7727,187573592.87774593
USNMPAL_793077_D3163-A_2024_07_29_10_45_13_Arkansas.ndpi.ndpa,3,pol,27870068,6747356,13219,548968060.9514742
USNMPAL_793077_D3163-A_2024_07_29_10_45_13_Arkansas.ndpi.ndpa,4,pol,27853690,6729471,9818,302827930.21497
USNMPAL_793077_D3163-A_2024_07_29_10_45_13_Arkansas.ndpi.ndpa,5,pol,27944054,6673933,15146,720685489.0694307
USNMPAL_793077_D3163-A_2024_07_29_10_45_13_Arkansas.ndpi.ndpa,6,pol,27999036,6801952,8311,216998352.85705742
USNMPAL_793077_D3163-A_2024_07_29_10_45_13_Arkansas.ndpi.ndpa,7,pol,28219692,6820590,7944,198256914.84669197
USNMPAL_793077_D3163-A_2024_07_29_10_45_13_Arkansas.ndpi.ndpa,8,pol,28269014,6835840,13039,534119511.7698412
USNMPAL_793077_D3163-A_2024_07_29_10_45_13_Arkansas.ndpi.ndpa,9,pol,28269392,6792727,12218,468975455.9297812
USNMPAL_793077_D3163-A_2024_07_29_10_45_13_Arkansas.ndpi.ndpa,10,pol,28420762,6748108,9544,286161190.5682573
USNMPAL_793077_D3163-A_2024_07_29_10_45_13_Arkansas.ndpi.ndpa,11,pol,28412292,6788774,10656,356728901.3902526
USNMPAL_793077_D3163-A_2024_07_29_10_45_13_Arkansas.ndpi.ndpa,12,pol,28491188,6812872,9908,308405325.31659406
USNMPAL_793077_D3163-A_2024_07_29_10_45_13_Arkansas.ndpi.ndpa,13,pol,28581364,6711021,13629,583549707.5725415
USNMPAL_793077_D3163-A_2024_07_29_10_45_13_Arkansas.ndpi.ndpa,14,pol,28614308,6746415,8103,206272603.6793247
USNMPAL_793077_D3163-A_2024_07_29_10_45_13_Arkansas.ndpi.ndpa,15,pol,28698648,6769571,9691,295044185.1679518
USNMPAL_793077_D3163-A_2024_07_29_10_45_13_Arkansas.ndpi.ndpa,16,pol,28674928,6773336,8395,221406962.3942106
USNMPAL_793077_D3163-A_2024_07_29_10_45_13_Arkansas.ndpi.ndpa,17,pol,28661756,6829251,12376,481183220.0259184
USNMPAL_793077_D3163-A_2024_07_29_10_45_13_Arkansas.ndpi.ndpa,18,pol,28695080,6830380,7473,175444531.96076646
USNMPAL_793077_D3163-A_2024_07_29_10_45_13_Arkansas.ndpi.ndpa,19,pol,28703550,6811365,9827,303383379.5040879
USNMPAL_793077_D3163-A_2024_07_29_10_45_13_Arkansas.ndpi.ndpa,20,spo,28742896,6683158,30268,2878175839.8512893
USNMPAL_793077_D3163-A_2024_07_29_10_45_13_Arkansas.ndpi.ndpa,21,pol,28801632,6726647,6395,128478651.70102452
USNMPAL_793077_D3163-A_2024_07_29_10_45_13_Arkansas.ndpi.ndpa,22,pol,28739508,6780114,11753,433957646.2926528
USNMPAL_793077_D3163-A_2024_07_29_10_45_13_Arkansas.ndpi.ndpa,23,pol,28744966,6814943,19720,1221697524.579753
USNMPAL_793077_D3163-A_2024_07_29_10_45_13_Arkansas.ndpi.ndpa,24,pol,28876952,6807035,11926,446827076.9255258
USNMPAL_793077_D3163-A_2024_07_29_10_45_13_Arkansas.ndpi.ndpa,25,paly,28898416,6829062,14594,669111596.1036268
USNMPAL_793077_D3163-A_2024_07_29_10_45_13_Arkansas.ndpi.ndpa,26,pol,28998756,6797810,13089,538223688.4124908
USNMPAL_793077_D3163-A_2024_07_29_10_45_13_Arkansas.ndpi.ndpa,27,pol,29024360,6777855,11790,436694259.37886095
USNMPAL_793077_D3163-A_2024_07_29_10_45_13_Arkansas.ndpi.ndpa,28,pol,29097594,6721375,9139,262389968.4717149
USNMPAL_793077_D3163-A_2024_07_29_10_45_13_Arkansas.ndpi.ndpa,29,pol,29204354,6770136,8057,203937269.36435217
USNMPAL_793077_D3163-A_2024_07_29_10_45_13_Arkansas.ndpi.ndpa,30,pol,29222240,6788397,9717,296629457.95369446
USNMPAL_793077_D3163-A_2024_07_29_10_45_13_Arkansas.ndpi.ndpa,31,pol,29174796,6801576,8472,225487134.12739423
USNMPAL_793077_D3163-A_2024_07_29_10_45_13_Arkansas.ndpi.ndpa,32,pol,29201340,6734177,6412,129162636.11197144
USNMPAL_793077_D3163-A_2024_07_29_10_45_13_Arkansas.ndpi.ndpa,33,pol,29206990,6736060,7005,154158030.05146748
USNMPAL_793077_D3163-A_2024_07_29_10_45_13_Arkansas.ndpi.ndpa,34,paly,29241628,6729094,14539,664077775.0708902
USNMPAL_793077_D3163-A_2024_07_29_10_45_13_Arkansas.ndpi.ndpa,35,paly,29172350,6821344,12207,468131388.523578
USNMPAL_793077_D3163-A_2024_07_29_10_45_13_Arkansas.ndpi.ndpa,36,pol,29408060,6849405,9716,296568407.3836572
USNMPAL_793077_D3163-A_2024_07_29_10_45_13_Arkansas.ndpi.ndpa,37,paly,29150702,6887999,10189,326146706.4207276
USNMPAL_793077_D3163-A_2024_07_29_10_45_13_Arkansas.ndpi.ndpa,38,pol,29021344,6946926,11334,403567597.4130066
USNMPAL_793077_D3163-A_2024_07_29_10_45_13_Arkansas.ndpi.ndpa,39,pol,28877138,6955962,7883,195223873.64406165
USNMPAL_793077_D3163-A_2024_07_29_10_45_13_Arkansas.ndpi.ndpa,40,pol,28764934,6907202,8322,217573148.0737362
USNMPAL_793077_D3163-A_2024_07_29_10_45_13_Arkansas.ndpi.ndpa,41,pol,28916860,6868232,9588,288805808.3967904
USNMPAL_793077_D3163-A_2024_07_29_10_45_13_Arkansas.ndpi.ndpa,42,pol,28991036,6880280,8703,237951167.3610627
USNMPAL_793077_D3163-A_2024_07_29_10_45_13_Arkansas.ndpi.ndpa,43,pol,28850028,6932806,10339,335820298.5196613
USNMPAL_793077_D3163-A_2024_07_29_10_45_13_Arkansas.ndpi.ndpa,44,pol,28817084,6932806,13049,534939090.46130973
USNMPAL_793077_D3163-A_2024_07_29_10_45_13_Arkansas.ndpi.ndpa,45,pol,28652904,6963681,12013,453370049.9540087
USNMPAL_793077_D3163-A_2024_07_29_10_45_13_Arkansas.ndpi.ndpa,46,pol,28621466,6891011,14930,700276396.2891675
USNMPAL_793077_D3163-A_2024_07_29_10_45_13_Arkansas.ndpi.ndpa,47,pol,28631256,6860136,8513,227674892.12746435
USNMPAL_793077_D3163-A_2024_07_29_10_45_13_Arkansas.ndpi.ndpa,48,pol,28667964,6890258,8097,205967240.87339574
USNMPAL_793077_D3163-A_2024_07_29_10_45_13_Arkansas.ndpi.ndpa,49,pol,28665518,6932429,15660,770430359.358685
USNMPAL_793077_D3163-A_2024_07_29_10_45_13_Arkansas.ndpi.ndpa,50,pol,28627488,6933371,8850,246057390.61078656
USNMPAL_793077_D3163-A_2024_07_29_10_45_13_Arkansas.ndpi.ndpa,51,pol,28432258,6892329,9347,274469668.6849212
USNMPAL_793077_D3163-A_2024_07_29_10_45_13_Arkansas.ndpi.ndpa,52,paly,28389512,6830013,67949,14504942514.836397
USNMPAL_793077_D3163-A_2024_07_29_10_45_13_Arkansas.ndpi.ndpa,53,pol,28408528,6856935,8620,233434157.1693974
USNMPAL_793077_D3163-A_2024_07_29_10_45_13_Arkansas.ndpi.ndpa,54,pol,28427914,7013009,10028,315921020.25363
USNMPAL_793077_D3163-A_2024_07_29_10_45_13_Arkansas.ndpi.ndpa,55,pol,28171496,6921698,12635,501533982.8553824
USNMPAL_793077_D3163-A_2024_07_29_10_45_13_Arkansas.ndpi.ndpa,56,paly,28160188,6878209,15234,729084348.5332438
USNMPAL_793077_D3163-A_2024_07_29_10_45_13_Arkansas.ndpi.ndpa,57,pol,28081498,6978742,7941,198107202.24878514
USNMPAL_793077_D3163-A_2024_07_29_10_45_13_Arkansas.ndpi.ndpa,58,pol,28059094,6972906,14467,657516772.4421684
USNMPAL_793077_D3163-A_2024_07_29_10_45_13_Arkansas.ndpi.ndpa,59,pol,27874208,6841498,10624,354589602.4568641
USNMPAL_793077_D3163-A_2024_07_29_10_45_13_Arkansas.ndpi.ndpa,60,pol,27722094,6904566,9400,277591126.8711941
USNMPAL_793077_D3163-A_2024_07_29_10_45_13_Arkansas.ndpi.ndpa,61,pol,27822248,6942218,9977,312715794.6408418
USNMPAL_793077_D3163-A_2024_07_29_10_45_13_Arkansas.ndpi.ndpa,62,pol,27722284,6890069,10955,377028896.0824346
USNMPAL_793077_D3163-A_2024_07_29_10_45_13_Arkansas.ndpi.ndpa,63,pol,27667864,6926216,11335,403638814.1768709
USNMPAL_793077_D3163-A_2024_07_29_10_45_13_Arkansas.ndpi.ndpa,64,pol,27626448,6992306,11322,402713486.33508986
USNMPAL_793077_D3163-A_2024_07_29_10_45_13_Arkansas.ndpi.ndpa,65,pol,27610068,7106505,20070,1265448914.6699712
USNMPAL_793077_D3163-A_2024_07_29_10_45_13_Arkansas.ndpi.ndpa,66,pol,27628894,7123449,11045,383249249.53654236
USNMPAL_793077_D3163-A_2024_07_29_10_45_13_Arkansas.ndpi.ndpa,67,pol,27824496,7078078,11907,445404478.94897866
USNMPAL_793077_D3163-A_2024_07_29_10_45_13_Arkansas.ndpi.ndpa,68,pol,27909590,7100169,10651,356394211.8169024
USNMPAL_793077_D3163-A_2024_07_29_10_45_13_Arkansas.ndpi.ndpa,69,pol,27964964,7036477,11098,386936156.7013496
USNMPAL_793077_D3163-A_2024_07_29_10_45_13_Arkansas.ndpi.ndpa,70,pol,27941152,7035721,10101,320537329.90589
USNMPAL_793077_D3163-A_2024_07_29_10_45_13_Arkansas.ndpi.ndpa,71,pol,27948524,7027972,7234,164401918.60639998
USNMPAL_793077_D3163-A_2024_07_29_10_45_13_Arkansas.ndpi.ndpa,72,pol,28059270,7026461,7791,190693671.90484396
USNMPAL_793077_D3163-A_2024_07_29_10_45_13_Arkansas.ndpi.ndpa,73,pol,27851190,6966360,7101,158412299.4247351
USNMPAL_793077_D3163-A_2024_07_29_10_45_13_Arkansas.ndpi.ndpa,74,pol,28297772,7002458,7894,195769087.62431422
USNMPAL_793077_D3163-A_2024_07_29_10_45_13_Arkansas.ndpi.ndpa,75,pol,28520212,7076355,11219,395419578.4146194
USNMPAL_793077_D3163-A_2024_07_29_10_45_13_Arkansas.ndpi.ndpa,76,pol,28337078,7024571,7868,194481625.25576127
USNMPAL_793077_D3163-A_2024_07_29_10_45_13_Arkansas.ndpi.ndpa,77,pol,28504712,7018711,9697,295409640.3581586
USNMPAL_793077_D3163-A_2024_07_29_10_45_13_Arkansas.ndpi.ndpa,78,pol,28508116,7044793,8289,215851043.21996644
USNMPAL_793077_D3163-A_2024_07_29_10_45_13_Arkansas.ndpi.ndpa,79,pol,28654954,7006048,8234,212996073.7721269
USNMPAL_793077_D3163-A_2024_07_29_10_45_13_Arkansas.ndpi.ndpa,80,pol,28645504,7056889,13909,607773397.551017
USNMPAL_793077_D3163-A_2024_07_29_10_45_13_Arkansas.ndpi.ndpa,81,pol,28647772,7034777,13548,576634003.425266
USNMPAL_793077_D3163-A_2024_07_29_10_45_13_Arkansas.ndpi.ndpa,82,pol,28744726,7076733,8285,215642768.19340405
USNMPAL_793077_D3163-A_2024_07_29_10_45_13_Arkansas.ndpi.ndpa,83,pol,28738110,7039123,7861,194135726.47982308
USNMPAL_793077_D3163-A_2024_07_29_10_45_13_Arkansas.ndpi.ndpa,84,pol,28778178,7012853,7791,190693671.90484396
USNMPAL_793077_D3163-A_2024_07_29_10_45_13_Arkansas.ndpi.ndpa,85,pol,28870972,7060102,8152,208774866.51994568
USNMPAL_793077_D3163-A_2024_07_29_10_45_13_Arkansas.ndpi.ndpa,86,pol,28954500,7019089,11131,389240693.983539
USNMPAL_793077_D3163-A_2024_07_29_10_45_13_Arkansas.ndpi.ndpa,87,pol,28980016,7044982,12695,506308575.37030816
USNMPAL_793077_D3163-A_2024_07_29_10_45_13_Arkansas.ndpi.ndpa,88,pol,29117976,7052730,9383,276587981.7793837
USNMPAL_793077_D3163-A_2024_07_29_10_45_13_Arkansas.ndpi.ndpa,89,pol,29203400,7014931,12802,514879402.4743861
USNMPAL_793077_D3163-A_2024_07_29_10_45_13_Arkansas.ndpi.ndpa,90,pol,29282208,6999245,10031,316110071.8747451
USNMPAL_793077_D3163-A_2024_07_29_10_45_13_Arkansas.ndpi.ndpa,91,pol,29137820,7085049,9305,272008595.26558137
USNMPAL_793077_D3163-A_2024_07_29_10_45_13_Arkansas.ndpi.ndpa,92,pol,29196218,7103760,11241,396971902.1766112
USNMPAL_793077_D3163-A_2024_07_29_10_45_13_Arkansas.ndpi.ndpa,93,paly,29301676,7102626,9713,296385293.3726574
USNMPAL_793077_D3163-A_2024_07_29_10_45_13_Arkansas.ndpi.ndpa,94,pol,29397116,7052353,11984,451183774.78567106
USNMPAL_793077_D3163-A_2024_07_29_10_45_13_Arkansas.ndpi.ndpa,95,paly,28440080,7046683,17254,935253754.0354906
USNMPAL_793077_D3163-A_2024_07_29_10_45_13_Arkansas.ndpi.ndpa,96,pol,28370718,7061802,8452,224423767.84600714
USNMPAL_793077_D3163-A_2024_07_29_10_45_13_Arkansas.ndpi.ndpa,97,pol,27622610,7248904,15470,751848781.2904975
USNMPAL_793077_D3163-A_2024_07_29_10_45_13_Arkansas.ndpi.ndpa,98,pol,27713138,7247203,9203,266077846.38865212
USNMPAL_793077_D3163-A_2024_07_29_10_45_13_Arkansas.ndpi.ndpa,99,paly,27719752,7142500,11497,415258886.81848633
USNMPAL_793077_D3163-A_2024_07_29_10_45_13_Arkansas.ndpi.ndpa,100,pol,27738836,7152894,12161,464609889.3535749
USNMPAL_793077_D3163-A_2024_07_29_10_45_13_Arkansas.ndpi.ndpa,101,pol,27895134,7130215,14174,631153114.371069
USNMPAL_793077_D3163-A_2024_07_29_10_45_13_Arkansas.ndpi.ndpa,102,pol,27965244,7122655,14120,626353150.3538729
USNMPAL_793077_D3163-A_2024_07_29_10_45_13_Arkansas.ndpi.ndpa,103,pol,28037440,7130782,7912,196662895.86700174
USNMPAL_793077_D3163-A_2024_07_29_10_45_13_Arkansas.ndpi.ndpa,104,pol,28048780,7125112,9829,303506881.79448587
USNMPAL_793077_D3163-A_2024_07_29_10_45_13_Arkansas.ndpi.ndpa,105,pol,28083366,7202600,9802,301841721.4491551
USNMPAL_793077_D3163-A_2024_07_29_10_45_13_Arkansas.ndpi.ndpa,106,pol,28042164,7150815,6878,148618959.2386245
USNMPAL_793077_D3163-A_2024_07_29_10_45_13_Arkansas.ndpi.ndpa,107,pol,28033850,7155162,11378,406707078.9163332
USNMPAL_793077_D3163-A_2024_07_29_10_45_13_Arkansas.ndpi.ndpa,108,pol,28096596,7148926,8552,229765731.99417123
USNMPAL_793077_D3163-A_2024_07_29_10_45_13_Arkansas.ndpi.ndpa,109,pol,28162360,7226981,7526,177941931.6159597
USNMPAL_793077_D3163-A_2024_07_29_10_45_13_Arkansas.ndpi.ndpa,110,pol,28344168,7138720,7339,169209073.72918022
USNMPAL_793077_D3163-A_2024_07_29_10_45_13_Arkansas.ndpi.ndpa,111,pol,28418060,7243423,8090,205611270.15141013
USNMPAL_793077_D3163-A_2024_07_29_10_45_13_Arkansas.ndpi.ndpa,112,pol,28468144,7226414,9979,312841181.8868318
USNMPAL_793077_D3163-A_2024_07_29_10_45_13_Arkansas.ndpi.ndpa,113,pol,28492524,7172550,9044,256963228.44579372
USNMPAL_793077_D3163-A_2024_07_29_10_45_13_Arkansas.ndpi.ndpa,114,pol,28471546,7215263,11041,382971708.6751537
USNMPAL_793077_D3163-A_2024_07_29_10_45_13_Arkansas.ndpi.ndpa,115,pol,28421652,7140799,9103,260326846.87699065
USNMPAL_793077_D3163-A_2024_07_29_10_45_13_Arkansas.ndpi.ndpa,116,pol,28690580,7193718,9636,291704719.30107564
USNMPAL_793077_D3163-A_2024_07_29_10_45_13_Arkansas.ndpi.ndpa,117,pol,28751628,7243046,8039,203027062.0080129
USNMPAL_793077_D3163-A_2024_07_29_10_45_13_Arkansas.ndpi.ndpa,118,pol,28637286,7225280,8555,229926961.67074612
USNMPAL_793077_D3163-A_2024_07_29_10_45_13_Arkansas.ndpi.ndpa,119,pol,28548648,7120009,11075,385334010.42146456
USNMPAL_793077_D3163-A_2024_07_29_10_45_13_Arkansas.ndpi.ndpa,120,pol,28549594,7107725,10061,318003698.2626229
USNMPAL_793077_D3163-A_2024_07_29_10_45_13_Arkansas.ndpi.ndpa,121,pol,28788664,7130593,11008,380685832.4533266
USNMPAL_793077_D3163-A_2024_07_29_10_45_13_Arkansas.ndpi.ndpa,122,pol,28779782,7117553,10066,318319852.43931687
USNMPAL_793077_D3163-A_2024_07_29_10_45_13_Arkansas.ndpi.ndpa,123,pol,28865962,7229438,9829,303506881.79448587
USNMPAL_793077_D3163-A_2024_07_29_10_45_13_Arkansas.ndpi.ndpa,124,pol,28847820,7114529,8596,232136101.35041657
USNMPAL_793077_D3163-A_2024_07_29_10_45_13_Arkansas.ndpi.ndpa,125,pol,28752378,7253440,8041,203128095.62775233
USNMPAL_793077_D3163-A_2024_07_29_10_45_13_Arkansas.ndpi.ndpa,126,pol,29035106,7216965,8824,244613753.38823837
USNMPAL_793077_D3163-A_2024_07_29_10_45_13_Arkansas.ndpi.ndpa,127,pol,28980110,7123978,14631,672508678.7797699
USNMPAL_793077_D3163-A_2024_07_29_10_45_13_Arkansas.ndpi.ndpa,128,pol,29067990,7120765,17238,933519997.0145688
USNMPAL_793077_D3163-A_2024_07_29_10_45_13_Arkansas.ndpi.ndpa,129,pol,29000708,7242668,8446,224105248.05004498
USNMPAL_793077_D3163-A_2024_07_29_10_45_13_Arkansas.ndpi.ndpa,130,pol,29156436,7155352,12019,453823042.4819151
USNMPAL_793077_D3163-A_2024_07_29_10_45_13_Arkansas.ndpi.ndpa,131,paly,29184028,7158943,14038,619099351.1468108
USNMPAL_793077_D3163-A_2024_07_29_10_45_13_Arkansas.ndpi.ndpa,132,pol,29205196,7229627,8546,229443442.28702477
USNMPAL_793077_D3163-A_2024_07_29_10_45_13_Arkansas.ndpi.ndpa,133,pol,29293072,7304089,9385,276705904.60122883
USNMPAL_793077_D3163-A_2024_07_29_10_45_13_Arkansas.ndpi.ndpa,134,pol,29271148,7350771,11617,423972659.52989525
USNMPAL_793077_D3163-A_2024_07_29_10_45_13_Arkansas.ndpi.ndpa,135,pol,29323688,7337731,8199,211189171.04945147
USNMPAL_793077_D3163-A_2024_07_29_10_45_13_Arkansas.ndpi.ndpa,136,pol,29262078,7333383,7973,199707052.02444044
USNMPAL_793077_D3163-A_2024_07_29_10_45_13_Arkansas.ndpi.ndpa,137,paly,29307814,7336218,9383,276587981.7793837
USNMPAL_793077_D3163-A_2024_07_29_10_45_13_Arkansas.ndpi.ndpa,138,pol,29105028,7303900,7595,181219709.16948998
USNMPAL_793077_D3163-A_2024_07_29_10_45_13_Arkansas.ndpi.ndpa,139,pol,28986912,7318264,12514,491974025.3043217
USNMPAL_793077_D3163-A_2024_07_29_10_45_13_Arkansas.ndpi.ndpa,140,pol,29017152,7352661,11157,391061209.22718245
USNMPAL_793077_D3163-A_2024_07_29_10_45_13_Arkansas.ndpi.ndpa,141,pol,29007702,7319587,9204,266135673.68462676
USNMPAL_793077_D3163-A_2024_07_29_10_45_13_Arkansas.ndpi.ndpa,142,pol,28585126,7339053,11010,380824175.62742007
USNMPAL_793077_D3163-A_2024_07_29_10_45_13_Arkansas.ndpi.ndpa,143,pol,28577376,7307490,10339,335820298.5196613
USNMPAL_793077_D3163-A_2024_07_29_10_45_13_Arkansas.ndpi.ndpa,144,paly,28549216,7360977,15513,756034227.7935029
USNMPAL_793077_D3163-A_2024_07_29_10_45_13_Arkansas.ndpi.ndpa,145,pol,28360230,7290103,9121,261357389.79833302
USNMPAL_793077_D3163-A_2024_07_29_10_45_13_Arkansas.ndpi.ndpa,146,pol,28333204,7371183,10142,323144735.5694413
USNMPAL_793077_D3163-A_2024_07_29_10_45_13_Arkansas.ndpi.ndpa,147,paly,28389524,7280732,13397,563851821.1035686
USNMPAL_793077_D3163-A_2024_07_29_10_45_13_Arkansas.ndpi.ndpa,148,pol,28225072,7351186,8434,223468887.04213384
USNMPAL_793077_D3163-A_2024_07_29_10_45_13_Arkansas.ndpi.ndpa,149,pol,28364658,7336869,7670,184816440.05876857
USNMPAL_793077_D3163-A_2024_07_29_10_45_13_Arkansas.ndpi.ndpa,150,pol,28165744,7332536,16562,861738374.7912263
USNMPAL_793077_D3163-A_2024_07_29_10_45_13_Arkansas.ndpi.ndpa,151,fun,28106414,7376052,12733,509344183.25413644
USNMPAL_793077_D3163-A_2024_07_29_10_45_13_Arkansas.ndpi.ndpa,152,pol,28068552,7363807,11214,395067201.6746295
USNMPAL_793077_D3163-A_2024_07_29_10_45_13_Arkansas.ndpi.ndpa,153,pol,27835352,7353258,7867,194432192.29535702
USNMPAL_793077_D3163-A_2024_07_29_10_45_13_Arkansas.ndpi.ndpa,154,pol,27775838,7353069,11544,418661002.32606035
USNMPAL_793077_D3163-A_2024_07_29_10_45_13_Arkansas.ndpi.ndpa,155,pol,27808612,7331029,12063,457151899.19040006
USNMPAL_793077_D3163-A_2024_07_29_10_45_13_Arkansas.ndpi.ndpa,156,pol,27641532,7277718,14806,688692514.7949214
USNMPAL_793077_D3163-A_2024_07_29_10_45_13_Arkansas.ndpi.ndpa,157,pol,27708404,7274139,10615,353989083.87953776
USNMPAL_793077_D3163-A_2024_07_29_10_45_13_Arkansas.ndpi.ndpa,158,pol,27599900,7266981,9267,269791460.23260754
USNMPAL_793077_D3163-A_2024_07_29_10_45_13_Arkansas.ndpi.ndpa,159,pol,27627968,7396199,17187,928004381.3324775
USNMPAL_793077_D3163-A_2024_07_29_10_45_13_Arkansas.ndpi.ndpa,160,pol,27678076,7450640,8855,246335500.1004456
USNMPAL_793077_D3163-A_2024_07_29_10_45_13_Arkansas.ndpi.ndpa,161,pol,27700116,7512993,7758,189081667.3072119
USNMPAL_793077_D3163-A_2024_07_29_10_45_13_Arkansas.ndpi.ndpa,162,pol,27881896,7434628,9607,289951562.94551784
USNMPAL_793077_D3163-A_2024_07_29_10_45_13_Arkansas.ndpi.ndpa,163,pol,27569010,7524107,7923,197210114.18336728
USNMPAL_793077_D3163-A_2024_07_29_10_45_13_Arkansas.ndpi.ndpa,164,pol,27616858,7487750,8511,227567927.18079492
USNMPAL_793077_D3163-A_2024_07_29_10_45_13_Arkansas.ndpi.ndpa,165,paly,27555072,7488127,8322,217573148.0737362
USNMPAL_793077_D3163-A_2024_07_29_10_45_13_Arkansas.ndpi.ndpa,166,pol,27669036,7496416,7499,176667466.01621467
USNMPAL_793077_D3163-A_2024_07_29_10_45_13_Arkansas.ndpi.ndpa,167,pol,27639462,7529947,14420,653251466.6539086
USNMPAL_793077_D3163-A_2024_07_29_10_45_13_Arkansas.ndpi.ndpa,168,pol,28030504,7514500,9687,294800674.0381867
USNMPAL_793077_D3163-A_2024_07_29_10_45_13_Arkansas.ndpi.ndpa,169,pol,28057252,7416920,10098,320346958.8158604
USNMPAL_793077_D3163-A_2024_07_29_10_45_13_Arkansas.ndpi.ndpa,170,pol,28160104,7438584,10445,342741553.86115557
USNMPAL_793077_D3163-A_2024_07_29_10_45_13_Arkansas.ndpi.ndpa,171,pol,28163684,7422948,7628,182797916.5133547
USNMPAL_793077_D3163-A_2024_07_29_10_45_13_Arkansas.ndpi.ndpa,172,pol,28073264,7417297,12395,482661807.4667378
USNMPAL_793077_D3163-A_2024_07_29_10_45_13_Arkansas.ndpi.ndpa,173,pol,28098506,7416167,8932,250638222.25720954
USNMPAL_793077_D3163-A_2024_07_29_10_45_13_Arkansas.ndpi.ndpa,174,pol,28223956,7497357,8787,242566669.62401068
USNMPAL_793077_D3163-A_2024_07_29_10_45_13_Arkansas.ndpi.ndpa,175,pol,28256544,7473245,11380,406850071.647554
USNMPAL_793077_D3163-A_2024_07_29_10_45_13_Arkansas.ndpi.ndpa,176,pol,28270484,7510167,11457,412374402.1076663
USNMPAL_793077_D3163-A_2024_07_29_10_45_13_Arkansas.ndpi.ndpa,177,pol,28258616,7513558,15047,711294932.4774368
USNMPAL_793077_D3163-A_2024_07_29_10_45_13_Arkansas.ndpi.ndpa,178,pol,28227346,7388852,10448,342938465.7470899
USNMPAL_793077_D3163-A_2024_07_29_10_45_13_Arkansas.ndpi.ndpa,179,pol,28199280,7464956,13362,560909515.3799592
USNMPAL_793077_D3163-A_2024_07_29_10_45_13_Arkansas.ndpi.ndpa,180,pol,28362214,7442728,9352,274763391.8900686
USNMPAL_793077_D3163-A_2024_07_29_10_45_13_Arkansas.ndpi.ndpa,181,pol,28594084,7457045,8931,250582103.98763847
USNMPAL_793077_D3163-A_2024_07_29_10_45_13_Arkansas.ndpi.ndpa,182,pol,28737812,7486054,12938,525876987.3812487
USNMPAL_793077_D3163-A_2024_07_29_10_45_13_Arkansas.ndpi.ndpa,183,pol,28751188,7437830,15727,777036905.656106
USNMPAL_793077_D3163-A_2024_07_29_10_45_13_Arkansas.ndpi.ndpa,184,pol,28569972,7487373,6614,137428958.06491488
USNMPAL_793077_D3163-A_2024_07_29_10_45_13_Arkansas.ndpi.ndpa,185,paly,28639104,7501690,9046,257076891.26800057
USNMPAL_793077_D3163-A_2024_07_29_10_45_13_Arkansas.ndpi.ndpa,186,pol,28929180,7521281,8257,214187657.87448493
USNMPAL_793077_D3163-A_2024_07_29_10_45_13_Arkansas.ndpi.ndpa,187,pol,29010184,7397516,12827,516892299.42735744
USNMPAL_793077_D3163-A_2024_07_29_10_45_13_Arkansas.ndpi.ndpa,188,paly,28966468,7508660,11620,424191663.09536964
USNMPAL_793077_D3163-A_2024_07_29_10_45_13_Arkansas.ndpi.ndpa,189,pol,29199106,7437265,9876,306416420.7067182
USNMPAL_793077_D3163-A_2024_07_29_10_45_13_Arkansas.ndpi.ndpa,190,pol,29266732,7402980,9480,282336188.41517615
USNMPAL_793077_D3163-A_2024_07_29_10_45_13_Arkansas.ndpi.ndpa,191,pol,29282368,7383766,8013,201715912.0308519
USNMPAL_793077_D3163-A_2024_07_29_10_45_13_Arkansas.ndpi.ndpa,192,paly,29092296,7401473,15056,712146074.750296
USNMPAL_793077_D3163-A_2024_07_29_10_45_13_Arkansas.ndpi.ndpa,193,pol,29383136,7424455,11342,404137507.453109
USNMPAL_793077_D3163-A_2024_07_29_10_45_13_Arkansas.ndpi.ndpa,194,pol,29275576,7538602,10403,339990725.0681899
USNMPAL_793077_D3163-A_2024_07_29_10_45_13_Arkansas.ndpi.ndpa,195,pol,29258056,7580799,13859,603411610.310773
USNMPAL_793077_D3163-A_2024_07_29_10_45_13_Arkansas.ndpi.ndpa,196,pol,29211904,7607549,10726,361431048.7785866
USNMPAL_793077_D3163-A_2024_07_29_10_45_13_Arkansas.ndpi.ndpa,197,pol,29154456,7553484,11601,422805595.5581985
USNMPAL_793077_D3163-A_2024_07_29_10_45_13_Arkansas.ndpi.ndpa,198,pol,29148618,7588899,8599,232298160.40745202
USNMPAL_793077_D3163-A_2024_07_29_10_45_13_Arkansas.ndpi.ndpa,199,pol,29224534,7568178,10460,343726678.777505
USNMPAL_793077_D3163-A_2024_07_29_10_45_13_Arkansas.ndpi.ndpa,200,pol,29058952,7561961,11891,444208260.9974566
USNMPAL_793077_D3163-A_2024_07_29_10_45_13_Arkansas.ndpi.ndpa,201,pol,29113956,7538037,9480,282336188.41517615
USNMPAL_793077_D3163-A_2024_07_29_10_45_13_Arkansas.ndpi.ndpa,202,pol,29069878,7538037,8290,215903127.6845703
USNMPAL_793077_D3163-A_2024_07_29_10_45_13_Arkansas.ndpi.ndpa,203,pol,28866828,7655585,10662,357130736.22338796
USNMPAL_793077_D3163-A_2024_07_29_10_45_13_Arkansas.ndpi.ndpa,204,pol,28902052,7662178,9627,291160070.8075007
USNMPAL_793077_D3163-A_2024_07_29_10_45_13_Arkansas.ndpi.ndpa,205,pol,28891128,7663873,13576,579019955.0810732
USNMPAL_793077_D3163-A_2024_07_29_10_45_13_Arkansas.ndpi.ndpa,206,pol,28873608,7629212,8466,225167860.3491952
USNMPAL_793077_D3163-A_2024_07_29_10_45_13_Arkansas.ndpi.ndpa,207,pol,28872100,7609998,8708,238224658.70952097
USNMPAL_793077_D3163-A_2024_07_29_10_45_13_Arkansas.ndpi.ndpa,208,pol,28848176,7594551,8684,236913332.80317137
USNMPAL_793077_D3163-A_2024_07_29_10_45_13_Arkansas.ndpi.ndpa,209,pol,28679972,7672351,9465,281443426.32284224
USNMPAL_793077_D3163-A_2024_07_29_10_45_13_Arkansas.ndpi.ndpa,210,pol,28497640,7610375,14743,682844166.7517031
USNMPAL_793077_D3163-A_2024_07_29_10_45_13_Arkansas.ndpi.ndpa,211,pol,28522694,7571945,15798,784068653.9528197
USNMPAL_793077_D3163-A_2024_07_29_10_45_13_Arkansas.ndpi.ndpa,212,pol,28525144,7598318,8925,250245526.31710348
USNMPAL_793077_D3163-A_2024_07_29_10_45_13_Arkansas.ndpi.ndpa,213,pol,28488600,7596058,7100,158367685.66746148
USNMPAL_793077_D3163-A_2024_07_29_10_45_13_Arkansas.ndpi.ndpa,214,pol,28451308,7540675,10660,356996766.1462683
USNMPAL_793077_D3163-A_2024_07_29_10_45_13_Arkansas.ndpi.ndpa,215,pol,28239018,7609809,13119,540693734.2204493
USNMPAL_793077_D3163-A_2024_07_29_10_45_13_Arkansas.ndpi.ndpa,216,pol,28296660,7624503,9519,284663986.0493727
USNMPAL_793077_D3163-A_2024_07_29_10_45_13_Arkansas.ndpi.ndpa,217,pol,28296848,7652383,11472,413454905.77697873
USNMPAL_793077_D3163-A_2024_07_29_10_45_13_Arkansas.ndpi.ndpa,218,pol,28275752,7586638,10344,336145186.3239323
USNMPAL_793077_D3163-A_2024_07_29_10_45_13_Arkansas.ndpi.ndpa,219,paly,28333580,7570061,12300,475291552.5615998
USNMPAL_793077_D3163-A_2024_07_29_10_45_13_Arkansas.ndpi.ndpa,220,pol,27965516,7622807,7459,174787788.29971883
USNMPAL_793077_D3163-A_2024_07_29_10_45_13_Arkansas.ndpi.ndpa,221,pol,28010348,7669525,9697,295409640.3581586
USNMPAL_793077_D3163-A_2024_07_29_10_45_13_Arkansas.ndpi.ndpa,222,pol,28068556,7665946,7841,193149140.72288972
USNMPAL_793077_D3163-A_2024_07_29_10_45_13_Arkansas.ndpi.ndpa,223,pol,28050848,7666323,11650,426384808.9268407
USNMPAL_793077_D3163-A_2024_07_29_10_45_13_Arkansas.ndpi.ndpa,224,pol,27978890,7659541,12393,482506059.8693434
USNMPAL_793077_D3163-A_2024_07_29_10_45_13_Arkansas.ndpi.ndpa,225,pol,28023534,7545196,13343,559315486.975491
USNMPAL_793077_D3163-A_2024_07_29_10_45_13_Arkansas.ndpi.ndpa,226,spo,27983976,7577785,19394,1181638561.4326344
USNMPAL_793077_D3163-A_2024_07_29_10_45_13_Arkansas.ndpi.ndpa,227,pol,27805414,7681582,11317,402357873.75466675
USNMPAL_793077_D3163-A_2024_07_29_10_45_13_Arkansas.ndpi.ndpa,228,pol,27926160,7689494,8291,215955218.4323595
USNMPAL_793077_D3163-A_2024_07_29_10_45_13_Arkansas.ndpi.ndpa,229,pol,27655092,7682110,7539,178557196.829202
USNMPAL_793077_D3163-A_2024_07_29_10_45_13_Arkansas.ndpi.ndpa,230,pol,27656032,7690398,11242,397042534.60424185
USNMPAL_793077_D3163-A_2024_07_29_10_45_13_Arkansas.ndpi.ndpa,231,pol,27768304,7573039,7920,197060797.4261348
USNMPAL_793077_D3163-A_2024_07_29_10_45_13_Arkansas.ndpi.ndpa,232,pol,27706706,7578502,12210,468361513.3270461
USNMPAL_793077_D3163-A_2024_07_29_10_45_13_Arkansas.ndpi.ndpa,233,pol,27636444,7649332,12723,508544459.42823863
USNMPAL_793077_D3163-A_2024_07_29_10_45_13_Arkansas.ndpi.ndpa,234,pol,27656788,7560606,7413,172638587.0662862
USNMPAL_793077_D3163-A_2024_07_29_10_45_13_Arkansas.ndpi.ndpa,235,pol,27570144,7557215,11158,391131313.8672473
USNMPAL_793077_D3163-A_2024_07_29_10_45_13_Arkansas.ndpi.ndpa,236,paly,27594444,7620510,13680,587925189.0151625
USNMPAL_793077_D3163-A_2024_07_29_10_45_13_Arkansas.ndpi.ndpa,237,pol,27794120,7638595,7237,164538304.5682703
USNMPAL_793077_D3163-A_2024_07_29_10_45_13_Arkansas.ndpi.ndpa,238,pol,27761746,7860246,7875,194827831.9077795
USNMPAL_793077_D3163-A_2024_07_29_10_45_13_Arkansas.ndpi.ndpa,239,pol,27582510,7784991,6582,136102351.45189822
USNMPAL_793077_D3163-A_2024_07_29_10_45_13_Arkansas.ndpi.ndpa,240,pol,27622916,7855612,13232,550048338.4261155
USNMPAL_793077_D3163-A_2024_07_29_10_45_13_Arkansas.ndpi.ndpa,241,pol,27994512,7759227,12908,523441059.26950824
USNMPAL_793077_D3163-A_2024_07_29_10_45_13_Arkansas.ndpi.ndpa,242,pol,27953736,7796483,12625,500740416.5510856
USNMPAL_793077_D3163-A_2024_07_29_10_45_13_Arkansas.ndpi.ndpa,243,pol,27872366,7778689,11795,437064731.6925355
USNMPAL_793077_D3163-A_2024_07_29_10_45_13_Arkansas.ndpi.ndpa,244,pol,27843080,7714926,21082,1396283129.4010646
USNMPAL_793077_D3163-A_2024_07_29_10_45_13_Arkansas.ndpi.ndpa,245,pol,27836406,7744398,13087,538059219.7538902
USNMPAL_793077_D3163-A_2024_07_29_10_45_13_Arkansas.ndpi.ndpa,246,pol,27918148,7703248,12068,457530948.05201894
USNMPAL_793077_D3163-A_2024_07_29_10_45_13_Arkansas.ndpi.ndpa,247,pol,28010824,7757187,13833,601149688.7329296
USNMPAL_793077_D3163-A_2024_07_29_10_45_13_Arkansas.ndpi.ndpa,248,pol,28145364,7758670,9702,295714359.1375935
USNMPAL_793077_D3163-A_2024_07_29_10_45_13_Arkansas.ndpi.ndpa,249,pol,28069184,7838559,8019,202018108.111386
USNMPAL_793077_D3163-A_2024_07_29_10_45_13_Arkansas.ndpi.ndpa,250,pol,28052872,7866363,7674,185009258.44947532
USNMPAL_793077_D3163-A_2024_07_29_10_45_13_Arkansas.ndpi.ndpa,251,pol,28207794,7693055,9396,277354929.3691266
USNMPAL_793077_D3163-A_2024_07_29_10_45_13_Arkansas.ndpi.ndpa,252,pol,28213540,7706215,8075,204849512.47273096
USNMPAL_793077_D3163-A_2024_07_29_10_45_13_Arkansas.ndpi.ndpa,253,pol,28257840,7806864,11433,410648536.7674902
USNMPAL_793077_D3163-A_2024_07_29_10_45_13_Arkansas.ndpi.ndpa,254,pol,28258208,7843565,10775,364740870.5771835
USNMPAL_793077_D3163-A_2024_07_29_10_45_13_Arkansas.ndpi.ndpa,255,pol,28347364,7766827,10655,356661950.90921193
USNMPAL_793077_D3163-A_2024_07_29_10_45_13_Arkansas.ndpi.ndpa,256,pol,28308440,7806308,8544,229336062.65012506
USNMPAL_793077_D3163-A_2024_07_29_10_45_13_Arkansas.ndpi.ndpa,257,pol,28343100,7820580,7608,181840610.3999528
USNMPAL_793077_D3163-A_2024_07_29_10_45_13_Arkansas.ndpi.ndpa,258,pol,28320860,7750886,11414,409284793.38771546
USNMPAL_793077_D3163-A_2024_07_29_10_45_13_Arkansas.ndpi.ndpa,259,paly,28266364,7835780,11203,394292525.7669588
USNMPAL_793077_D3163-A_2024_07_29_10_45_13_Arkansas.ndpi.ndpa,260,pol,28469872,7756447,12184,466368977.03606266
USNMPAL_793077_D3163-A_2024_07_29_10_45_13_Arkansas.ndpi.ndpa,261,pol,28374968,7859320,8811,243893527.56443965
USNMPAL_793077_D3163-A_2024_07_29_10_45_13_Arkansas.ndpi.ndpa,262,pol,28452818,7810942,11617,423972659.52989525
USNMPAL_793077_D3163-A_2024_07_29_10_45_13_Arkansas.ndpi.ndpa,263,pol,28459830,7728087,10498,346228655.73319453
USNMPAL_793077_D3163-A_2024_07_29_10_45_13_Arkansas.ndpi.ndpa,264,pol,28566038,7695464,11609,423388926.48211706
USNMPAL_793077_D3163-A_2024_07_29_10_45_13_Arkansas.ndpi.ndpa,265,pol,28711356,7808717,7793,190791589.06467104
USNMPAL_793077_D3163-A_2024_07_29_10_45_13_Arkansas.ndpi.ndpa,266,pol,28669836,7835965,8138,208058394.899368
USNMPAL_793077_D3163-A_2024_07_29_10_45_13_Arkansas.ndpi.ndpa,267,paly,28701344,7679560,11580,421276265.1128383
USNMPAL_793077_D3163-A_2024_07_29_10_45_13_Arkansas.ndpi.ndpa,268,pol,28818082,7807457,7820,192115930.58938447
USNMPAL_793077_D3163-A_2024_07_29_10_45_13_Arkansas.ndpi.ndpa,269,pol,28847740,7704955,7759,189130415.40041766
USNMPAL_793077_D3163-A_2024_07_29_10_45_13_Arkansas.ndpi.ndpa,270,pol,28784904,7792257,13008,531582810.79055154
USNMPAL_793077_D3163-A_2024_07_29_10_45_13_Arkansas.ndpi.ndpa,271,paly,28796212,7821359,17771,992141478.1872456
USNMPAL_793077_D3163-A_2024_07_29_10_45_13_Arkansas.ndpi.ndpa,272,pol,29003408,7870108,10656,356728901.3902526
USNMPAL_793077_D3163-A_2024_07_29_10_45_13_Arkansas.ndpi.ndpa,273,pol,29064020,7864177,8392,221248748.64658317
USNMPAL_793077_D3163-A_2024_07_29_10_45_13_Arkansas.ndpi.ndpa,274,paly,29070872,7835815,10979,378682680.7207667
USNMPAL_793077_D3163-A_2024_07_29_10_45_13_Arkansas.ndpi.ndpa,275,pol,29120360,7734425,7822,192214212.17395937
USNMPAL_793077_D3163-A_2024_07_29_10_45_13_Arkansas.ndpi.ndpa,276,paly,29131110,7764083,9851,304867065.74978405
USNMPAL_793077_D3163-A_2024_07_29_10_45_13_Arkansas.ndpi.ndpa,277,paly,29114344,7835082,8730,239429886.74877355
USNMPAL_793077_D3163-A_2024_07_29_10_45_13_Arkansas.ndpi.ndpa,278,pol,29120100,7807408,8390,221143304.23075807
USNMPAL_793077_D3163-A_2024_07_29_10_45_13_Arkansas.ndpi.ndpa,279,pol,29354266,7811680,7359,170132576.30562946
USNMPAL_793077_D3163-A_2024_07_29_10_45_13_Arkansas.ndpi.ndpa,280,paly,29385652,7775465,8470,225380684.40192
USNMPAL_793077_D3163-A_2024_07_29_10_45_13_Arkansas.ndpi.ndpa,281,paly,29366524,7801466,14839,691765887.7640384
USNMPAL_793077_D3163-A_2024_07_29_10_45_13_Arkansas.ndpi.ndpa,282,paly,29367082,7678926,16106,814939300.5350194
USNMPAL_793077_D3163-A_2024_07_29_10_45_13_Arkansas.ndpi.ndpa,283,pol,29394600,7882108,12093,459428548.5546035
USNMPAL_793077_D3163-A_2024_07_29_10_45_13_Arkansas.ndpi.ndpa,284,pol,29228754,7917953,10906,373663656.58942837
USNMPAL_793077_D3163-A_2024_07_29_10_45_13_Arkansas.ndpi.ndpa,285,pol,29230612,7987041,9026,255941394.01928708
USNMPAL_793077_D3163-A_2024_07_29_10_45_13_Arkansas.ndpi.ndpa,286,pol,29354672,7894366,12093,459428548.5546035
USNMPAL_793077_D3163-A_2024_07_29_10_45_13_Arkansas.ndpi.ndpa,287,pol,29326628,8020100,11181,392745454.7478838
USNMPAL_793077_D3163-A_2024_07_29_10_45_13_Arkansas.ndpi.ndpa,288,pol,29258282,7947296,9238,268105540.24302185
USNMPAL_793077_D3163-A_2024_07_29_10_45_13_Arkansas.ndpi.ndpa,289,paly,29315856,7882665,16226,827128177.3761232
USNMPAL_793077_D3163-A_2024_07_29_10_45_13_Arkansas.ndpi.ndpa,290,pol,29240858,7893251,9085,259298339.70768782
USNMPAL_793077_D3163-A_2024_07_29_10_45_13_Arkansas.ndpi.ndpa,291,pol,29119954,8008028,8918,249853138.25307745
USNMPAL_793077_D3163-A_2024_07_29_10_45_13_Arkansas.ndpi.ndpa,292,pol,29140570,8020286,8918,249853138.25307745
USNMPAL_793077_D3163-A_2024_07_29_10_45_13_Arkansas.ndpi.ndpa,293,pol,29077610,7964012,8918,249853138.25307745
USNMPAL_793077_D3163-A_2024_07_29_10_45_13_Arkansas.ndpi.ndpa,294,pol,29095624,8003756,8918,249853138.25307745
USNMPAL_793077_D3163-A_2024_07_29_10_45_13_Arkansas.ndpi.ndpa,295,pol,29017068,7910709,8918,249853138.25307745
USNMPAL_793077_D3163-A_2024_07_29_10_45_13_Arkansas.ndpi.ndpa,296,pol,29006852,7886751,13385,562842163.4901872
USNMPAL_793077_D3163-A_2024_07_29_10_45_13_Arkansas.ndpi.ndpa,297,pol,29085224,8007843,7224,163947707.14054397
USNMPAL_793077_D3163-A_2024_07_29_10_45_13_Arkansas.ndpi.ndpa,298,pol,28948192,7881528,14980,704974648.1026111
USNMPAL_793077_D3163-A_2024_07_29_10_45_13_Arkansas.ndpi.ndpa,299,pol,28930340,7996778,8567,230572445.86372328
USNMPAL_793077_D3163-A_2024_07_29_10_45_13_Arkansas.ndpi.ndpa,300,pol,29049188,7981432,12134,462549114.52856284
USNMPAL_793077_D3163-A_2024_07_29_10_45_13_Arkansas.ndpi.ndpa,301,pol,28956332,8022928,12122,461634684.8716971
USNMPAL_793077_D3163-A_2024_07_29_10_45_13_Arkansas.ndpi.ndpa,302,pol,28799968,7962413,8605,232622448.16752616
USNMPAL_793077_D3163-A_2024_07_29_10_45_13_Arkansas.ndpi.ndpa,303,pol,28767316,7951866,6993,153630317.8838881
USNMPAL_793077_D3163-A_2024_07_29_10_45_13_Arkansas.ndpi.ndpa,304,pol,28769140,7920023,9035,256452056.76353547
USNMPAL_793077_D3163-A_2024_07_29_10_45_13_Arkansas.ndpi.ndpa,305,pol,28518832,8024274,13333,558477435.7192193
USNMPAL_793077_D3163-A_2024_07_29_10_45_13_Arkansas.ndpi.ndpa,306,pol,28409716,7978030,15976,801836785.7183986
USNMPAL_793077_D3163-A_2024_07_29_10_45_13_Arkansas.ndpi.ndpa,307,pol,28513154,7919618,8623,233596668.61577496
USNMPAL_793077_D3163-A_2024_07_29_10_45_13_Arkansas.ndpi.ndpa,308,pol,28449470,7878243,8629,233921861.15453336
USNMPAL_793077_D3163-A_2024_07_29_10_45_13_Arkansas.ndpi.ndpa,309,paly,28405460,7873781,11620,424191663.09536964
USNMPAL_793077_D3163-A_2024_07_29_10_45_13_Arkansas.ndpi.ndpa,310,pol,28376440,7972758,11814,438473959.05074894
USNMPAL_793077_D3163-A_2024_07_29_10_45_13_Arkansas.ndpi.ndpa,311,pol,28310526,7983710,10541,349070782.35026616
USNMPAL_793077_D3163-A_2024_07_29_10_45_13_Arkansas.ndpi.ndpa,312,pol,28355754,7871145,12231,469973970.3140202
USNMPAL_793077_D3163-A_2024_07_29_10_45_13_Arkansas.ndpi.ndpa,313,pol,28196932,7962617,12337,478155331.03524
USNMPAL_793077_D3163-A_2024_07_29_10_45_13_Arkansas.ndpi.ndpa,314,pol,28226136,7941523,12176,465756743.4597311
USNMPAL_793077_D3163-A_2024_07_29_10_45_13_Arkansas.ndpi.ndpa,315,pol,28169936,8017987,8890,248286664.75777388
USNMPAL_793077_D3163-A_2024_07_29_10_45_13_Arkansas.ndpi.ndpa,316,pol,28171760,7919010,7262,165677053.36538023
USNMPAL_793077_D3163-A_2024_07_29_10_45_13_Arkansas.ndpi.ndpa,317,pol,28074204,7933817,12881,521253558.8800357
USNMPAL_793077_D3163-A_2024_07_29_10_45_13_Arkansas.ndpi.ndpa,318,pol,28031410,7883315,14008,616456077.9199334
USNMPAL_793077_D3163-A_2024_07_29_10_45_13_Arkansas.ndpi.ndpa,319,pol,28055952,8020826,10725,361363658.47457445
USNMPAL_793077_D3163-A_2024_07_29_10_45_13_Arkansas.ndpi.ndpa,320,pol,28037292,8004804,11138,389730414.87115854
USNMPAL_793077_D3163-A_2024_07_29_10_45_13_Arkansas.ndpi.ndpa,321,pol,28056530,8048000,13517,573998160.0650144
USNMPAL_793077_D3163-A_2024_07_29_10_45_13_Arkansas.ndpi.ndpa,322,spo,27893468,8039685,28930,2629339949.299444
USNMPAL_793077_D3163-A_2024_07_29_10_45_13_Arkansas.ndpi.ndpa,323,pol,27903200,7903593,9810,302334624.77013266
USNMPAL_793077_D3163-A_2024_07_29_10_45_13_Arkansas.ndpi.ndpa,324,pol,27724300,7873576,9081,259070059.01910737
USNMPAL_793077_D3163-A_2024_07_29_10_45_13_Arkansas.ndpi.ndpa,325,paly,27718216,7872562,9906,308280830.2829176
USNMPAL_793077_D3163-A_2024_07_29_10_45_13_Arkansas.ndpi.ndpa,326,pol,27800356,7908055,7710,186749147.859257
USNMPAL_793077_D3163-A_2024_07_29_10_45_13_Arkansas.ndpi.ndpa,327,pol,27725516,7904607,8664,235823325.81608185
USNMPAL_793077_D3163-A_2024_07_29_10_45_13_Arkansas.ndpi.ndpa,328,pol,27718216,7893858,9170,264173070.48844674
USNMPAL_793077_D3163-A_2024_07_29_10_45_13_Arkansas.ndpi.ndpa,329,pol,27871340,7882297,11096,386796707.6866421
USNMPAL_793077_D3163-A_2024_07_29_10_45_13_Arkansas.ndpi.ndpa,330,pol,27840918,7871141,10165,324612050.9758196
USNMPAL_793077_D3163-A_2024_07_29_10_45_13_Arkansas.ndpi.ndpa,331,pol,27788392,7886151,7621,182462573.48873255
USNMPAL_793077_D3163-A_2024_07_29_10_45_13_Arkansas.ndpi.ndpa,332,pol,27768312,7845991,8595,232082094.23110873
USNMPAL_793077_D3163-A_2024_07_29_10_45_13_Arkansas.ndpi.ndpa,333,pol,27578252,7958962,9267,269791460.23260754
USNMPAL_793077_D3163-A_2024_07_29_10_45_13_Arkansas.ndpi.ndpa,334,pol,27590216,7987358,9267,269791460.23260754
USNMPAL_793077_D3163-A_2024_07_29_10_45_13_Arkansas.ndpi.ndpa,335,pol,27610904,8017374,9267,269791460.23260754
USNMPAL_793077_D3163-A_2024_07_29_10_45_13_Arkansas.ndpi.ndpa,336,pol,27573990,7899129,9267,269791460.23260754
USNMPAL_793077_D3163-A_2024_07_29_10_45_13_Arkansas.ndpi.ndpa,337,pol,27674790,8080235,9267,269791460.23260754
USNMPAL_793077_D3163-A_2024_07_29_10_45_13_Arkansas.ndpi.ndpa,338,pol,27764436,8084495,9267,269791460.23260754
USNMPAL_793077_D3163-A_2024_07_29_10_45_13_Arkansas.ndpi.ndpa,339,pol,27564052,8118770,9267,269791460.23260754
USNMPAL_793077_D3163-A_2024_07_29_10_45_13_Arkansas.ndpi.ndpa,340,pol,27673168,8053869,9267,269791460.23260754
USNMPAL_793077_D3163-A_2024_07_29_10_45_13_Arkansas.ndpi.ndpa,341,pol,27666474,8068878,9267,269791460.23260754
USNMPAL_793077_D3163-A_2024_07_29_10_45_13_Arkansas.ndpi.ndpa,342,pol,27577236,8142703,9267,269791460.23260754
USNMPAL_793077_D3163-A_2024_07_29_10_45_13_Arkansas.ndpi.ndpa,343,pol,27664256,8044134,12517,492209936.9214577
USNMPAL_793077_D3163-A_2024_07_29_10_45_13_Arkansas.ndpi.ndpa,344,pol,27905816,8128506,24217,1842428132.003977
USNMPAL_793077_D3163-A_2024_07_29_10_45_13_Arkansas.ndpi.ndpa,345,pol,28062222,8101126,12001,452464743.482209
USNMPAL_793077_D3163-A_2024_07_29_10_45_13_Arkansas.ndpi.ndpa,346,pol,28045998,8129317,7828,192509207.72413144
USNMPAL_793077_D3163-A_2024_07_29_10_45_13_Arkansas.ndpi.ndpa,347,pol,28225100,8114512,9267,269791460.23260754
USNMPAL_793077_D3163-A_2024_07_29_10_45_13_Arkansas.ndpi.ndpa,348,pol,28200560,8131548,9609,290072300.6343806
USNMPAL_793077_D3163-A_2024_07_29_10_45_13_Arkansas.ndpi.ndpa,349,paly,28165068,8193003,7724,187427970.63347408
USNMPAL_793077_D3163-A_2024_07_29_10_45_13_Arkansas.ndpi.ndpa,350,spo,28218004,8172112,16007,804951590.0114312
USNMPAL_793077_D3163-A_2024_07_29_10_45_13_Arkansas.ndpi.ndpa,351,pol,28191434,8053057,9267,269791460.23260754
USNMPAL_793077_D3163-A_2024_07_29_10_45_13_Arkansas.ndpi.ndpa,352,paly,28290002,8092607,9267,269791460.23260754
USNMPAL_793077_D3163-A_2024_07_29_10_45_13_Arkansas.ndpi.ndpa,353,pol,28258768,8086523,17401,951257922.3667834
USNMPAL_793077_D3163-A_2024_07_29_10_45_13_Arkansas.ndpi.ndpa,354,pol,28272762,8067863,14603,669937121.8299886
USNMPAL_793077_D3163-A_2024_07_29_10_45_13_Arkansas.ndpi.ndpa,355,pol,28334824,8053869,9267,269791460.23260754
USNMPAL_793077_D3163-A_2024_07_29_10_45_13_Arkansas.ndpi.ndpa,356,pol,28357740,8046770,12485,489696461.73665607
USNMPAL_793077_D3163-A_2024_07_29_10_45_13_Arkansas.ndpi.ndpa,357,pol,28497320,8068877,9267,269791460.23260754
USNMPAL_793077_D3163-A_2024_07_29_10_45_13_Arkansas.ndpi.ndpa,358,pol,28469740,8191177,9267,269791460.23260754
USNMPAL_793077_D3163-A_2024_07_29_10_45_13_Arkansas.ndpi.ndpa,359,pol,28480488,8090377,9267,269791460.23260754
USNMPAL_793077_D3163-A_2024_07_29_10_45_13_Arkansas.ndpi.ndpa,360,pol,28694684,8059750,9267,269791460.23260754
USNMPAL_793077_D3163-A_2024_07_29_10_45_13_Arkansas.ndpi.ndpa,361,pol,28770940,8088956,9267,269791460.23260754
USNMPAL_793077_D3163-A_2024_07_29_10_45_13_Arkansas.ndpi.ndpa,362,paly,28612558,8016550,9267,269791460.23260754
USNMPAL_793077_D3163-A_2024_07_29_10_45_13_Arkansas.ndpi.ndpa,363,paly,28810304,8107211,14917,699057423.7820555
USNMPAL_793077_D3163-A_2024_07_29_10_45_13_Arkansas.ndpi.ndpa,364,pol,28713568,8117148,12122,461634684.8716971
USNMPAL_793077_D3163-A_2024_07_29_10_45_13_Arkansas.ndpi.ndpa,365,pol,28911128,8173938,9349,274587139.1174242
USNMPAL_793077_D3163-A_2024_07_29_10_45_13_Arkansas.ndpi.ndpa,366,pol,28855760,8184687,7055,156366569.68694112
USNMPAL_793077_D3163-A_2024_07_29_10_45_13_Arkansas.ndpi.ndpa,367,pol,29059184,8095244,11404,408567944.77601933
USNMPAL_793077_D3163-A_2024_07_29_10_45_13_Arkansas.ndpi.ndpa,368,pol,28804240,8191990,10341,335950234.7918138
USNMPAL_793077_D3163-A_2024_07_29_10_45_13_Arkansas.ndpi.ndpa,369,pol,28780714,8199291,7888,195471603.93276048
USNMPAL_793077_D3163-A_2024_07_29_10_45_13_Arkansas.ndpi.ndpa,370,pol,28927956,8191787,11287,400227496.94441444
USNMPAL_793077_D3163-A_2024_07_29_10_45_13_Arkansas.ndpi.ndpa,371,pol,28986774,8202739,12496,490559743.12352866
USNMPAL_793077_D3163-A_2024_07_29_10_45_13_Arkansas.ndpi.ndpa,372,paly,28949860,8060360,8616,233217563.20548832
USNMPAL_793077_D3163-A_2024_07_29_10_45_13_Arkansas.ndpi.ndpa,373,pol,29193900,8165827,8805,243561473.78732583
USNMPAL_793077_D3163-A_2024_07_29_10_45_13_Arkansas.ndpi.ndpa,374,pol,29282126,8063200,9225,267351498.31589988
USNMPAL_793077_D3163-A_2024_07_29_10_45_13_Arkansas.ndpi.ndpa,375,paly,28905444,8109032,9055,257588684.98560426
USNMPAL_793077_D3163-A_2024_07_29_10_45_13_Arkansas.ndpi.ndpa,376,pol,28841152,8211050,14252,638118741.5672026
USNMPAL_793077_D3163-A_2024_07_29_10_45_13_Arkansas.ndpi.ndpa,377,pol,28867516,8216323,7313,168012277.72460988
USNMPAL_793077_D3163-A_2024_07_29_10_45_13_Arkansas.ndpi.ndpa,378,pol,28886986,8232143,8665,235877766.47517592
USNMPAL_793077_D3163-A_2024_07_29_10_45_13_Arkansas.ndpi.ndpa,379,pol,28398948,8213483,9350,274645883.75845367
USNMPAL_793077_D3163-A_2024_07_29_10_45_13_Arkansas.ndpi.ndpa,380,pol,28310316,8206182,9267,269791460.23260754
USNMPAL_793077_D3163-A_2024_07_29_10_45_13_Arkansas.ndpi.ndpa,381,pol,28334048,8229709,9267,269791460.23260754
USNMPAL_793077_D3163-A_2024_07_29_10_45_13_Arkansas.ndpi.ndpa,382,pol,28323906,8089155,9267,269791460.23260754
USNMPAL_793077_D3163-A_2024_07_29_10_45_13_Arkansas.ndpi.ndpa,383,pol,28197932,8223625,16599,865592973.8886969
USNMPAL_793077_D3163-A_2024_07_29_10_45_13_Arkansas.ndpi.ndpa,384,pol,28096524,8219569,9267,269791460.23260754
USNMPAL_793077_D3163-A_2024_07_29_10_45_13_Arkansas.ndpi.ndpa,385,pol,27938708,8215714,9267,269791460.23260754
USNMPAL_793077_D3163-A_2024_07_29_10_45_13_Arkansas.ndpi.ndpa,386,pol,27954324,8229709,12505,491266629.74492025
USNMPAL_793077_D3163-A_2024_07_29_10_45_13_Arkansas.ndpi.ndpa,387,pol,27905648,8234983,12804,515040289.71736175
USNMPAL_793077_D3163-A_2024_07_29_10_45_13_Arkansas.ndpi.ndpa,388,pol,27916600,8235591,16282,832847283.4391654
USNMPAL_793077_D3163-A_2024_07_29_10_45_13_Arkansas.ndpi.ndpa,389,pol,27818412,8212672,11589,421931353.1545575
USNMPAL_793077_D3163-A_2024_07_29_10_45_13_Arkansas.ndpi.ndpa,390,pol,27654716,8224639,7999,201011667.48888198
D3408-1_L_2024_02_20_13_47_16_Texas.ndpi.ndpa,2,pol,9903152,358224,13714,590851255.8463454
D3408-1_L_2024_02_20_13_47_16_Texas.ndpi.ndpa,3,arecaceae,10193192,449561,14755,683956215.1528502
D3408-1_L_2024_02_20_13_47_16_Texas.ndpi.ndpa,4,pol,10165366,282764,14883,695874362.1054382
D3408-1_L_2024_02_20_13_47_16_Texas.ndpi.ndpa,5,pol,10308894,305245,14937,700933205.9236609
D3408-1_L_2024_02_20_13_47_16_Texas.ndpi.ndpa,6,pol,9831781,328826,17097,918310808.704267
D3408-1_L_2024_02_20_13_47_16_Texas.ndpi.ndpa,7,spo,10785307,1255059,52129,8537066421.59071
D3408-1_L_2024_02_20_13_47_16_Texas.ndpi.ndpa,8,pol,9151630,-246058,13431,566717431.1257257
D3408-1_L_2024_02_20_13_47_16_Texas.ndpi.ndpa,9,pol,9227518,-243708,13657,585949909.4926252
D3408-1_L_2024_02_20_13_47_16_Texas.ndpi.ndpa,10,pol,9245817,-256803,16327,837457272.2070063
D3408-1_L_2024_02_20_13_47_16_Texas.ndpi.ndpa,11,fun,9210896,-166476,6642,138595016.7269625
D3408-1_L_2024_02_20_13_47_16_Texas.ndpi.ndpa,12,paly,9185766,-210915,8975,253057251.74206632
D3408-1_L_2024_02_20_13_47_16_Texas.ndpi.ndpa,13,fun,9235772,-157818,7324,168518096.1329864
D3408-1_L_2024_02_20_13_47_16_Texas.ndpi.ndpa,14,paly,9168481,-130229,16660,871966633.9227072
D3408-1_L_2024_02_20_13_47_16_Texas.ndpi.ndpa,15,pol,9316171,-248668,12357,479706900.81499493
D3408-1_L_2024_02_20_13_47_16_Texas.ndpi.ndpa,16,paly,9283009,-154897,11377,406635591.97550076
D3408-1_L_2024_02_20_13_47_16_Texas.ndpi.ndpa,17,paly,9309473,-126962,6869,148230271.97074443
D3408-1_L_2024_02_20_13_47_16_Texas.ndpi.ndpa,18,fun,9346556,-224000,6869,148230271.97074443
D3408-1_L_2024_02_20_13_47_16_Texas.ndpi.ndpa,19,pol,9438200,-206683,12291,474596258.41709995
D3408-1_L_2024_02_20_13_47_16_Texas.ndpi.ndpa,20,pol,9566616,-189203,10287,332450777.0358683
D3408-1_L_2024_02_20_13_47_16_Texas.ndpi.ndpa,21,pol,9649454,-202272,14185,632133131.0577637
D3408-1_L_2024_02_20_13_47_16_Texas.ndpi.ndpa,22,pol,9653211,-203579,13750,593957361.0693202
D3408-1_L_2024_02_20_13_47_16_Texas.ndpi.ndpa,23,pol,9741589,-120427,10653,356528068.7966866
D3408-1_L_2024_02_20_13_47_16_Texas.ndpi.ndpa,24,pol,9659092,-260103,10061,318003698.2626229
D3408-1_L_2024_02_20_13_47_16_Texas.ndpi.ndpa,25,pol,9749430,-200802,10065,318256609.03760743
D3408-1_L_2024_02_20_13_47_16_Texas.ndpi.ndpa,26,pol,9782450,-128922,7396,171847681.69096702
D3408-1_L_2024_02_20_13_47_16_Texas.ndpi.ndpa,27,pol,9798949,-126635,12340,478387906.2809779
D3408-1_L_2024_02_20_13_47_16_Texas.ndpi.ndpa,28,pol,9766931,-222366,9312,272418004.47860456
D3408-1_L_2024_02_20_13_47_16_Texas.ndpi.ndpa,29,pol,9905956,-239356,18703,1098936050.0038815
D3408-1_L_2024_02_20_13_47_16_Texas.ndpi.ndpa,30,pol,9971463,-260757,14182,631865778.3813505
D3408-1_L_2024_02_20_13_47_16_Texas.ndpi.ndpa,31,pol,10116217,-268435,15350,740229915.0204611
D3408-1_L_2024_02_20_13_47_16_Texas.ndpi.ndpa,32,pol,10141375,-169763,15966,800833298.1929889
D3408-1_L_2024_02_20_13_47_16_Texas.ndpi.ndpa,33,paly,10091060,-263044,11032,382347609.30336946
D3408-1_L_2024_02_20_13_47_16_Texas.ndpi.ndpa,34,pol,10023429,-274642,15813,785558287.233409
D3408-1_L_2024_02_20_13_47_16_Texas.ndpi.ndpa,35,pol,10104292,-178258,11478,413887503.08537805
D3408-1_L_2024_02_20_13_47_16_Texas.ndpi.ndpa,36,pol,10105435,-156367,12460,487737286.0180611
D3408-1_L_2024_02_20_13_47_16_Texas.ndpi.ndpa,37,pol,10179764,-148362,13645,584920648.3410856
D3408-1_L_2024_02_20_13_47_16_Texas.ndpi.ndpa,38,fun,10225014,-153590,9009,254978197.41965973
D3408-1_L_2024_02_20_13_47_16_Texas.ndpi.ndpa,39,paly,10210638,-152610,8099,206069003.34263083
D3408-1_L_2024_02_20_13_47_16_Texas.ndpi.ndpa,40,spo,10297564,-170907,36363,4154026709.168966
D3408-1_L_2024_02_20_13_47_16_Texas.ndpi.ndpa,41,pol,10406866,-153263,8281,215434593.69780657
D3408-1_L_2024_02_20_13_47_16_Texas.ndpi.ndpa,42,pol,10525791,-135293,14930,700276396.2891675
D3408-1_L_2024_02_20_13_47_16_Texas.ndpi.ndpa,43,pol,10400494,-113076,13560,577655950.9491082
D3408-1_L_2024_02_20_13_47_16_Texas.ndpi.ndpa,44,pol,10525791,-226123,9573,287902867.54425883
D3408-1_L_2024_02_20_13_47_16_Texas.ndpi.ndpa,45,fun,10474497,-108829,4804,72502982.16208914
D3408-1_L_2024_02_20_13_47_16_Texas.ndpi.ndpa,46,paly,10621708,-232168,17878,1004124904.2935827
D3408-1_L_2024_02_20_13_47_16_Texas.ndpi.ndpa,47,pol,10733610,-230208,11418,409571708.76158255
D3408-1_L_2024_02_20_13_47_16_Texas.ndpi.ndpa,48,pol,10759420,-204396,15360,741194698.1243784
D3408-1_L_2024_02_20_13_47_16_Texas.ndpi.ndpa,49,pol,10823472,-156531,13142,542591265.6079955
D3408-1_L_2024_02_20_13_47_16_Texas.ndpi.ndpa,50,pol,10938640,-90205,17135,922397442.693539
D3408-1_L_2024_02_20_13_47_16_Texas.ndpi.ndpa,51,pol,10863495,-14241,12141,463082949.6602241
D3408-1_L_2024_02_20_13_47_16_Texas.ndpi.ndpa,52,pol,10846178,-11137,7525,177894647.50493053
D3408-1_L_2024_02_20_13_47_16_Texas.ndpi.ndpa,53,pol,10733460,-71092,8482,226019759.74588385
D3408-1_L_2024_02_20_13_47_16_Texas.ndpi.ndpa,54,pol,10973599,-111116,7655,184094266.44752464
D3408-1_L_2024_02_20_13_47_16_Texas.ndpi.ndpa,55,fun,10984054,-20939,7353,169855261.63891178
D3408-1_L_2024_02_20_13_47_16_Texas.ndpi.ndpa,56,pol,10566647,-30578,8331,218044000.55587825
D3408-1_L_2024_02_20_13_47_16_Texas.ndpi.ndpa,57,pol,10421238,-94453,10523,347879641.2124723
D3408-1_L_2024_02_20_13_47_16_Texas.ndpi.ndpa,58,paly,10520397,-55572,13638,584320663.8345103
D3408-1_L_2024_02_20_13_47_16_Texas.ndpi.ndpa,59,spo,10383664,-87918,20999,1385310416.4832406
D3408-1_L_2024_02_20_13_47_16_Texas.ndpi.ndpa,60,paly,10395427,-79423,9970,312277137.2002137
D3408-1_L_2024_02_20_13_47_16_Texas.ndpi.ndpa,61,pol,10139914,-77626,7809,191575831.12197196
D3408-1_L_2024_02_20_13_47_16_Texas.ndpi.ndpa,62,pol,10114430,-15058,9911,308592114.99099857
D3408-1_L_2024_02_20_13_47_16_Texas.ndpi.ndpa,63,pol,9991402,-66027,16274,832029061.9157232
D3408-1_L_2024_02_20_13_47_16_Texas.ndpi.ndpa,64,fun,10024074,-36622,14772,685533165.8596535
D3408-1_L_2024_02_20_13_47_16_Texas.ndpi.ndpa,65,pol,9788822,-103274,13241,550796844.8669819
D3408-1_L_2024_02_20_13_47_16_Texas.ndpi.ndpa,66,fun,9841262,-99680,5000,78539816.33974482
D3408-1_L_2024_02_20_13_47_16_Texas.ndpi.ndpa,67,pol,9905462,460,5855,107697016.29752804
D3408-1_L_2024_02_20_13_47_16_Texas.ndpi.ndpa,68,pol,9830958,-76319,9020,255601234.93312702
D3408-1_L_2024_02_20_13_47_16_Texas.ndpi.ndpa,69,paly,9814622,-76809,11399,408209756.0896203
D3408-1_L_2024_02_20_13_47_16_Texas.ndpi.ndpa,70,pol,9657306,-95760,7055,156366569.68694112
D3408-1_L_2024_02_20_13_47_16_Texas.ndpi.ndpa,71,pol,9673969,-101314,13758,594648712.5150398
D3408-1_L_2024_02_20_13_47_16_Texas.ndpi.ndpa,72,fun,9634926,-57206,8527,228424350.47090474
D3408-1_L_2024_02_20_13_47_16_Texas.ndpi.ndpa,73,pol,9741763,2257,14163,630173857.9497964
D3408-1_L_2024_02_20_13_47_16_Texas.ndpi.ndpa,74,fun,9433314,-9177,8756,240858167.866431
D3408-1_L_2024_02_20_13_47_16_Texas.ndpi.ndpa,75,pol,9374668,-46261,10126,322125954.770994
D3408-1_L_2024_02_20_13_47_16_Texas.ndpi.ndpa,76,pol,9315369,-48548,13114,540281667.2200413
D3408-1_L_2024_02_20_13_47_16_Texas.ndpi.ndpa,77,paly,9483302,-29107,8806,243616800.37554818
D3408-1_L_2024_02_20_13_47_16_Texas.ndpi.ndpa,78,paly,9460759,-24860,11109,387703575.5299906
D3408-1_L_2024_02_20_13_47_16_Texas.ndpi.ndpa,79,paly,9374832,-131209,7077,157343303.40931278
D3408-1_L_2024_02_20_13_47_16_Texas.ndpi.ndpa,80,pol,9286602,-60310,14801,688227449.1264472
D3408-1_L_2024_02_20_13_47_16_Texas.ndpi.ndpa,81,fun,9139082,-23226,9020,255601234.93312702
D3408-1_L_2024_02_20_13_47_16_Texas.ndpi.ndpa,82,pol,9162115,6505,10018,315291256.5902914
D3408-1_L_2024_02_20_13_47_16_Texas.ndpi.ndpa,83,spo,9163912,115632,26223,2160302770.498798
D3408-1_L_2024_02_20_13_47_16_Texas.ndpi.ndpa,84,pol,9144146,100439,11980,450882634.28026855
D3408-1_L_2024_02_20_13_47_16_Texas.ndpi.ndpa,85,paly,9149862,78957,11182,392815710.184396
D3408-1_L_2024_02_20_13_47_16_Texas.ndpi.ndpa,86,spo,9163364,82504,14450,655972400.0511827
D3408-1_L_2024_02_20_13_47_16_Texas.ndpi.ndpa,87,pol,9182016,47717,9447,280373977.9180778
D3408-1_L_2024_02_20_13_47_16_Texas.ndpi.ndpa,88,pol,9286376,56185,13285,554463535.8830632
D3408-1_L_2024_02_20_13_47_16_Texas.ndpi.ndpa,89,pol,9222682,123477,13428,566464291.0144775
D3408-1_L_2024_02_20_13_47_16_Texas.ndpi.ndpa,90,pol,9331331,37874,14742,682751536.892312
D3408-1_L_2024_02_20_13_47_16_Texas.ndpi.ndpa,91,pol,9328718,37874,12477,489069098.2501048
D3408-1_L_2024_02_20_13_47_16_Texas.ndpi.ndpa,92,pol,9371354,89007,12142,463159236.9546312
D3408-1_L_2024_02_20_13_47_16_Texas.ndpi.ndpa,93,spo,9465619,127888,14027,618129494.3707578
D3408-1_L_2024_02_20_13_47_16_Texas.ndpi.ndpa,94,pol,9380774,52234,4451,62239351.83892148
D3408-1_L_2024_02_20_13_47_16_Texas.ndpi.ndpa,95,spo,9664320,-11591,9301,271774785.37393063
D3408-1_L_2024_02_20_13_47_16_Texas.ndpi.ndpa,96,paly,9733758,80871,9873,306230290.76677096
D3408-1_L_2024_02_20_13_47_16_Texas.ndpi.ndpa,97,pol,9752054,89366,10593,352523292.14559644
D3408-1_L_2024_02_20_13_47_16_Texas.ndpi.ndpa,98,pol,9740619,100475,9515,284424797.751099
D3408-1_L_2024_02_20_13_47_16_Texas.ndpi.ndpa,99,fun,9799930,117138,5939,110809379.57306883
D3408-1_L_2024_02_20_13_47_16_Texas.ndpi.ndpa,100,paly,9814960,111420,14760,684419835.6887037
D3408-1_L_2024_02_20_13_47_16_Texas.ndpi.ndpa,101,paly,9901704,115014,12279,473669991.23911554
D3408-1_L_2024_02_20_13_47_16_Texas.ndpi.ndpa,102,paly,10025060,8828,15711,775456659.4186091
D3408-1_L_2024_02_20_13_47_16_Texas.ndpi.ndpa,103,fun,10049400,8011,8374,220300653.6828416
D3408-1_L_2024_02_20_13_47_16_Texas.ndpi.ndpa,104,spo,10047767,103906,17145,923474380.6551896
D3408-1_L_2024_02_20_13_47_16_Texas.ndpi.ndpa,105,pol,10021140,116975,18136,1033315364.2927893
D3408-1_L_2024_02_20_13_47_16_Texas.ndpi.ndpa,106,pol,10150030,32679,10743,362577645.27414525
D3408-1_L_2024_02_20_13_47_16_Texas.ndpi.ndpa,107,paly,10232546,-32665,17110,919707846.6829845
D3408-1_L_2024_02_20_13_47_16_Texas.ndpi.ndpa,108,paly,10228135,115178,16765,882992446.0395622
D3408-1_L_2024_02_20_13_47_16_Texas.ndpi.ndpa,109,pol,10243818,102925,14015,617072335.8764542
D3408-1_L_2024_02_20_13_47_16_Texas.ndpi.ndpa,110,pol,10398692,57020,8241,213358377.94490215
D3408-1_L_2024_02_20_13_47_16_Texas.ndpi.ndpa,111,pol,10428750,53100,15711,775456659.4186091
D3408-1_L_2024_02_20_13_47_16_Texas.ndpi.ndpa,112,pol,10436766,-2606,8527,228424350.47090474
D3408-1_L_2024_02_20_13_47_16_Texas.ndpi.ndpa,113,pol,10480546,75480,8182,210314309.75205773
D3408-1_L_2024_02_20_13_47_16_Texas.ndpi.ndpa,114,pol,10532985,65842,15255,731095812.919965
D3408-1_L_2024_02_20_13_47_16_Texas.ndpi.ndpa,115,pol,10705028,65025,13219,548968060.9514742
D3408-1_L_2024_02_20_13_47_16_Texas.ndpi.ndpa,116,pol,10691796,67475,15186,724497120.6041781
D3408-1_L_2024_02_20_13_47_16_Texas.ndpi.ndpa,117,pol,10743418,78094,12988,529949433.9380971
D3408-1_L_2024_02_20_13_47_16_Texas.ndpi.ndpa,118,pol,10734760,121876,14793,687483670.7825245
D3408-1_L_2024_02_20_13_47_16_Texas.ndpi.ndpa,119,pol,10928026,31862,12955,527259856.7770985
D3408-1_L_2024_02_20_13_47_16_Texas.ndpi.ndpa,120,fun,10904340,40194,5856,107733807.48909423
D3408-1_L_2024_02_20_13_47_16_Texas.ndpi.ndpa,121,paly,10904830,43298,15707,775061849.1866472
D3408-1_L_2024_02_20_13_47_16_Texas.ndpi.ndpa,122,pol,10923616,175949,15333,738591225.7348294
D3408-1_L_2024_02_20_13_47_16_Texas.ndpi.ndpa,123,pol,10893884,215483,12573,496624000.26345754
D3408-1_L_2024_02_20_13_47_16_Texas.ndpi.ndpa,124,pol,10965272,231819,11177,392464495.83368796
D3408-1_L_2024_02_20_13_47_16_Texas.ndpi.ndpa,125,fun,10800279,181176,6444,130455062.19691704
D3408-1_L_2024_02_20_13_47_16_Texas.ndpi.ndpa,126,pol,10903522,148504,7067,156898956.54438904
D3408-1_L_2024_02_20_13_47_16_Texas.ndpi.ndpa,127,pol,10905482,157325,14702,679051494.72862
D3408-1_L_2024_02_20_13_47_16_Texas.ndpi.ndpa,128,pol,10984712,165167,8996,254242860.53519723
D3408-1_L_2024_02_20_13_47_16_Texas.ndpi.ndpa,129,paly,10951222,235740,17211,930597929.4308338
D3408-1_L_2024_02_20_13_47_16_Texas.ndpi.ndpa,130,pol,10784912,209438,12706,507186370.91524035
D3408-1_L_2024_02_20_13_47_16_Texas.ndpi.ndpa,131,pol,10741131,242111,10426,341495758.4359672
D3408-1_L_2024_02_20_13_47_16_Texas.ndpi.ndpa,132,fun,10681342,126940,14033,618658412.9099162
D3408-1_L_2024_02_20_13_47_16_Texas.ndpi.ndpa,133,pol,10685589,143603,13141,542508695.1282812
D3408-1_L_2024_02_20_13_47_16_Texas.ndpi.ndpa,134,pol,10564034,184934,15360,741194698.1243784
D3408-1_L_2024_02_20_13_47_16_Texas.ndpi.ndpa,135,pol,10455073,161573,13835,601323531.9040086
D3408-1_L_2024_02_20_13_47_16_Texas.ndpi.ndpa,136,pol,10494443,224468,11253,397819905.9984094
D3408-1_L_2024_02_20_13_47_16_Texas.ndpi.ndpa,137,pol,10530055,167944,8209,211704643.57205248
D3408-1_L_2024_02_20_13_47_16_Texas.ndpi.ndpa,138,pol,10245299,172191,16883,895466026.573305
D3408-1_L_2024_02_20_13_47_16_Texas.ndpi.ndpa,139,pol,10302638,183300,14103,624845842.4730144
D3408-1_L_2024_02_20_13_47_16_Texas.ndpi.ndpa,140,pol,10400001,131677,14620,671497836.7859582
D3408-1_L_2024_02_20_13_47_16_Texas.ndpi.ndpa,141,pol,10335637,201597,12454,487267668.1818319
D3408-1_L_2024_02_20_13_47_16_Texas.ndpi.ndpa,142,pol,10312440,137395,7902,196166084.40476304
D3408-1_L_2024_02_20_13_47_16_Texas.ndpi.ndpa,143,pol,10160980,189508,11780,435953785.99040985
D3408-1_L_2024_02_20_13_47_16_Texas.ndpi.ndpa,144,fun,10119486,237210,7615,182175381.654712
D3408-1_L_2024_02_20_13_47_16_Texas.ndpi.ndpa,145,pol,9988309,134945,12208,468208090.50821537
D3408-1_L_2024_02_20_13_47_16_Texas.ndpi.ndpa,146,pol,9995333,203230,13547,576548881.972317
D3408-1_L_2024_02_20_13_47_16_Texas.ndpi.ndpa,147,fun,9841594,89203,12566,496071164.77942735
D3408-1_L_2024_02_20_13_47_16_Texas.ndpi.ndpa,148,paly,9909714,138865,18427,1066741385.4810116
D3408-1_L_2024_02_20_13_47_16_Texas.ndpi.ndpa,149,spo,9888150,131024,12403,483285049.18372756
D3408-1_L_2024_02_20_13_47_16_Texas.ndpi.ndpa,150,pol,9815119,186077,11835,440034165.0687086
D3408-1_L_2024_02_20_13_47_16_Texas.ndpi.ndpa,151,pol,9823124,172355,9078,258898914.47611776
D3408-1_L_2024_02_20_13_47_16_Texas.ndpi.ndpa,152,paly,9732949,177582,12059,456848773.1984405
D3408-1_L_2024_02_20_13_47_16_Texas.ndpi.ndpa,153,paly,9797639,194572,18714,1100229088.6993945
D3408-1_L_2024_02_20_13_47_16_Texas.ndpi.ndpa,154,paly,9661380,214176,9116,261070923.67221543
D3408-1_L_2024_02_20_13_47_16_Texas.ndpi.ndpa,155,pol,9653864,197186,8657,235442417.13161203
D3408-1_L_2024_02_20_13_47_16_Texas.ndpi.ndpa,156,fun,9552418,200290,4358,59665642.89817254
D3408-1_L_2024_02_20_13_47_16_Texas.ndpi.ndpa,157,pol,9561893,214012,11794,436990624.66343004
D3408-1_L_2024_02_20_13_47_16_Texas.ndpi.ndpa,158,paly,9578229,214666,18995,1133518123.8815496
D3408-1_L_2024_02_20_13_47_16_Texas.ndpi.ndpa,159,paly,9386272,173008,9807,302149738.9008763
D3408-1_L_2024_02_20_13_47_16_Texas.ndpi.ndpa,160,pol,9456026,188854,15074,713849886.1100439
D3408-1_L_2024_02_20_13_47_16_Texas.ndpi.ndpa,161,pol,9483798,214339,13668,586894193.704478
D3408-1_L_2024_02_20_13_47_16_Texas.ndpi.ndpa,162,fun,9266510,180850,9970,312277137.2002137
D3408-1_L_2024_02_20_13_47_16_Texas.ndpi.ndpa,163,pol,9164247,190488,15847,788940023.2294393
D3408-1_L_2024_02_20_13_47_16_Texas.ndpi.ndpa,164,paly,9366813,187057,9749,298586393.7167274
D3408-1_L_2024_02_20_13_47_16_Texas.ndpi.ndpa,165,pol,9157222,309907,12591,498046990.9390863
D3408-1_L_2024_02_20_13_47_16_Texas.ndpi.ndpa,166,fun,9183524,301739,7135,159932905.66729623
D3408-1_L_2024_02_20_13_47_16_Texas.ndpi.ndpa,167,pol,9285297,267922,14611,670671349.7322444
D3408-1_L_2024_02_20_13_47_16_Texas.ndpi.ndpa,168,fun,9342800,276581,6715,141658261.20136443
D3408-1_L_2024_02_20_13_47_16_Texas.ndpi.ndpa,169,fun,9412390,255017,8699,237732487.37963164
D3408-1_L_2024_02_20_13_47_16_Texas.ndpi.ndpa,170,fun,9302613,269229,6722,141953756.26476842
D3408-1_L_2024_02_20_13_47_16_Texas.ndpi.ndpa,171,pol,9479060,252730,9900,307907495.9783356
D3408-1_L_2024_02_20_13_47_16_Texas.ndpi.ndpa,172,paly,9551101,243581,12425,485001037.35660076
D3408-1_L_2024_02_20_13_47_16_Texas.ndpi.ndpa,173,fun,9557635,314971,5663,100749522.37419097
D3408-1_L_2024_02_20_13_47_16_Texas.ndpi.ndpa,174,pol,9676583,253546,7705,186507009.6054816
D3408-1_L_2024_02_20_13_47_16_Texas.ndpi.ndpa,175,fun,9727878,252893,10230,328776781.81686723
D3408-1_L_2024_02_20_13_47_16_Texas.ndpi.ndpa,176,pol,9823124,264655,7808,191526768.86950085
D3408-1_L_2024_02_20_13_47_16_Texas.ndpi.ndpa,177,fun,9951869,293570,10447,342872822.16859317
D3408-1_L_2024_02_20_13_47_16_Texas.ndpi.ndpa,178,pol,10025218,280991,13012,531909787.7539372
D3408-1_L_2024_02_20_13_47_16_Texas.ndpi.ndpa,179,paly,10118840,286056,7380,171104958.9221759
D3408-1_L_2024_02_20_13_47_16_Texas.ndpi.ndpa,180,fun,10129132,291120,6798,145181805.548185
D3408-1_L_2024_02_20_13_47_16_Texas.ndpi.ndpa,181,pol,10259666,311050,12494,490402726.3227022
D3408-1_L_2024_02_20_13_47_16_Texas.ndpi.ndpa,182,pol,10295442,264818,16538,859242693.5872146
D3408-1_L_2024_02_20_13_47_16_Texas.ndpi.ndpa,183,pol,10277472,245868,11571,420621686.00912905
D3408-1_L_2024_02_20_13_47_16_Texas.ndpi.ndpa,184,fun,10508480,305169,10650,356327292.7517883
D3408-1_L_2024_02_20_13_47_16_Texas.ndpi.ndpa,185,pol,10632318,300922,14764,684790845.214722
D3408-1_L_2024_02_20_13_47_16_Texas.ndpi.ndpa,186,pol,10636401,315134,8388,221037884.9476742
D3408-1_L_2024_02_20_13_47_16_Texas.ndpi.ndpa,187,pol,10714502,304679,15224,728127482.2428133
D3408-1_L_2024_02_20_13_47_16_Texas.ndpi.ndpa,188,pol,10755668,315461,15380,743126149.2878054
D3408-1_L_2024_02_20_13_47_16_Texas.ndpi.ndpa,189,pol,10781642,280991,11951,448702372.1202699
D3408-1_L_2024_02_20_13_47_16_Texas.ndpi.ndpa,190,pol,10916266,252566,11893,444357700.27680254
D3408-1_L_2024_02_20_13_47_16_Texas.ndpi.ndpa,191,fun,10865626,381132,14516,661978358.656239
D3408-1_L_2024_02_20_13_47_16_Texas.ndpi.ndpa,192,fun,10860879,358098,9920,309152823.3062186
D3408-1_L_2024_02_20_13_47_16_Texas.ndpi.ndpa,193,pol,10745384,401716,15561,760720076.5991501
D3408-1_L_2024_02_20_13_47_16_Texas.ndpi.ndpa,194,pol,10716959,351074,12348,479008383.3964325
D3408-1_L_2024_02_20_13_47_16_Texas.ndpi.ndpa,195,pol,10654883,368717,10847,369631651.7548096
D3408-1_L_2024_02_20_13_47_16_Texas.ndpi.ndpa,196,pol,10777076,327549,12583,497414299.3113946
D3408-1_L_2024_02_20_13_47_16_Texas.ndpi.ndpa,197,spo,10745056,377375,16807,887422167.0793476
D3408-1_L_2024_02_20_13_47_16_Texas.ndpi.ndpa,198,paly,10788184,421810,15241,729754528.7860708
D3408-1_L_2024_02_20_13_47_16_Texas.ndpi.ndpa,199,paly,10761392,428508,12068,457530948.05201894
D3408-1_L_2024_02_20_13_47_16_Texas.ndpi.ndpa,200,fun,10895684,422627,6584,136185075.86965254
D3408-1_L_2024_02_20_13_47_16_Texas.ndpi.ndpa,201,pol,10807142,415764,8854,246279865.63614318
D3408-1_L_2024_02_20_13_47_16_Texas.ndpi.ndpa,202,spo,10790153,472778,18133,1032973537.0209303
D3408-1_L_2024_02_20_13_47_16_Texas.ndpi.ndpa,203,pol,10767773,473432,21645,1471855086.302556
D3408-1_L_2024_02_20_13_47_16_Texas.ndpi.ndpa,204,pol,10904668,490095,11925,446752146.79914504
D3408-1_L_2024_02_20_13_47_16_Texas.ndpi.ndpa,205,pol,10945835,501530,8659,235551216.76839116
D3408-1_L_2024_02_20_13_47_16_Texas.ndpi.ndpa,206,pol,10888986,567366,14696,678497355.4836386
D3408-1_L_2024_02_20_13_47_16_Texas.ndpi.ndpa,207,pol,10918554,514436,13820,600020320.7314832
D3408-1_L_2024_02_20_13_47_16_Texas.ndpi.ndpa,208,fun,10768753,569980,8344,218725019.3033602
D3408-1_L_2024_02_20_13_47_16_Texas.ndpi.ndpa,209,spo,10791296,512802,25884,2104808820.2109933
D3408-1_L_2024_02_20_13_47_16_Texas.ndpi.ndpa,210,pol,10655846,504961,12013,453370049.9540087
D3408-1_L_2024_02_20_13_47_16_Texas.ndpi.ndpa,211,pol,10615170,522441,15047,711294932.4774368
D3408-1_L_2024_02_20_13_47_16_Texas.ndpi.ndpa,212,pol,10527120,541228,12480,489304312.4336717
D3408-1_L_2024_02_20_13_47_16_Texas.ndpi.ndpa,213,fun,10486933,488788,7092,158011001.8039435
D3408-1_L_2024_02_20_13_47_16_Texas.ndpi.ndpa,214,pol,10512744,536327,7620,182414692.47509918
D3408-1_L_2024_02_20_13_47_16_Texas.ndpi.ndpa,215,paly,10596220,568019,12409,483752744.3652528
D3408-1_L_2024_02_20_13_47_16_Texas.ndpi.ndpa,216,paly,10611086,573410,13755,594389408.5990052
D3408-1_L_2024_02_20_13_47_16_Texas.ndpi.ndpa,217,pol,10620725,589093,6503,132854840.00199264
D3408-1_L_2024_02_20_13_47_16_Texas.ndpi.ndpa,218,pol,10384329,559851,8576,231057152.7694677
D3408-1_L_2024_02_20_13_47_16_Texas.ndpi.ndpa,219,pol,10355578,511332,13661,586293197.6050683
D3408-1_L_2024_02_20_13_47_16_Texas.ndpi.ndpa,220,pol,10395111,542534,7481,175820366.97310072
D3408-1_L_2024_02_20_13_47_16_Texas.ndpi.ndpa,221,pol,10354108,460526,11835,440034165.0687086
D3408-1_L_2024_02_20_13_47_16_Texas.ndpi.ndpa,222,fun,10376810,522277,13847,602367118.7180487
D3408-1_L_2024_02_20_13_47_16_Texas.ndpi.ndpa,223,pol,10209357,485521,7627,182749991.51742417
D3408-1_L_2024_02_20_13_47_16_Texas.ndpi.ndpa,224,spo,10268494,441576,16662,872176002.223513
D3408-1_L_2024_02_20_13_47_16_Texas.ndpi.ndpa,225,pol,10338738,446640,10230,328776781.81686723
D3408-1_L_2024_02_20_13_47_16_Texas.ndpi.ndpa,226,pol,10133544,545475,16009,805152752.4722258
D3408-1_L_2024_02_20_13_47_16_Texas.ndpi.ndpa,227,pol,10062320,509535,8990,253903832.42239243
D3408-1_L_2024_02_20_13_47_16_Texas.ndpi.ndpa,228,paly,10199705,474085,8782,242290696.4173561
D3408-1_L_2024_02_20_13_47_16_Texas.ndpi.ndpa,229,pol,10056929,468204,8281,215434593.69780657
D3408-1_L_2024_02_20_13_47_16_Texas.ndpi.ndpa,230,pol,10135668,566222,16009,805152752.4722258
D3408-1_L_2024_02_20_13_47_16_Texas.ndpi.ndpa,231,pol,10135014,578474,12523,492681929.8017331
D3408-1_L_2024_02_20_13_47_16_Texas.ndpi.ndpa,232,pol,10101362,547435,17617,975020577.3401593
D3408-1_L_2024_02_20_13_47_16_Texas.ndpi.ndpa,233,pol,10041390,439942,15291,734550484.1310409
D3408-1_L_2024_02_20_13_47_16_Texas.ndpi.ndpa,234,paly,10027014,448437,12639,501851585.30628973
D3408-1_L_2024_02_20_13_47_16_Texas.ndpi.ndpa,235,pol,9926712,469674,14780,686275888.6284446
D3408-1_L_2024_02_20_13_47_16_Texas.ndpi.ndpa,236,pol,9922628,472615,14320,644222529.3674916
D3408-1_L_2024_02_20_13_47_16_Texas.ndpi.ndpa,237,pol,9842908,499243,14585,668286579.3152751
D3408-1_L_2024_02_20_13_47_16_Texas.ndpi.ndpa,238,pol,9838008,576024,13562,577826363.5010095
D3408-1_L_2024_02_20_13_47_16_Texas.ndpi.ndpa,239,pol,9937330,577331,8344,218725019.3033602
D3408-1_L_2024_02_20_13_47_16_Texas.ndpi.ndpa,240,fun,9811684,573900,8203,211395284.6602682
D3408-1_L_2024_02_20_13_47_16_Texas.ndpi.ndpa,241,pol,9758592,535837,15724,776740486.9644618
D3408-1_L_2024_02_20_13_47_16_Texas.ndpi.ndpa,242,pol,9686060,540574,12887,521739274.2370219
D3408-1_L_2024_02_20_13_47_16_Texas.ndpi.ndpa,243,pol,10533842,353477,10840,369154729.7156608
D3408-1_L_2024_02_20_13_47_16_Texas.ndpi.ndpa,244,paly,10563954,326733,11809,438102889.8344702
D3408-1_L_2024_02_20_13_47_16_Texas.ndpi.ndpa,245,spo,10497204,363585,32927,3406074947.9015403
D3408-1_L_2024_02_20_13_47_16_Texas.ndpi.ndpa,246,pol,10412342,342106,12907,523359959.0551558
D3408-1_L_2024_02_20_13_47_16_Texas.ndpi.ndpa,247,paly,10459300,325680,8923,250133384.02574092
D3408-1_L_2024_02_20_13_47_16_Texas.ndpi.ndpa,248,fun,10235940,382957,10392,339272101.45664454
D3408-1_L_2024_02_20_13_47_16_Texas.ndpi.ndpa,249,paly,10171884,324194,8131,207700620.90319923
D3408-1_L_2024_02_20_13_47_16_Texas.ndpi.ndpa,250,pol,9990736,403250,16076,811906218.4916846
D3408-1_L_2024_02_20_13_47_16_Texas.ndpi.ndpa,251,pol,9974672,400290,9170,264173070.48844674
D3408-1_L_2024_02_20_13_47_16_Texas.ndpi.ndpa,252,pol,9769416,406420,9360,275233675.74394035
D3408-1_L_2024_02_20_13_47_16_Texas.ndpi.ndpa,253,pol,9806406,386762,12689,505830098.2427958
D3408-1_L_2024_02_20_13_47_16_Texas.ndpi.ndpa,254,pol,9669012,391835,12893,522225215.7886792
D3408-1_L_2024_02_20_13_47_16_Texas.ndpi.ndpa,255,pol,9668801,418469,10975,378406798.6202991
D3408-1_L_2024_02_20_13_47_16_Texas.ndpi.ndpa,256,pol,9654004,406420,12246,471127421.764749
D3408-1_L_2024_02_20_13_47_16_Texas.ndpi.ndpa,257,fun,9572406,494988,7215,163539454.03361732
D3408-1_L_2024_02_20_13_47_16_Texas.ndpi.ndpa,258,spo,9397600,404518,19611,1208229268.687994
D3408-1_L_2024_02_20_13_47_16_Texas.ndpi.ndpa,259,pol,9470524,343007,9570,287722449.01975584
D3408-1_L_2024_02_20_13_47_16_Texas.ndpi.ndpa,260,pol,9549577,446371,7230,164220158.6218339
D3408-1_L_2024_02_20_13_47_16_Texas.ndpi.ndpa,261,paly,9489124,350193,10912,374074916.2005245
D3408-1_L_2024_02_20_13_47_16_Texas.ndpi.ndpa,262,pol,9170576,421217,16450,850122826.043032
D3408-1_L_2024_02_20_13_47_16_Texas.ndpi.ndpa,263,pol,9234834,354844,12256,471897174.79673153
D3408-1_L_2024_02_20_13_47_16_Texas.ndpi.ndpa,264,pol,9255548,376616,11740,432998175.6219126
D3408-1_L_2024_02_20_13_47_16_Texas.ndpi.ndpa,265,pol,9335025,395006,13024,532891321.8298835
D3408-1_L_2024_02_20_13_47_16_Texas.ndpi.ndpa,266,pol,9270133,469834,10803,366638970.593
D3408-1_L_2024_02_20_13_47_16_Texas.ndpi.ndpa,267,pol,9170364,481248,12684,505431540.09079814
D3408-1_L_2024_02_20_13_47_16_Texas.ndpi.ndpa,268,pol,9249841,479557,8156,208979798.89192465
D3408-1_L_2024_02_20_13_47_16_Texas.ndpi.ndpa,269,fun,9399706,380209,9446,280314623.8080736
D3408-1_L_2024_02_20_13_47_16_Texas.ndpi.ndpa,270,fun,9198054,383380,10777,364876285.7869238
D3408-1_L_2024_02_20_13_47_16_Texas.ndpi.ndpa,271,pol,9148170,568548,13646,585006385.5461947
D3408-1_L_2024_02_20_13_47_16_Texas.ndpi.ndpa,272,pol,9152398,598352,12857,519312959.39880145
D3408-1_L_2024_02_20_13_47_16_Texas.ndpi.ndpa,273,pol,9360601,595604,8676,236477028.4154408
D3408-1_L_2024_02_20_13_47_16_Texas.ndpi.ndpa,274,paly,9253434,562206,14274,640090317.1520013
D3408-1_L_2024_02_20_13_47_16_Texas.ndpi.ndpa,275,pol,9259564,608498,12499,490795315.4486581
D3408-1_L_2024_02_20_13_47_16_Texas.ndpi.ndpa,276,pol,9168884,633441,15890,793227326.4494594
D3408-1_L_2024_02_20_13_47_16_Texas.ndpi.ndpa,277,pol,9452136,582710,11306,401576078.998043
D3408-1_L_2024_02_20_13_47_16_Texas.ndpi.ndpa,278,pol,9473062,561361,12615,499947478.56531954
D3408-1_L_2024_02_20_13_47_16_Texas.ndpi.ndpa,279,paly,9545775,609555,15535,758180111.5050933
D3408-1_L_2024_02_20_13_47_16_Texas.ndpi.ndpa,280,fun,9581920,593490,6130,118051312.9846783
D3408-1_L_2024_02_20_13_47_16_Texas.ndpi.ndpa,281,fun,9600732,559458,7854,193790135.57996494
D3408-1_L_2024_02_20_13_47_16_Texas.ndpi.ndpa,282,pol,9674084,615685,16254,829985267.3990039
D3408-1_L_2024_02_20_13_47_16_Texas.ndpi.ndpa,283,paly,9771738,514646,9835,303877539.462127
D3408-1_L_2024_02_20_13_47_16_Texas.ndpi.ndpa,284,paly,10076344,616953,17968,1014260122.0170348
D3408-1_L_2024_02_20_13_47_16_Texas.ndpi.ndpa,285,pol,10446894,609555,16681,874166254.5766373
D3408-1_L_2024_02_20_13_47_16_Texas.ndpi.ndpa,286,pol,10494665,609132,14923,699619894.5307542
D3408-1_L_2024_02_20_13_47_16_Texas.ndpi.ndpa,287,paly,10631302,596202,13048,534857104.31782895
D3408-1_L_2024_02_20_13_47_16_Texas.ndpi.ndpa,288,spo,10874682,677408,39585,4922788430.439252
D3408-1_L_2024_02_20_13_47_16_Texas.ndpi.ndpa,289,pol,10929253,617378,14188,632400540.2828445
D3408-1_L_2024_02_20_13_47_16_Texas.ndpi.ndpa,290,pol,10975530,644446,8205,211498379.1647884
D3408-1_L_2024_02_20_13_47_16_Texas.ndpi.ndpa,291,pol,10884504,733072,8918,249853138.25307745
D3408-1_L_2024_02_20_13_47_16_Texas.ndpi.ndpa,292,pol,10757462,733727,11185,393026514.19304454
D3408-1_L_2024_02_20_13_47_16_Texas.ndpi.ndpa,293,fun,10750040,721939,10425,341430253.0875472
D3408-1_L_2024_02_20_13_47_16_Texas.ndpi.ndpa,294,fun,10784092,743550,7107,158680113.91526833
D3408-1_L_2024_02_20_13_47_16_Texas.ndpi.ndpa,295,pol,10907642,634186,13965,612677247.7540821
D3408-1_L_2024_02_20_13_47_16_Texas.ndpi.ndpa,296,pol,10904806,627637,12563,495834329.5340512
D3408-1_L_2024_02_20_13_47_16_Texas.ndpi.ndpa,297,pol,10578705,632440,7136,159977739.33605564
D3408-1_L_2024_02_20_13_47_16_Texas.ndpi.ndpa,298,paly,10578922,663219,9079,258955956.373929
D3408-1_L_2024_02_20_13_47_16_Texas.ndpi.ndpa,299,paly,10516948,713644,14787,686926100.9183654
D3408-1_L_2024_02_20_13_47_16_Texas.ndpi.ndpa,300,pol,10416550,704258,8786,242511462.41630915
D3408-1_L_2024_02_20_13_47_16_Texas.ndpi.ndpa,301,pol,10410002,676316,11428,410289437.01922166
D3408-1_L_2024_02_20_13_47_16_Texas.ndpi.ndpa,302,pol,10394066,753155,16060,810290886.9474324
D3408-1_L_2024_02_20_13_47_16_Texas.ndpi.ndpa,303,pol,10402580,718010,10482,345174085.91123754
D3408-1_L_2024_02_20_13_47_16_Texas.ndpi.ndpa,304,pol,10259603,692470,14487,659336005.9160091
D3408-1_L_2024_02_20_13_47_16_Texas.ndpi.ndpa,305,pol,10193680,737438,14858,693538509.4276779
D3408-1_L_2024_02_20_13_47_16_Texas.ndpi.ndpa,306,pol,10235372,766907,15936,797826605.5279442
D3408-1_L_2024_02_20_13_47_16_Texas.ndpi.ndpa,307,pol,10310244,775857,13403,564356989.2022657
D3408-1_L_2024_02_20_13_47_16_Texas.ndpi.ndpa,308,pol,9925866,672605,10631,355057024.31982845
D3408-1_L_2024_02_20_13_47_16_Texas.ndpi.ndpa,309,pol,10069280,761013,14986,705539493.8953558
D3408-1_L_2024_02_20_13_47_16_Texas.ndpi.ndpa,310,pol,9915608,681774,14540,664169129.443664
D3408-1_L_2024_02_20_13_47_16_Texas.ndpi.ndpa,311,paly,9994844,695089,14974,704410028.5045372
D3408-1_L_2024_02_20_13_47_16_Texas.ndpi.ndpa,312,fun,10114247,755338,11755,434105351.41285396
D3408-1_L_2024_02_20_13_47_16_Texas.ndpi.ndpa,313,pol,10104424,746169,13331,558309900.8661888
D3408-1_L_2024_02_20_13_47_16_Texas.ndpi.ndpa,314,pol,9869782,688977,17679,981895487.9068278
D3408-1_L_2024_02_20_13_47_16_Texas.ndpi.ndpa,315,pol,10057508,722376,7028,155172007.35474747
D3408-1_L_2024_02_20_13_47_16_Texas.ndpi.ndpa,316,pol,9836834,766907,9745,298341424.88797104
D3408-1_L_2024_02_20_13_47_16_Texas.ndpi.ndpa,317,fun,9814132,762105,6854,147583590.83096623
D3408-1_L_2024_02_20_13_47_16_Texas.ndpi.ndpa,318,pol,9725953,687449,13450,568321965.0160276
D3408-1_L_2024_02_20_13_47_16_Texas.ndpi.ndpa,319,pol,9584504,751190,13328,558058645.7105325
D3408-1_L_2024_02_20_13_47_16_Texas.ndpi.ndpa,320,paly,9652608,611266,9274,270199198.118339
D3408-1_L_2024_02_20_13_47_16_Texas.ndpi.ndpa,321,spo,9610278,634186,16772,883729963.1893264
D3408-1_L_2024_02_20_13_47_16_Texas.ndpi.ndpa,322,spo,9275216,722594,18423,1066278314.7238725
D3408-1_L_2024_02_20_13_47_16_Texas.ndpi.ndpa,323,pol,9345940,733072,16863,893345702.8595442
D3408-1_L_2024_02_20_13_47_16_Texas.ndpi.ndpa,324,pol,9417102,671296,15541,758765880.3049111
D3408-1_L_2024_02_20_13_47_16_Texas.ndpi.ndpa,325,paly,9613996,726087,12526,492918011.0648724
D3408-1_L_2024_02_20_13_47_16_Texas.ndpi.ndpa,326,pol,9277625,700110,13673,587323665.1281871
D3408-1_L_2024_02_20_13_47_16_Texas.ndpi.ndpa,327,pol,9164562,702948,16024,806662272.0343125
D3408-1_L_2024_02_20_13_47_16_Texas.ndpi.ndpa,328,spo,9199271,735255,21159,1406501338.5776467
D3408-1_L_2024_02_20_13_47_16_Texas.ndpi.ndpa,329,pol,9258208,696181,11869,442566087.68557215
D3408-1_L_2024_02_20_13_47_16_Texas.ndpi.ndpa,330,pol,9145790,845275,8493,226606373.63412538
D3408-1_L_2024_02_20_13_47_16_Texas.ndpi.ndpa,331,pol,9250996,809038,8799,243229646.20488304
D3408-1_L_2024_02_20_13_47_16_Texas.ndpi.ndpa,332,pol,9285267,821699,15890,793227326.4494594
D3408-1_L_2024_02_20_13_47_16_Texas.ndpi.ndpa,333,pol,9332197,912727,14012,616808187.6245477
D3408-1_L_2024_02_20_13_47_16_Texas.ndpi.ndpa,334,pol,9373236,832396,9486,282693689.09278405
D3408-1_L_2024_02_20_13_47_16_Texas.ndpi.ndpa,335,paly,9359265,793758,9510,284125953.74992627
D3408-1_L_2024_02_20_13_47_16_Texas.ndpi.ndpa,336,pol,9449417,807729,6725,142080491.2540069
D3408-1_L_2024_02_20_13_47_16_Texas.ndpi.ndpa,337,pol,9416892,912945,16830,889852663.3773899
D3408-1_L_2024_02_20_13_47_16_Texas.ndpi.ndpa,338,pol,9464480,854006,15455,750391474.9983135
D3408-1_L_2024_02_20_13_47_16_Texas.ndpi.ndpa,339,pol,9503770,904650,13444,567815025.0590737
D3408-1_L_2024_02_20_13_47_16_Texas.ndpi.ndpa,340,pol,9433264,900721,10154,323909876.7434084
D3408-1_L_2024_02_20_13_47_16_Texas.ndpi.ndpa,341,fun,9463824,881293,7615,182175381.654712
D3408-1_L_2024_02_20_13_47_16_Texas.ndpi.ndpa,342,fun,9521210,879765,23546,1741743313.8720794
D3408-1_L_2024_02_20_13_47_16_Texas.ndpi.ndpa,343,pol,9555919,865357,10377,338293385.3893084
D3408-1_L_2024_02_20_13_47_16_Texas.ndpi.ndpa,344,pol,9669426,866012,12005,452766411.7751773
D3408-1_L_2024_02_20_13_47_16_Texas.ndpi.ndpa,345,pol,9723562,783935,11910,445628948.8856703
D3408-1_L_2024_02_20_13_47_16_Texas.ndpi.ndpa,346,pol,9730766,771492,14106,625111706.0345097
D3408-1_L_2024_02_20_13_47_16_Texas.ndpi.ndpa,347,pol,9731420,778914,14756,684048926.6936502
D3408-1_L_2024_02_20_13_47_16_Texas.ndpi.ndpa,348,pol,9712430,792012,11876,443088267.5084886
D3408-1_L_2024_02_20_13_47_16_Texas.ndpi.ndpa,349,pol,9811508,776077,9762,299383236.70216185
D3408-1_L_2024_02_20_13_47_16_Texas.ndpi.ndpa,350,fun,9811508,848331,5077,80977469.1858521
D3408-1_L_2024_02_20_13_47_16_Texas.ndpi.ndpa,351,pol,9810853,850295,14799,688041466.8413547
D3408-1_L_2024_02_20_13_47_16_Texas.ndpi.ndpa,352,pol,10012331,873653,13597,580812651.521769
D3408-1_L_2024_02_20_13_47_16_Texas.ndpi.ndpa,353,pol,10018880,847458,9396,277354929.3691266
D3408-1_L_2024_02_20_13_47_16_Texas.ndpi.ndpa,354,pol,10093738,829558,12486,489774910.4468089
D3408-1_L_2024_02_20_13_47_16_Texas.ndpi.ndpa,355,paly,10080859,767127,13443,567730557.0573967
D3408-1_L_2024_02_20_13_47_16_Texas.ndpi.ndpa,356,pol,10110982,777823,15627,767186756.0500406
D3408-1_L_2024_02_20_13_47_16_Texas.ndpi.ndpa,357,pol,10091556,918839,13708,590334363.3238649
D3408-1_L_2024_02_20_13_47_16_Texas.ndpi.ndpa,358,paly,10120370,897665,11458,412446391.7033233
D3408-1_L_2024_02_20_13_47_16_Texas.ndpi.ndpa,359,pol,10329022,802926,14755,683956215.1528502
D3408-1_L_2024_02_20_13_47_16_Texas.ndpi.ndpa,360,pol,10385338,797469,9615,290434664.49741626
D3408-1_L_2024_02_20_13_47_16_Texas.ndpi.ndpa,361,pol,10430742,811658,17000,907920276.8874502
D3408-1_L_2024_02_20_13_47_16_Texas.ndpi.ndpa,362,pol,10454099,880201,15200,725833566.6853858
D3408-1_L_2024_02_20_13_47_16_Texas.ndpi.ndpa,363,pol,10265064,864921,12290,474519034.92808205
D3408-1_L_2024_02_20_13_47_16_Texas.ndpi.ndpa,364,pol,10448621,771711,10445,342741553.86115557
D3408-1_L_2024_02_20_13_47_16_Texas.ndpi.ndpa,365,pol,10592690,843965,16153,819702498.4933906
D3408-1_L_2024_02_20_13_47_16_Texas.ndpi.ndpa,366,pol,10655556,797469,13327,557974906.5583512
D3408-1_L_2024_02_20_13_47_16_Texas.ndpi.ndpa,367,pol,10551652,778478,8121,207190049.26513782
D3408-1_L_2024_02_20_13_47_16_Texas.ndpi.ndpa,368,pol,10577190,811221,10705,360017171.86324584
D3408-1_L_2024_02_20_13_47_16_Texas.ndpi.ndpa,369,pol,10509304,885440,16785,885100454.710121
D3408-1_L_2024_02_20_13_47_16_Texas.ndpi.ndpa,370,pol,10492714,903777,10182,325698724.7331037
D3408-1_L_2024_02_20_13_47_16_Texas.ndpi.ndpa,371,pol,10598358,844620,11130,389170758.98947746
D3408-1_L_2024_02_20_13_47_16_Texas.ndpi.ndpa,372,fun,10668864,818643,8297,216267894.86598596
D3408-1_L_2024_02_20_13_47_16_Texas.ndpi.ndpa,373,fun,10974880,893080,9108,260612904.5960633
D3408-1_L_2024_02_20_13_47_16_Texas.ndpi.ndpa,374,pol,10965494,792012,13198,547225240.4357467
D3408-1_L_2024_02_20_13_47_16_Texas.ndpi.ndpa,375,paly,10902409,915564,12357,479706900.81499493
D3408-1_L_2024_02_20_13_47_16_Texas.ndpi.ndpa,376,spo,10886910,829994,15186,724497120.6041781
D3408-1_L_2024_02_20_13_47_16_Texas.ndpi.ndpa,377,paly,10800251,728489,15429,747868826.3629634
D3408-1_L_2024_02_20_13_47_16_Texas.ndpi.ndpa,378,paly,10868356,1014015,20991,1384255092.6790469
D3408-1_L_2024_02_20_13_47_16_Texas.ndpi.ndpa,379,pol,10942574,1062476,13976,613642819.3977556
D3408-1_L_2024_02_20_13_47_16_Texas.ndpi.ndpa,380,pol,10942136,1068369,14254,638297850.047569
D3408-1_L_2024_02_20_13_47_16_Texas.ndpi.ndpa,381,pol,10741532,1024056,10986,379165716.2992194
D3408-1_L_2024_02_20_13_47_16_Texas.ndpi.ndpa,382,pol,10669934,931283,13113,540199272.6695155
D3408-1_L_2024_02_20_13_47_16_Texas.ndpi.ndpa,383,paly,10705296,1060948,11725,431892413.5476653
D3408-1_L_2024_02_20_13_47_16_Texas.ndpi.ndpa,384,paly,10635882,1014888,15326,737916999.1106645
D3408-1_L_2024_02_20_13_47_16_Texas.ndpi.ndpa,385,spo,10779078,1072299,29691,2769488222.8414164
D3408-1_L_2024_02_20_13_47_16_Texas.ndpi.ndpa,386,pol,10626734,931064,11927,446902013.3350919
D3408-1_L_2024_02_20_13_47_16_Texas.ndpi.ndpa,387,fun,10609490,929973,10352,336665333.53640187
D3408-1_L_2024_02_20_13_47_16_Texas.ndpi.ndpa,388,paly,10658604,943725,12429,485313361.93185
D3408-1_L_2024_02_20_13_47_16_Texas.ndpi.ndpa,389,paly,10543568,1035844,8340,218515361.9760302
D3408-1_L_2024_02_20_13_47_16_Texas.ndpi.ndpa,390,pol,10488778,1036717,12052,456318544.61514556
D3408-1_L_2024_02_20_13_47_16_Texas.ndpi.ndpa,391,pol,10559502,970357,14684,677389755.577689
D3408-1_L_2024_02_20_13_47_16_Texas.ndpi.ndpa,392,spo,10595956,1068151,16893,896527130.9079815
D3408-1_L_2024_02_20_13_47_16_Texas.ndpi.ndpa,393,fun,10366770,1018599,8217,212117473.9794754
D3408-1_L_2024_02_20_13_47_16_Texas.ndpi.ndpa,394,spo,10337746,985200,29121,2664173114.96995
D3408-1_L_2024_02_20_13_47_16_Texas.ndpi.ndpa,395,paly,10320502,1017071,13639,584406357.0573223
D3408-1_L_2024_02_20_13_47_16_Texas.ndpi.ndpa,396,paly,10325304,1017071,13013,531991547.70274687
D3408-1_L_2024_02_20_13_47_16_Texas.ndpi.ndpa,397,pol,10329234,1066623,12290,474519034.92808205
D3408-1_L_2024_02_20_13_47_16_Texas.ndpi.ndpa,398,pol,10276844,1078847,10324,334846577.58464444
D3408-1_L_2024_02_20_13_47_16_Texas.ndpi.ndpa,399,paly,10165982,970575,13929,609522510.6768297
D3408-1_L_2024_02_20_13_47_16_Texas.ndpi.ndpa,400,pol,10029554,985419,16707,876893433.4601067
D3408-1_L_2024_02_20_13_47_16_Texas.ndpi.ndpa,401,pol,10006196,1004847,16167,821124006.3372868
D3408-1_L_2024_02_20_13_47_16_Texas.ndpi.ndpa,402,pol,10065134,1040210,12084,458744959.98433095
D3408-1_L_2024_02_20_13_47_16_Texas.ndpi.ndpa,403,pol,9954478,1032351,12085,458820889.13717556
D3408-1_L_2024_02_20_13_47_16_Texas.ndpi.ndpa,404,pol,9840970,1012269,11266,398739597.82296985
D3408-1_L_2024_02_20_13_47_16_Texas.ndpi.ndpa,405,pol,9699536,1025584,12656,503202517.2712231
D3408-1_L_2024_02_20_13_47_16_Texas.ndpi.ndpa,406,fun,9677270,1015979,8005,201313335.78185028
D3408-1_L_2024_02_20_13_47_16_Texas.ndpi.ndpa,407,pol,9626192,942634,15891,793327169.4055831
D3408-1_L_2024_02_20_13_47_16_Texas.ndpi.ndpa,408,pol,9744940,941106,9649,292492332.28729385
D3408-1_L_2024_02_20_13_47_16_Texas.ndpi.ndpa,409,pol,9685348,1035626,14046,619805179.0514781
D3408-1_L_2024_02_20_13_47_16_Texas.ndpi.ndpa,410,pol,9759346,945253,8560,230195803.46207705
D3408-1_L_2024_02_20_13_47_16_Texas.ndpi.ndpa,411,pol,9545871,1045885,14845,692325417.9820135
D3408-1_L_2024_02_20_13_47_16_Texas.ndpi.ndpa,412,pol,9410982,968392,14058,620864674.890716
D3408-1_L_2024_02_20_13_47_16_Texas.ndpi.ndpa,413,pol,9493712,959224,11813,438399732.6411226
D3408-1_L_2024_02_20_13_47_16_Texas.ndpi.ndpa,414,fun,9479087,973849,7689,185733222.7685318
D3408-1_L_2024_02_20_13_47_16_Texas.ndpi.ndpa,415,spo,9557234,1074045,15355,740712228.0326034
D3408-1_L_2024_02_20_13_47_16_Texas.ndpi.ndpa,416,pol,9412073,990658,9614,290374254.81228036
D3408-1_L_2024_02_20_13_47_16_Texas.ndpi.ndpa,417,pol,9473634,1081249,14627,672141011.908335
D3408-1_L_2024_02_20_13_47_16_Texas.ndpi.ndpa,418,pol,9279179,959323,22311,1563824256.1922305
D3408-1_L_2024_02_20_13_47_16_Texas.ndpi.ndpa,419,paly,9156424,920454,9351,274704634.68266845
D3408-1_L_2024_02_20_13_47_16_Texas.ndpi.ndpa,420,pol,9178564,980726,14089,623605893.5517544
D3408-1_L_2024_02_20_13_47_16_Texas.ndpi.ndpa,421,fun,9397751,1095365,10037,316488344.7629785
D3408-1_L_2024_02_20_13_47_16_Texas.ndpi.ndpa,422,pol,9184223,1189725,14002,615928101.858571
D3408-1_L_2024_02_20_13_47_16_Texas.ndpi.ndpa,423,fun,9402990,1190464,7395,171801214.39402777
D3408-1_L_2024_02_20_13_47_16_Texas.ndpi.ndpa,424,pol,9490566,1127732,14167,630529863.2293013
D3408-1_L_2024_02_20_13_47_16_Texas.ndpi.ndpa,425,pol,9464489,1130438,14861,693818604.4038941
D3408-1_L_2024_02_20_13_47_16_Texas.ndpi.ndpa,426,pol,9471870,1148888,10744,362645148.67549294
D3408-1_L_2024_02_20_13_47_16_Texas.ndpi.ndpa,427,pol,9655534,1115924,15499,754670248.7942792
D3408-1_L_2024_02_20_13_47_16_Texas.ndpi.ndpa,428,pol,9670294,1110511,14712,679975562.791747
D3408-1_L_2024_02_20_13_47_16_Texas.ndpi.ndpa,429,pol,9885996,1193908,9184,264980321.57034257
D3408-1_L_2024_02_20_13_47_16_Texas.ndpi.ndpa,430,pol,9921174,1135604,9622,290857708.222556
D3408-1_L_2024_02_20_13_47_16_Texas.ndpi.ndpa,431,fun,9958812,1140278,8917,249797107.9481007
D3408-1_L_2024_02_20_13_47_16_Texas.ndpi.ndpa,432,fun,10056229,1140524,8269,214810673.39680365
D3408-1_L_2024_02_20_13_47_16_Texas.ndpi.ndpa,433,fun,9820806,1194646,10097,320283514.35222113
D3408-1_L_2024_02_20_13_47_16_Texas.ndpi.ndpa,434,paly,9939882,1118384,14602,669845371.6165406
D3408-1_L_2024_02_20_13_47_16_Texas.ndpi.ndpa,435,pol,10108146,1131422,16533,858723215.5339803
D3408-1_L_2024_02_20_13_47_16_Texas.ndpi.ndpa,436,pol,10438804,1182837,18574,1083828969.7380066
D3408-1_L_2024_02_20_13_47_16_Texas.ndpi.ndpa,437,pol,10372138,1155531,16890,896208733.6341329
D3408-1_L_2024_02_20_13_47_16_Texas.ndpi.ndpa,438,pol,10189359,1165125,11821,438993719.8473221
D3408-1_L_2024_02_20_13_47_16_Texas.ndpi.ndpa,439,pol,10231179,1159713,15078,714228787.316808
D3408-1_L_2024_02_20_13_47_16_Texas.ndpi.ndpa,440,pol,10202644,1147167,15410,746028038.4219264
D3408-1_L_2024_02_20_13_47_16_Texas.ndpi.ndpa,441,pol,10209778,1143969,14861,693818604.4038941
D3408-1_L_2024_02_20_13_47_16_Texas.ndpi.ndpa,442,paly,10316542,1175457,17409,952132793.088955
D3408-1_L_2024_02_20_13_47_16_Texas.ndpi.ndpa,443,fun,10336468,1134866,7724,187427970.63347408
D3408-1_L_2024_02_20_13_47_16_Texas.ndpi.ndpa,444,pol,10608266,1200058,8122,207241078.15461007
D3408-1_L_2024_02_20_13_47_16_Texas.ndpi.ndpa,445,spo,10764476,1134374,35691,4001909888.1034636
D3408-1_L_2024_02_20_13_47_16_Texas.ndpi.ndpa,446,pol,10737171,1120844,8464,225061486.02194464
D3408-1_L_2024_02_20_13_47_16_Texas.ndpi.ndpa,447,pol,10557836,1114940,8610,232892860.7551839
D3408-1_L_2024_02_20_13_47_16_Texas.ndpi.ndpa,448,fun,10826624,1180869,26225,2160632311.0017886
D3408-1_L_2024_02_20_13_47_16_Texas.ndpi.ndpa,449,pol,10974962,1134128,15824,786651583.468007
D3408-1_L_2024_02_20_13_47_16_Texas.ndpi.ndpa,450,pol,10971272,960448,10826,368201809.2656033
D3408-1_L_2024_02_20_13_47_16_Texas.ndpi.ndpa,451,pol,10975208,974224,12758,511346241.7124529
D3408-1_L_2024_02_20_13_47_16_Texas.ndpi.ndpa,452,paly,9831401,861640,7980,200057876.81765947
D3408-1_L_2024_02_20_13_47_16_Texas.ndpi.ndpa,453,paly,9903432,872113,9628,291220562.1740456
D3408-1_L_2024_02_20_13_47_16_Texas.ndpi.ndpa,454,pol,9172739,1254804,15537,758375342.6389581
D3408-1_L_2024_02_20_13_47_16_Texas.ndpi.ndpa,455,pol,9277940,1217510,14508,661248905.9748167
D3408-1_L_2024_02_20_13_47_16_Texas.ndpi.ndpa,456,pol,9546908,1222874,10207,327300073.0484547
D3408-1_L_2024_02_20_13_47_16_Texas.ndpi.ndpa,457,pol,9398248,1206526,7767,189520626.34073475
D3408-1_L_2024_02_20_13_47_16_Texas.ndpi.ndpa,458,pol,9433753,1276005,9726,297179195.82736814
D3408-1_L_2024_02_20_13_47_16_Texas.ndpi.ndpa,459,pol,9507060,1243820,14623,671773445.567865
D3408-1_L_2024_02_20_13_47_16_Texas.ndpi.ndpa,460,pol,9516256,1202439,11552,419241468.11747885
D3408-1_L_2024_02_20_13_47_16_Texas.ndpi.ndpa,461,pol,9589054,1269874,19333,1174217029.4522045
D3408-1_L_2024_02_20_13_47_16_Texas.ndpi.ndpa,462,pol,9435286,1264255,21163,1407033172.5147877
D3408-1_L_2024_02_20_13_47_16_Texas.ndpi.ndpa,463,fun,9831282,1283412,10017,315228314.78147674
D3408-1_L_2024_02_20_13_47_16_Texas.ndpi.ndpa,464,pol,9757207,1247907,12969,528400053.84842175
D3408-1_L_2024_02_20_13_47_16_Texas.ndpi.ndpa,465,pol,9833322,1290877,17286,938726093.5636504
D3408-1_L_2024_02_20_13_47_16_Texas.ndpi.ndpa,466,pol,9905444,1226546,14106,625111706.0345097
D3408-1_L_2024_02_20_13_47_16_Texas.ndpi.ndpa,467,pol,10054196,1239318,14968,703845635.1011345
D3408-1_L_2024_02_20_13_47_16_Texas.ndpi.ndpa,468,pol,10176372,1171117,14524,662708213.4615209
D3408-1_L_2024_02_20_13_47_16_Texas.ndpi.ndpa,469,pol,10236655,1282742,15078,714228787.316808
D3408-1_L_2024_02_20_13_47_16_Texas.ndpi.ndpa,470,pol,10423514,1248514,9726,297179195.82736814
D3408-1_L_2024_02_20_13_47_16_Texas.ndpi.ndpa,471,pol,10393884,1265628,19894,1243352007.5197523
D3408-1_L_2024_02_20_13_47_16_Texas.ndpi.ndpa,472,pol,10719395,1212497,8789,242677102.8889697
D3408-1_L_2024_02_20_13_47_16_Texas.ndpi.ndpa,473,pol,10730379,1209177,9138,262332549.58278525
D3408-1_L_2024_02_20_13_47_16_Texas.ndpi.ndpa,474,pol,10981211,1230378,8998,254355920.17161462
D3408-1_L_2024_02_20_13_47_16_Texas.ndpi.ndpa,475,spo,10839447,1267927,22750,1625970547.7735672
D3408_1_R_2024_02_20_19_10_35_Texas.ndpi.ndpa,2,spo,20980150,304063,44279,6159500304.894525
D3408_1_R_2024_02_20_19_10_35_Texas.ndpi.ndpa,3,pol,21603248,165400,20345,1300364968.12105
D3408_1_R_2024_02_20_19_10_35_Texas.ndpi.ndpa,4,spo,20485748,150849,38528,4663401447.553251
D3408_1_R_2024_02_20_19_10_35_Texas.ndpi.ndpa,6,pol,20398944,-688400,22140,1539944630.2995834
D3408_1_R_2024_02_20_19_10_35_Texas.ndpi.ndpa,7,spo,21138578,-896752,33402,3505054829.98352
D3408_1_R_2024_02_20_19_10_35_Texas.ndpi.ndpa,8,pol,21063488,-681497,10962,377510876.0857557
D3408_1_R_2024_02_20_19_10_35_Texas.ndpi.ndpa,9,spo,20213718,127712,36552,4197320793.324564
D3408_1_R_2024_02_20_19_10_35_Texas.ndpi.ndpa,10,spo,21912220,-659462,37299,4370632083.342578
D3408_1_R_2024_02_20_19_10_35_Texas.ndpi.ndpa,11,pol,20176814,-1021337,15470,751848781.2904975
D3408_1_R_2024_02_20_19_10_35_Texas.ndpi.ndpa,12,pol,20405558,-1063105,11122,388611505.231656
D3408_1_R_2024_02_20_19_10_35_Texas.ndpi.ndpa,13,pol,20410294,-989942,15485,753307501.2993757
D3408_1_R_2024_02_20_19_10_35_Texas.ndpi.ndpa,14,pol,20333628,-991658,6007,113361383.25017412
D3408_1_R_2024_02_20_19_10_35_Texas.ndpi.ndpa,15,fun,20331682,-897252,6557,135070416.80501032
D3408_1_R_2024_02_20_19_10_35_Texas.ndpi.ndpa,16,pol,20397020,-918765,8261,214395229.1842929
D3408_1_R_2024_02_20_19_10_35_Texas.ndpi.ndpa,17,pol,20392214,-928377,10735,362037844.2580348
D3408_1_R_2024_02_20_19_10_35_Texas.ndpi.ndpa,18,fun,20486390,-883520,7363,170317578.41381407
D3408_1_R_2024_02_20_19_10_35_Texas.ndpi.ndpa,19,pol,20585258,-899655,8163,209338672.44552216
D3408_1_R_2024_02_20_19_10_35_Texas.ndpi.ndpa,20,fun,20886322,-897366,8976,253113646.4717909
D3408_1_R_2024_02_20_19_10_35_Texas.ndpi.ndpa,21,pol,20993656,-928949,12964,527992699.236994
D3408_1_R_2024_02_20_19_10_35_Texas.ndpi.ndpa,22,pol,20989880,-938104,8946,251424537.76566184
D3408_1_R_2024_02_20_19_10_35_Texas.ndpi.ndpa,23,pol,20978780,-884435,12804,515040289.71736175
D3408_1_R_2024_02_20_19_10_35_Texas.ndpi.ndpa,24,pol,21058768,-906292,14464,657244104.1909853
D3408_1_R_2024_02_20_19_10_35_Texas.ndpi.ndpa,25,pol,21059224,-944626,12796,514396891.5419066
D3408_1_R_2024_02_20_19_10_35_Texas.ndpi.ndpa,26,pol,21253298,-921740,15139,720019487.1348329
D3408_1_R_2024_02_20_19_10_35_Texas.ndpi.ndpa,27,fun,21336830,-898510,11110,387773378.5771607
D3408_1_R_2024_02_20_19_10_35_Texas.ndpi.ndpa,28,pol,21395418,-910869,16263,830904663.9138548
D3408_1_R_2024_02_20_19_10_35_Texas.ndpi.ndpa,29,pol,21384204,-979872,15778,782084675.3602247
D3408_1_R_2024_02_20_19_10_35_Texas.ndpi.ndpa,30,pol,21398622,-966254,7809,191575831.12197196
D3408_1_R_2024_02_20_19_10_35_Texas.ndpi.ndpa,31,pol,21424826,-910068,13027,533136846.7205395
D3408_1_R_2024_02_20_19_10_35_Texas.ndpi.ndpa,32,pol,20308914,-970700,12793,514155720.89866847
D3408_1_R_2024_02_20_19_10_35_Texas.ndpi.ndpa,33,pol,20324934,-952963,6159,119170916.91615728
D3408_1_R_2024_02_20_19_10_35_Texas.ndpi.ndpa,34,pol,20644422,-1029518,15995,803745143.034229
D3408_1_R_2024_02_20_19_10_35_Texas.ndpi.ndpa,35,pol,20627716,-1043021,10701,359748176.1338749
D3408_1_R_2024_02_20_19_10_35_Texas.ndpi.ndpa,36,pol,20638586,-1018304,13902,607161801.7179941
D3408_1_R_2024_02_20_19_10_35_Texas.ndpi.ndpa,37,paly,20814922,-989810,11170,391973059.63647956
D3408_1_R_2024_02_20_19_10_35_Texas.ndpi.ndpa,38,pol,21010138,-1003428,23250,1698227178.8061326
D3408_1_R_2024_02_20_19_10_35_Texas.ndpi.ndpa,39,pol,21024556,-1013612,13770,595686493.6658561
D3408_1_R_2024_02_20_19_10_35_Texas.ndpi.ndpa,40,pol,21030850,-1034439,8341,218567766.88308474
D3408_1_R_2024_02_20_19_10_35_Texas.ndpi.ndpa,41,pol,21072160,-989696,10575,351326269.94635504
D3408_1_R_2024_02_20_19_10_35_Texas.ndpi.ndpa,42,pol,21253644,-1058470,12579,497098104.2939961
D3408_1_R_2024_02_20_19_10_35_Texas.ndpi.ndpa,43,pol,21313262,-992099,12922,524577122.0048994
D3408_1_R_2024_02_20_19_10_35_Texas.ndpi.ndpa,44,pol,21439822,-1039245,7989,200509389.65542603
D3408_1_R_2024_02_20_19_10_35_Texas.ndpi.ndpa,45,pol,21538116,-1021737,14410,652345745.4918787
D3408_1_R_2024_02_20_19_10_35_Texas.ndpi.ndpa,46,pol,21651288,-1034439,15363,741484255.5776671
D3408_1_R_2024_02_20_19_10_35_Texas.ndpi.ndpa,47,pol,21637898,-1019792,11534,417935985.57346493
D3408_1_R_2024_02_20_19_10_35_Texas.ndpi.ndpa,48,fun,21645680,-1007776,7216,163584790.35720128
D3408_1_R_2024_02_20_19_10_35_Texas.ndpi.ndpa,49,spo,21656436,-999079,17504,962552623.3988591
D3408_1_R_2024_02_20_19_10_35_Texas.ndpi.ndpa,50,pol,21753016,-1009950,18639,1091427995.420179
D3408_1_R_2024_02_20_19_10_35_Texas.ndpi.ndpa,51,fun,21770408,-995875,8926,250301606.8875627
D3408_1_R_2024_02_20_19_10_35_Texas.ndpi.ndpa,52,pol,21787458,-972760,15780,782282960.1221486
D3408_1_R_2024_02_20_19_10_35_Texas.ndpi.ndpa,53,pol,21891476,-964750,12703,506946896.73203516
D3408_1_R_2024_02_20_19_10_35_Texas.ndpi.ndpa,54,pol,21904748,-966581,13842,601932180.9231224
D3408_1_R_2024_02_20_19_10_35_Texas.ndpi.ndpa,55,pol,21690994,-892314,8505,227247183.13723403
D3408_1_R_2024_02_20_19_10_35_Texas.ndpi.ndpa,56,pol,20294176,-897372,6405,128880775.56068401
D3408_1_R_2024_02_20_19_10_35_Texas.ndpi.ndpa,57,pol,20178602,-935363,7078,157387772.65332437
D3408_1_R_2024_02_20_19_10_35_Texas.ndpi.ndpa,58,pol,20261334,-833175,13680,587925189.0151625
D3408_1_R_2024_02_20_19_10_35_Texas.ndpi.ndpa,59,fun,20450258,-811891,11552,419241468.11747885
D3408_1_R_2024_02_20_19_10_35_Texas.ndpi.ndpa,60,pol,20390412,-802164,15627,767186756.0500406
D3408_1_R_2024_02_20_19_10_35_Texas.ndpi.ndpa,61,pol,20419934,-778935,15921,796325379.7704631
D3408_1_R_2024_02_20_19_10_35_Texas.ndpi.ndpa,62,pol,20388352,-787288,17034,911555589.6761075
D3408_1_R_2024_02_20_19_10_35_Texas.ndpi.ndpa,63,pol,20585400,-808458,15471,751945985.3087922
D3408_1_R_2024_02_20_19_10_35_Texas.ndpi.ndpa,64,pol,20711844,-832146,10443,342610310.68645924
D3408_1_R_2024_02_20_19_10_35_Texas.ndpi.ndpa,65,pol,20962216,-859724,16013,805555152.7920388
D3408_1_R_2024_02_20_19_10_35_Texas.ndpi.ndpa,66,pol,20926284,-857550,10530,348342620.8634245
D3408_1_R_2024_02_20_19_10_35_Texas.ndpi.ndpa,67,pol,20873190,-814065,11514,416487837.0238662
D3408_1_R_2024_02_20_19_10_35_Texas.ndpi.ndpa,68,pol,21169104,-826539,13044,534529222.5757591
D3408_1_R_2024_02_20_19_10_35_Texas.ndpi.ndpa,69,pol,21269916,-852858,11723,431745085.41858256
D3408_1_R_2024_02_20_19_10_35_Texas.ndpi.ndpa,70,pol,21378052,-837982,11128,389030907.85091025
D3408_1_R_2024_02_20_19_10_35_Texas.ndpi.ndpa,71,pol,21329764,-836036,15712,775555377.6845628
D3408_1_R_2024_02_20_19_10_35_Texas.ndpi.ndpa,72,pol,21311456,-814981,13331,558309900.8661888
D3408_1_R_2024_02_20_19_10_35_Texas.ndpi.ndpa,73,fun,21312828,-802622,5848,107439653.8857533
D3408_1_R_2024_02_20_19_10_35_Texas.ndpi.ndpa,74,fun,21345668,-804911,6448,130617067.84687737
D3408_1_R_2024_02_20_19_10_35_Texas.ndpi.ndpa,75,pol,21451860,-820703,7799,191085491.34059966
D3408_1_R_2024_02_20_19_10_35_Texas.ndpi.ndpa,76,pol,21466164,-841300,12392,482428195.4954242
D3408_1_R_2024_02_20_19_10_35_Texas.ndpi.ndpa,77,fun,21543518,-850455,6022,113928236.5206246
D3408_1_R_2024_02_20_19_10_35_Texas.ndpi.ndpa,78,pol,21726834,-805712,15976,801836785.7183986
D3408_1_R_2024_02_20_19_10_35_Texas.ndpi.ndpa,79,pol,21886806,-846565,12871,520444535.93988323
D3408_1_R_2024_02_20_19_10_35_Texas.ndpi.ndpa,81,pol,21872616,-760855,10568,350861311.0920311
D3408_1_R_2024_02_20_19_10_35_Texas.ndpi.ndpa,82,pol,21921592,-763143,12295,474905215.2050246
D3408_1_R_2024_02_20_19_10_35_Texas.ndpi.ndpa,83,pol,21730038,-713709,17129,921751581.5094434
D3408_1_R_2024_02_20_19_10_35_Texas.ndpi.ndpa,84,pol,21758072,-749984,14694,678312692.6674607
D3408_1_R_2024_02_20_19_10_35_Texas.ndpi.ndpa,85,pol,21290056,-747581,17195,928868495.2414033
D3408_1_R_2024_02_20_19_10_35_Texas.ndpi.ndpa,86,pol,21100332,-698603,13970,613116049.7079723
D3408_1_R_2024_02_20_19_10_35_Texas.ndpi.ndpa,87,pol,21048496,-699290,8520,228049467.3611445
D3408_1_R_2024_02_20_19_10_35_Texas.ndpi.ndpa,88,pol,20881656,-692642,8804,243506153.48228875
D3408_1_R_2024_02_20_19_10_35_Texas.ndpi.ndpa,89,pol,20887378,-689667,12006,452841844.55638266
D3408_1_R_2024_02_20_19_10_35_Texas.ndpi.ndpa,90,pol,20810940,-692756,7166,161325671.08000487
D3408_1_R_2024_02_20_19_10_35_Texas.ndpi.ndpa,91,pol,20888866,-786362,10959,377304275.52807766
D3408_1_R_2024_02_20_19_10_35_Texas.ndpi.ndpa,92,pol,20790228,-741848,15132,719353793.0763152
D3408_1_R_2024_02_20_19_10_35_Texas.ndpi.ndpa,93,pol,20653942,-706488,15603,764832069.5243219
D3408_1_R_2024_02_20_19_10_35_Texas.ndpi.ndpa,94,pol,20622244,-709578,12711,507585620.2176218
D3408_1_R_2024_02_20_19_10_35_Texas.ndpi.ndpa,95,pol,20612976,-773088,13671,587151857.7091475
D3408_1_R_2024_02_20_19_10_35_Texas.ndpi.ndpa,96,pol,20255270,-771028,14078,622632511.908744
D3408_1_R_2024_02_20_19_10_35_Texas.ndpi.ndpa,97,pol,20196910,-700595,15105,716788999.9755172
D3408_1_R_2024_02_20_19_10_35_Texas.ndpi.ndpa,98,pol,20239250,-676450,12562,495755397.0186297
D3408_1_R_2024_02_20_19_10_35_Texas.ndpi.ndpa,99,pol,20196682,-645668,13209,548137800.8449835
D3408_1_R_2024_02_20_19_10_35_Texas.ndpi.ndpa,100,pol,20233184,-656882,17490,961013506.8923831
D3408_1_R_2024_02_20_19_10_35_Texas.ndpi.ndpa,101,fun,20240966,-650817,6657,139221717.33746386
D3408_1_R_2024_02_20_19_10_35_Texas.ndpi.ndpa,102,pol,20398994,-652419,14208,634184713.5826713
D3408_1_R_2024_02_20_19_10_35_Texas.ndpi.ndpa,103,pol,20419934,-665350,11435,410792220.6490948
D3408_1_R_2024_02_20_19_10_35_Texas.ndpi.ndpa,104,pol,20515482,-670271,14228,635971400.1566209
D3408_1_R_2024_02_20_19_10_35_Texas.ndpi.ndpa,105,pol,20546492,-642807,14842,692045624.598692
D3408_1_R_2024_02_20_19_10_35_Texas.ndpi.ndpa,106,pol,20550154,-623811,16740,880360969.4930991
D3408_1_R_2024_02_20_19_10_35_Texas.ndpi.ndpa,107,pol,20467308,-665808,19528,1198023688.7138793
D3408_1_R_2024_02_20_19_10_35_Texas.ndpi.ndpa,108,fun,20536308,-653335,6038,114534438.23906128
D3408_1_R_2024_02_20_19_10_35_Texas.ndpi.ndpa,109,pol,20671564,-662375,8069,204545205.24193364
D3408_1_R_2024_02_20_19_10_35_Texas.ndpi.ndpa,110,pol,20802358,-640290,10093,320029799.32951725
D3408_1_R_2024_02_20_19_10_35_Texas.ndpi.ndpa,111,pol,20882230,-627016,16069,811199313.020737
D3408_1_R_2024_02_20_19_10_35_Texas.ndpi.ndpa,112,pol,20903972,-614314,8394,221354218.19514948
D3408_1_R_2024_02_20_19_10_35_Texas.ndpi.ndpa,113,pol,21078328,-613970,14274,640090317.1520013
D3408_1_R_2024_02_20_19_10_35_Texas.ndpi.ndpa,114,pol,21400218,-631593,14007,616368066.2017431
D3408_1_R_2024_02_20_19_10_35_Texas.ndpi.ndpa,115,pol,21437662,-616946,14138,627951102.6075654
D3408_1_R_2024_02_20_19_10_35_Texas.ndpi.ndpa,116,spo,21457268,-614652,20632,1337311351.2227347
D3408_1_R_2024_02_20_19_10_35_Texas.ndpi.ndpa,117,pol,21602076,-665539,13103,539375672.7394505
D3408_1_R_2024_02_20_19_10_35_Texas.ndpi.ndpa,118,pol,21533968,-675056,8205,211498379.1647884
D3408_1_R_2024_02_20_19_10_35_Texas.ndpi.ndpa,119,pol,21694026,-640543,11436,410864072.0146751
D3408_1_R_2024_02_20_19_10_35_Texas.ndpi.ndpa,120,pol,21667656,-620821,12270,472975884.6166388
D3408_1_R_2024_02_20_19_10_35_Texas.ndpi.ndpa,121,pol,21478434,-571314,11109,387703575.5299906
D3408_1_R_2024_02_20_19_10_35_Texas.ndpi.ndpa,122,pol,21467448,-557697,13384,562758066.1964433
D3408_1_R_2024_02_20_19_10_35_Texas.ndpi.ndpa,123,pol,21175424,-567309,9060,257873234.74020314
D3408_1_R_2024_02_20_19_10_35_Texas.ndpi.ndpa,124,fun,21175424,-590997,9936,310150894.7258935
D3408_1_R_2024_02_20_19_10_35_Texas.ndpi.ndpa,125,fun,21193048,-585847,5973,112081749.73051393
D3408_1_R_2024_02_20_19_10_35_Texas.ndpi.ndpa,126,fun,21180230,-630133,5713,102536460.27555284
D3408_1_R_2024_02_20_19_10_35_Texas.ndpi.ndpa,127,pol,20961556,-530004,8437,223627892.47111
D3408_1_R_2024_02_20_19_10_35_Texas.ndpi.ndpa,128,paly,20880540,-608505,10931,375378730.5588394
D3408_1_R_2024_02_20_19_10_35_Texas.ndpi.ndpa,129,pol,20845982,-561473,9691,295044185.1679518
D3408_1_R_2024_02_20_19_10_35_Texas.ndpi.ndpa,130,pol,20691960,-567767,15995,803745143.034229
D3408_1_R_2024_02_20_19_10_35_Texas.ndpi.ndpa,131,fun,20622158,-604500,6158,119132221.91944301
D3408_1_R_2024_02_20_19_10_35_Texas.ndpi.ndpa,132,pol,20570092,-629103,8597,232190114.75290975
D3408_1_R_2024_02_20_19_10_35_Texas.ndpi.ndpa,133,pol,20422250,-597634,12082,458593120.52819765
D3408_1_R_2024_02_20_19_10_35_Texas.ndpi.ndpa,134,paly,20372244,-526228,10749,362982759.9300109
D3408_1_R_2024_02_20_19_10_35_Texas.ndpi.ndpa,135,pol,20281386,-530577,10851,369904316.86439997
D3408_1_R_2024_02_20_19_10_35_Texas.ndpi.ndpa,136,fun,20283560,-589509,8396,221459712.87645704
D3408_1_R_2024_02_20_19_10_35_Texas.ndpi.ndpa,137,pol,20147962,-453335,14082,622986380.9052444
D3408_1_R_2024_02_20_19_10_35_Texas.ndpi.ndpa,138,pol,20146588,-441205,9558,287001340.40842146
D3408_1_R_2024_02_20_19_10_35_Texas.ndpi.ndpa,139,pol,20176112,-465007,6093,116630524.56549966
D3408_1_R_2024_02_20_19_10_35_Texas.ndpi.ndpa,140,pol,20256798,-432468,15564,761013422.813179
D3408_1_R_2024_02_20_19_10_35_Texas.ndpi.ndpa,141,pol,20324312,-463135,11653,426604434.5276605
D3408_1_R_2024_02_20_19_10_35_Texas.ndpi.ndpa,142,paly,20222584,-435763,14818,689809313.2841607
D3408_1_R_2024_02_20_19_10_35_Texas.ndpi.ndpa,143,paly,20236430,-448351,11739,432924414.1679989
D3408_1_R_2024_02_20_19_10_35_Texas.ndpi.ndpa,144,pol,20352460,-465516,11927,446902013.3350919
D3408_1_R_2024_02_20_19_10_35_Texas.ndpi.ndpa,145,pol,20456020,-447092,6918,150352615.72858152
D3408_1_R_2024_02_20_19_10_35_Texas.ndpi.ndpa,146,pol,20465288,-429698,11941,447951782.8034742
D3408_1_R_2024_02_20_19_10_35_Texas.ndpi.ndpa,147,pol,20707422,-475242,13582,579531871.3207903
D3408_1_R_2024_02_20_19_10_35_Texas.ndpi.ndpa,148,pol,20861100,-451555,9715,296507363.09680533
D3408_1_R_2024_02_20_19_10_35_Texas.ndpi.ndpa,149,pol,21144198,-513463,8062,204190466.02426824
D3408_1_R_2024_02_20_19_10_35_Texas.ndpi.ndpa,150,pol,21185508,-460481,19999,1256511400.8713663
D3408_1_R_2024_02_20_19_10_35_Texas.ndpi.ndpa,151,pol,21162164,-483482,14510,661431231.4460604
D3408_1_R_2024_02_20_19_10_35_Texas.ndpi.ndpa,152,paly,21144656,-492178,12796,514396891.5419066
D3408_1_R_2024_02_20_19_10_35_Texas.ndpi.ndpa,153,paly,21166056,-434962,8402,221776347.71682703
D3408_1_R_2024_02_20_19_10_35_Texas.ndpi.ndpa,154,pol,21356236,-436473,8867,247003603.76052862
D3408_1_R_2024_02_20_19_10_35_Texas.ndpi.ndpa,155,paly,21459452,-476318,12181,466139342.3210485
D3408_1_R_2024_02_20_19_10_35_Texas.ndpi.ndpa,156,fun,21550080,-439814,6622,137761615.0278182
D3408_1_R_2024_02_20_19_10_35_Texas.ndpi.ndpa,157,pol,21534976,-507215,7525,177894647.50493053
D3408_1_R_2024_02_20_19_10_35_Texas.ndpi.ndpa,158,pol,21921520,-508244,18493,1074396567.131867
D3408_1_R_2024_02_20_19_10_35_Texas.ndpi.ndpa,159,pol,21848972,-362114,11458,412446391.7033233
D3408_1_R_2024_02_20_19_10_35_Texas.ndpi.ndpa,160,paly,21888450,-384314,10362,337316083.0386664
D3408_1_R_2024_02_20_19_10_35_Texas.ndpi.ndpa,161,paly,21903668,-407315,23374,1716389907.1753728
D3408_1_R_2024_02_20_19_10_35_Texas.ndpi.ndpa,162,pol,21598942,-357881,13869,604282711.1217604
D3408_1_R_2024_02_20_19_10_35_Texas.ndpi.ndpa,163,fun,21536922,-381339,12192,466981612.7362539
D3408_1_R_2024_02_20_19_10_35_Texas.ndpi.ndpa,164,pol,21407616,-401479,10805,366774737.6611175
D3408_1_R_2024_02_20_19_10_35_Texas.ndpi.ndpa,165,paly,21267554,-394613,9843,304372101.5440257
D3408_1_R_2024_02_20_19_10_35_Texas.ndpi.ndpa,166,pol,21184364,-381454,12351,479241165.98728555
D3408_1_R_2024_02_20_19_10_35_Texas.ndpi.ndpa,167,fun,21102662,-420589,5113,82129931.03489499
D3408_1_R_2024_02_20_19_10_35_Texas.ndpi.ndpa,168,fun,21028396,-344263,5274,87383638.42064176
D3408_1_R_2024_02_20_19_10_35_Texas.ndpi.ndpa,169,pol,20894628,-387175,9797,301533861.07706654
D3408_1_R_2024_02_20_19_10_35_Texas.ndpi.ndpa,170,paly,20924494,-378250,13357,560489814.3094028
D3408_1_R_2024_02_20_19_10_35_Texas.ndpi.ndpa,171,fun,20870484,-388319,3803,45436254.50467234
D3408_1_R_2024_02_20_19_10_35_Texas.ndpi.ndpa,172,pol,20822882,-375160,7169,161460775.2720725
D3408_1_R_2024_02_20_19_10_35_Texas.ndpi.ndpa,173,pol,20802170,-375274,9929,309714040.55944854
D3408_1_R_2024_02_20_19_10_35_Texas.ndpi.ndpa,174,pol,20817618,-366921,15660,770430359.358685
D3408_1_R_2024_02_20_19_10_35_Texas.ndpi.ndpa,175,pol,20657874,-417385,10711,360420853.95286155
D3408_1_R_2024_02_20_19_10_35_Texas.ndpi.ndpa,176,pol,20545390,-366005,10990,379441874.8598406
D3408_1_R_2024_02_20_19_10_35_Texas.ndpi.ndpa,177,pol,20503852,-343920,9553,286701145.5224077
D3408_1_R_2024_02_20_19_10_35_Texas.ndpi.ndpa,178,fun,20470096,-412465,4957,77194740.3035177
D3408_1_R_2024_02_20_19_10_35_Texas.ndpi.ndpa,179,pol,20348342,-365891,11468,413166633.2350853
D3408_1_R_2024_02_20_19_10_35_Texas.ndpi.ndpa,180,pol,20214002,-391180,6523,133673287.72010586
D3408_1_R_2024_02_20_19_10_35_Texas.ndpi.ndpa,181,pol,20217092,-402852,7412,172592012.95519674
D3408_1_R_2024_02_20_19_10_35_Texas.ndpi.ndpa,182,pol,20192970,-302862,15271,732630217.0374608
D3408_1_R_2024_02_20_19_10_35_Texas.ndpi.ndpa,183,fun,20269638,-257661,7299,167369608.39865032
D3408_1_R_2024_02_20_19_10_35_Texas.ndpi.ndpa,184,pol,20455014,-264184,13819,599933490.2521306
D3408_1_R_2024_02_20_19_10_35_Texas.ndpi.ndpa,185,pol,20595304,-252626,12699,506627685.7856892
D3408_1_R_2024_02_20_19_10_35_Texas.ndpi.ndpa,186,paly,20632036,-265213,8651,235116169.01772204
D3408_1_R_2024_02_20_19_10_35_Texas.ndpi.ndpa,187,paly,20778392,-269218,6587,136309209.62017384
D3408_1_R_2024_02_20_19_10_35_Texas.ndpi.ndpa,188,pol,20799790,-305036,15831,787347713.2761526
D3408_1_R_2024_02_20_19_10_35_Texas.ndpi.ndpa,189,fun,21212994,-305150,4915,75892160.59111568
D3408_1_R_2024_02_20_19_10_35_Texas.ndpi.ndpa,190,paly,21077624,-276885,7001,153982025.46464276
D3408_1_R_2024_02_20_19_10_35_Texas.ndpi.ndpa,191,pol,21296758,-312588,12430,485391458.7836256
D3408_1_R_2024_02_20_19_10_35_Texas.ndpi.ndpa,192,paly,21398714,-298170,11014,381100937.37383074
D3408_1_R_2024_02_20_19_10_35_Texas.ndpi.ndpa,193,pol,21505248,-268646,13101,539211028.1516612
D3408_1_R_2024_02_20_19_10_35_Texas.ndpi.ndpa,194,pol,21524472,-270706,12392,482428195.4954242
D3408_1_R_2024_02_20_19_10_35_Texas.ndpi.ndpa,195,pol,21644166,-287642,14965,703563523.2224348
D3408_1_R_2024_02_20_19_10_35_Texas.ndpi.ndpa,196,paly,21602512,-286727,13570,578508265.0360271
D3408_1_R_2024_02_20_19_10_35_Texas.ndpi.ndpa,197,paly,21688106,-266472,13663,586464879.3604017
D3408_1_R_2024_02_20_19_10_35_Texas.ndpi.ndpa,198,fun,21774042,-288672,6908,149918259.1282962
D3408_1_R_2024_02_20_19_10_35_Texas.ndpi.ndpa,199,fun,21813520,-296224,17983,1015954272.9793729
D3408_1_R_2024_02_20_19_10_35_Texas.ndpi.ndpa,200,spo,21816840,-242899,18806,1111073363.8847618
D3408_1_R_2024_02_20_19_10_35_Texas.ndpi.ndpa,201,pol,21876342,-193693,9604,289770503.5361135
D3408_1_R_2024_02_20_19_10_35_Texas.ndpi.ndpa,202,pol,21879204,-210858,8403,221829142.18137062
D3408_1_R_2024_02_20_19_10_35_Texas.ndpi.ndpa,203,pol,21688450,-200330,11694,429611651.8386783
D3408_1_R_2024_02_20_19_10_35_Texas.ndpi.ndpa,204,paly,21506392,-214062,16186,823055165.3325971
D3408_1_R_2024_02_20_19_10_35_Texas.ndpi.ndpa,205,pol,21418282,-226879,14815,689530028.8388492
D3408_1_R_2024_02_20_19_10_35_Texas.ndpi.ndpa,206,fun,21320672,-241526,8981,253395714.36819348
D3408_1_R_2024_02_20_19_10_35_Texas.ndpi.ndpa,207,pol,21150172,-195181,8137,208007265.4789308
D3408_1_R_2024_02_20_19_10_35_Texas.ndpi.ndpa,208,spo,21131864,-244730,14428,653976495.9728748
D3408_1_R_2024_02_20_19_10_35_Texas.ndpi.ndpa,210,pol,20851626,-222416,8514,227728384.02557704
D3408_1_R_2024_02_20_19_10_35_Texas.ndpi.ndpa,211,pol,20843502,-218983,11508,416053882.54744047
D3408_1_R_2024_02_20_19_10_35_Texas.ndpi.ndpa,212,pol,20785944,-195868,9126,261644013.00408328
D3408_1_R_2024_02_20_19_10_35_Texas.ndpi.ndpa,213,fun,20796472,-185569,6158,119132221.91944301
D3408_1_R_2024_02_20_19_10_35_Texas.ndpi.ndpa,214,spo,20698290,-213833,17128,921643959.9699094
D3408_1_R_2024_02_20_19_10_35_Texas.ndpi.ndpa,215,pol,20527104,-171722,7882,195174346.4358778
D3408_1_R_2024_02_20_19_10_35_Texas.ndpi.ndpa,216,pol,20418728,-149088,14286,641167003.7862395
D3408_1_R_2024_02_20_19_10_35_Texas.ndpi.ndpa,217,pol,20345378,-167511,10227,328583979.1341238
D3408_1_R_2024_02_20_19_10_35_Texas.ndpi.ndpa,218,pol,20222024,-144167,14322,644402492.3610598
D3408_1_R_2024_02_20_19_10_35_Texas.ndpi.ndpa,219,pol,20147416,-170487,12709,507425901.6471133
D3408_1_R_2024_02_20_19_10_35_Texas.ndpi.ndpa,220,pol,20255666,-135699,10688,358874634.30539566
D3408_1_R_2024_02_20_19_10_35_Texas.ndpi.ndpa,221,pol,20319060,-132953,14178,631509396.1107273
D3408_1_R_2024_02_20_19_10_35_Texas.ndpi.ndpa,222,pol,20449510,-46671,7960,199056337.07969505
D3408_1_R_2024_02_20_19_10_35_Texas.ndpi.ndpa,223,fun,20448594,-110410,4868,74447653.14740245
D3408_1_R_2024_02_20_19_10_35_Texas.ndpi.ndpa,224,pol,20598496,-133067,12401,483129201.05536824
D3408_1_R_2024_02_20_19_10_35_Texas.ndpi.ndpa,225,pol,20688896,-131694,7577,180361752.7821652
D3408_1_R_2024_02_20_19_10_35_Texas.ndpi.ndpa,226,paly,20692672,-103773,6728,142207282.79191312
D3408_1_R_2024_02_20_19_10_35_Texas.ndpi.ndpa,227,paly,20696676,-101026,8239,213254831.05103984
D3408_1_R_2024_02_20_19_10_35_Texas.ndpi.ndpa,228,pol,20921212,-91703,17151,924120845.0250747
D3408_1_R_2024_02_20_19_10_35_Texas.ndpi.ndpa,229,pol,21015160,-127406,11618,424045654.4352014
D3408_1_R_2024_02_20_19_10_35_Texas.ndpi.ndpa,230,pol,21008294,-141595,10901,373321113.0344442
D3408_1_R_2024_02_20_19_10_35_Texas.ndpi.ndpa,231,pol,21170098,-91703,11813,438399732.6411226
D3408_1_R_2024_02_20_19_10_35_Texas.ndpi.ndpa,232,pol,21157052,-118137,8560,230195803.46207705
D3408_1_R_2024_02_20_19_10_35_Texas.ndpi.ndpa,233,spo,21192296,-59662,19074,1142966309.849181
D3408_1_R_2024_02_20_19_10_35_Texas.ndpi.ndpa,234,paly,21531466,-58518,10542,349137016.54818183
D3408_1_R_2024_02_20_19_10_35_Texas.ndpi.ndpa,235,paly,21674388,-109669,11941,447951782.8034742
D3408_1_R_2024_02_20_19_10_35_Texas.ndpi.ndpa,236,paly,21925104,-142053,9110,260727371.66598946
D3408_1_R_2024_02_20_19_10_35_Texas.ndpi.ndpa,237,pol,21938950,5335,15557,760329036.2783725
D3408_1_R_2024_02_20_19_10_35_Texas.ndpi.ndpa,238,paly,21943412,-23730,10533,348541134.96161216
D3408_1_R_2024_02_20_19_10_35_Texas.ndpi.ndpa,239,fun,21979228,-14003,7256,165403395.51251134
D3408_1_R_2024_02_20_19_10_35_Texas.ndpi.ndpa,240,fun,21808844,8081,8303,216580797.4942835
D3408_1_R_2024_02_20_19_10_35_Texas.ndpi.ndpa,241,pol,21702310,38062,11005,380478364.81607616
D3408_1_R_2024_02_20_19_10_35_Texas.ndpi.ndpa,242,pol,21573462,-6909,15404,745447208.20576
D3408_1_R_2024_02_20_19_10_35_Texas.ndpi.ndpa,243,spo,21571632,44700,20222,1284689234.4521341
D3408_1_R_2024_02_20_19_10_35_Texas.ndpi.ndpa,244,paly,21464182,33142,10314,334198215.6927965
D3408_1_R_2024_02_20_19_10_35_Texas.ndpi.ndpa,245,pol,21452624,18952,14226,635792618.4018904
D3408_1_R_2024_02_20_19_10_35_Texas.ndpi.ndpa,246,fun,21350382,-64886,11900,444880935.6748506
D3408_1_R_2024_02_20_19_10_35_Texas.ndpi.ndpa,247,paly,21111682,7892,12889,521901229.6214998
D3408_1_R_2024_02_20_19_10_35_Texas.ndpi.ndpa,248,pol,20960522,43103,11343,404208774.48245573
D3408_1_R_2024_02_20_19_10_35_Texas.ndpi.ndpa,249,paly,20854560,-3356,8771,241684108.28302303
D3408_1_R_2024_02_20_19_10_35_Texas.ndpi.ndpa,250,fun,20666552,43217,9839,304124770.2375939
D3408_1_R_2024_02_20_19_10_35_Texas.ndpi.ndpa,251,fun,20526604,-10565,6413,129202927.03775373
D3408_1_R_2024_02_20_19_10_35_Texas.ndpi.ndpa,252,paly,20416638,-17317,11630,424922083.3873293
D3408_1_R_2024_02_20_19_10_35_Texas.ndpi.ndpa,253,fun,20365832,-24412,3985,49889198.197352976
D3408_1_R_2024_02_20_19_10_35_Texas.ndpi.ndpa,254,paly,20271656,-32765,16473,852501731.1065172
D3408_1_R_2024_02_20_19_10_35_Texas.ndpi.ndpa,255,paly,20213410,-18003,7744,188399853.73678863
D3408_1_R_2024_02_20_19_10_35_Texas.ndpi.ndpa,256,pol,20260098,50083,14291,641615890.2525477
D3408_1_R_2024_02_20_19_10_35_Texas.ndpi.ndpa,257,spo,20271060,82502,19011,1135428513.807827
D3408_1_R_2024_02_20_19_10_35_Texas.ndpi.ndpa,258,pol,20365008,103900,14315,643772731.8393139
D3408_1_R_2024_02_20_19_10_35_Texas.ndpi.ndpa,259,fun,20550040,150589,11711,430861644.4316519
D3408_1_R_2024_02_20_19_10_35_Texas.ndpi.ndpa,260,pol,20646276,101612,11009,380755000.8987807
D3408_1_R_2024_02_20_19_10_35_Texas.ndpi.ndpa,261,pol,20695594,63391,13483,571114178.009019
D3408_1_R_2024_02_20_19_10_35_Texas.ndpi.ndpa,262,pol,20800756,121981,8721,238936471.34819338
D3408_1_R_2024_02_20_19_10_35_Texas.ndpi.ndpa,263,pol,20790228,70486,14008,616456077.9199334
D3408_1_R_2024_02_20_19_10_35_Texas.ndpi.ndpa,264,pol,20879712,83188,15248,730425016.9149779
D3408_1_R_2024_02_20_19_10_35_Texas.ndpi.ndpa,265,pol,21125506,92572,13044,534529222.5757591
D3408_1_R_2024_02_20_19_10_35_Texas.ndpi.ndpa,266,pol,21189588,65680,13671,587151857.7091475
D3408_1_R_2024_02_20_19_10_35_Texas.ndpi.ndpa,267,pol,21307678,157913,8853,246224237.45502606
D3408_1_R_2024_02_20_19_10_35_Texas.ndpi.ndpa,268,paly,21299784,49385,11645,426018891.92251384
D3408_1_R_2024_02_20_19_10_35_Texas.ndpi.ndpa,269,paly,21206292,68982,10393,339337399.4599494
D3408_1_R_2024_02_20_19_10_35_Texas.ndpi.ndpa,270,pol,21555990,90038,7832,192705997.08795232
D3408_1_R_2024_02_20_19_10_35_Texas.ndpi.ndpa,271,pol,21664926,67838,15717,776049063.2621112
D3408_1_R_2024_02_20_19_10_35_Texas.ndpi.ndpa,272,pol,21681748,143020,15097,716029940.9249274
D3408_1_R_2024_02_20_19_10_35_Texas.ndpi.ndpa,273,pol,21865178,92899,10245,329741643.46060103
D3408_1_R_2024_02_20_19_10_35_Texas.ndpi.ndpa,274,pol,21953746,88321,9549,286461102.7109322
D3408_1_R_2024_02_20_19_10_35_Texas.ndpi.ndpa,275,pol,21958324,79853,9146,262792076.62341115
D3408_1_R_2024_02_20_19_10_35_Texas.ndpi.ndpa,276,paly,21974344,228844,5713,102536460.27555284
D3408_1_R_2024_02_20_19_10_35_Texas.ndpi.ndpa,277,pol,21747544,228729,10758,363590856.0288177
D3408_1_R_2024_02_20_19_10_35_Texas.ndpi.ndpa,278,paly,21725574,206987,9637,291765267.21628827
D3408_1_R_2024_02_20_19_10_35_Texas.ndpi.ndpa,279,paly,21725460,188678,10220,328134326.11920816
D3408_1_R_2024_02_20_19_10_35_Texas.ndpi.ndpa,280,paly,21740792,207559,10221,328198543.4146402
D3408_1_R_2024_02_20_19_10_35_Texas.ndpi.ndpa,281,pol,21586198,242576,14100,624580035.4601867
D3408_1_R_2024_02_20_19_10_35_Texas.ndpi.ndpa,282,paly,21565030,232735,13933,609872634.894887
D3408_1_R_2024_02_20_19_10_35_Texas.ndpi.ndpa,283,pol,21547636,213624,7253,165266651.40907854
D3408_1_R_2024_02_20_19_10_35_Texas.ndpi.ndpa,284,fun,21217506,177693,5334,89383199.3127986
D3408_1_R_2024_02_20_19_10_35_Texas.ndpi.ndpa,285,fun,21267512,229988,6260,123111476.27181537
D3408_1_R_2024_02_20_19_10_35_Texas.ndpi.ndpa,286,pol,20982010,212251,15903,794525774.9675219
D3408_1_R_2024_02_20_19_10_35_Texas.ndpi.ndpa,287,paly,20854308,253332,12084,458744959.98433095
D3408_1_R_2024_02_20_19_10_35_Texas.ndpi.ndpa,288,pol,20376792,235824,11029,382139689.2767769
D3408_1_R_2024_02_20_19_10_35_Texas.ndpi.ndpa,289,pol,20197482,223008,14608,670395967.1450087
D3408_1_R_2024_02_20_19_10_35_Texas.ndpi.ndpa,290,paly,20220024,235138,9770,299874129.40384114
D3408_1_R_2024_02_20_19_10_35_Texas.ndpi.ndpa,291,fun,20148392,241431,17172,926385251.6027071
D3408_1_R_2024_02_20_19_10_35_Texas.ndpi.ndpa,292,fun,20392896,315613,5036,79674861.1991162
D3408_1_R_2024_02_20_19_10_35_Texas.ndpi.ndpa,293,pol,20612714,296640,10047,317119302.2315255
D3408_1_R_2024_02_20_19_10_35_Texas.ndpi.ndpa,294,pol,20579300,356259,11871,442715250.5047646
D3408_1_R_2024_02_20_19_10_35_Texas.ndpi.ndpa,295,pol,20567056,356373,11871,442715250.5047646
D3408_1_R_2024_02_20_19_10_35_Texas.ndpi.ndpa,296,pol,20571062,350652,10284,332256899.9284373
D3408_1_R_2024_02_20_19_10_35_Texas.ndpi.ndpa,297,spo,20701626,341497,16441,849192854.927309
D3408_1_R_2024_02_20_19_10_35_Texas.ndpi.ndpa,298,paly,20957032,264255,16945,902055001.9430144
D3408_1_R_2024_02_20_19_10_35_Texas.ndpi.ndpa,299,fun,21047890,305680,5871,108286429.34482394
D3408_1_R_2024_02_20_19_10_35_Texas.ndpi.ndpa,300,fun,21061508,286112,7267,165905274.36370027
D3408_1_R_2024_02_20_19_10_35_Texas.ndpi.ndpa,301,pol,21173648,302018,16348,839612954.5460833
D3408_1_R_2024_02_20_19_10_35_Texas.ndpi.ndpa,302,pol,21253750,297097,10286,332386145.05020595
D3408_1_R_2024_02_20_19_10_35_Texas.ndpi.ndpa,303,fun,21256380,308998,9364,275468968.4673236
D3408_1_R_2024_02_20_19_10_35_Texas.ndpi.ndpa,304,paly,21355134,328681,12084,458744959.98433095
D3408_1_R_2024_02_20_19_10_35_Texas.ndpi.ndpa,305,fun,21489246,276008,7444,174085500.9699721
D3408_1_R_2024_02_20_19_10_35_Texas.ndpi.ndpa,306,fun,21489704,264679,5220,85603373.26207612
D3408_1_R_2024_02_20_19_10_35_Texas.ndpi.ndpa,307,pol,21758956,326358,11207,394574138.13242656
D3408_1_R_2024_02_20_19_10_35_Texas.ndpi.ndpa,308,pol,21765936,304501,11514,416487837.0238662
D3408_1_R_2024_02_20_19_10_35_Texas.ndpi.ndpa,309,paly,21783902,285734,4275,57414569.23976196
D3408_1_R_2024_02_20_19_10_35_Texas.ndpi.ndpa,310,pol,21887346,282874,14041,619363989.4871712
D3408_1_R_2024_02_20_19_10_35_Texas.ndpi.ndpa,311,pol,21941700,328418,10791,365824895.9718605
D3408_1_R_2024_02_20_19_10_35_Texas.ndpi.ndpa,312,pol,21964242,323383,14369,648638857.7977946
D3408_1_R_2024_02_20_19_10_35_Texas.ndpi.ndpa,313,pol,21840772,367553,15767,780994558.4173923
D3408_1_R_2024_02_20_19_10_35_Texas.ndpi.ndpa,314,pol,21779438,430262,15246,730233417.4622208
D3408_1_R_2024_02_20_19_10_35_Texas.ndpi.ndpa,315,fun,21868808,442507,6268,123426339.25392877
D3408_1_R_2024_02_20_19_10_35_Texas.ndpi.ndpa,316,pol,21914236,439760,18477,1072538252.2454156
D3408_1_R_2024_02_20_19_10_35_Texas.ndpi.ndpa,317,pol,21690102,371395,11122,388611505.231656
D3408_1_R_2024_02_20_19_10_35_Texas.ndpi.ndpa,318,pol,21630370,403093,6957,152052610.0532553
D3408_1_R_2024_02_20_19_10_35_Texas.ndpi.ndpa,319,fun,21693192,369335,6183,120101481.7928918
D3408_1_R_2024_02_20_19_10_35_Texas.ndpi.ndpa,320,paly,21559538,367161,10393,339337399.4599494
D3408_1_R_2024_02_20_19_10_35_Texas.ndpi.ndpa,321,pol,21491910,351713,7556,179363376.62800294
D3408_1_R_2024_02_20_19_10_35_Texas.ndpi.ndpa,322,fun,21433322,412019,7353,169855261.63891178
D3408_1_R_2024_02_20_19_10_35_Texas.ndpi.ndpa,324,spo,21491422,434956,15516,756326669.2288476
D3408_1_R_2024_02_20_19_10_35_Texas.ndpi.ndpa,325,paly,21414410,433926,12757,511266083.97589654
D3408_1_R_2024_02_20_19_10_35_Texas.ndpi.ndpa,326,paly,21155112,382203,5181,84329020.7596666
D3408_1_R_2024_02_20_19_10_35_Texas.ndpi.ndpa,327,pol,20666842,370302,15710,775357947.4358406
D3408_1_R_2024_02_20_19_10_35_Texas.ndpi.ndpa,328,paly,20589946,402801,8714,238553055.67278603
D3408_1_R_2024_02_20_19_10_35_Texas.ndpi.ndpa,329,spo,20608712,421110,17751,989909565.1024293
D3408_1_R_2024_02_20_19_10_35_Texas.ndpi.ndpa,330,pol,20546234,422712,14446,655609282.2059102
D3408_1_R_2024_02_20_19_10_35_Texas.ndpi.ndpa,331,pol,20547722,421568,14446,655609282.2059102
D3408_1_R_2024_02_20_19_10_35_Texas.ndpi.ndpa,332,spo,20403540,415960,17527,965083845.4405609
D3408_1_R_2024_02_20_19_10_35_Texas.ndpi.ndpa,333,paly,20423450,432095,9367,275645503.98330677
D3408_1_R_2024_02_20_19_10_35_Texas.ndpi.ndpa,334,fun,20415440,404860,4691,69132257.44830978
D3408_1_R_2024_02_20_19_10_35_Texas.ndpi.ndpa,335,pol,20321608,399825,14562,666180515.2905688
D3408_1_R_2024_02_20_19_10_35_Texas.ndpi.ndpa,336,paly,20340032,429578,12282,473901473.21061003
D3408_1_R_2024_02_20_19_10_35_Texas.ndpi.ndpa,337,fun,20295748,383462,17011,909095612.6726038
D3408_1_R_2024_02_20_19_10_35_Texas.ndpi.ndpa,338,pol,20226404,400627,14919,699244888.8988805
D3408_1_R_2024_02_20_19_10_35_Texas.ndpi.ndpa,339,pol,20215188,366869,20845,1365066068.8217318
D3408_1_R_2024_02_20_19_10_35_Texas.ndpi.ndpa,340,pol,20146416,395248,10559,350263959.2400996
D3408_1_R_2024_02_20_19_10_35_Texas.ndpi.ndpa,341,paly,20158890,474893,11616,423899670.9077744
D3408_1_R_2024_02_20_19_10_35_Texas.ndpi.ndpa,342,paly,20349072,453723,13420,565789527.1779689
D3408_1_R_2024_02_20_19_10_35_Texas.ndpi.ndpa,343,fun,20362344,483361,6091,116553970.23571698
D3408_1_R_2024_02_20_19_10_35_Texas.ndpi.ndpa,344,pol,20717312,448260,11413,409213080.252212
D3408_1_R_2024_02_20_19_10_35_Texas.ndpi.ndpa,345,paly,20696142,471376,9160,263597216.55504376
D3408_1_R_2024_02_20_19_10_35_Texas.ndpi.ndpa,346,pol,20975006,462107,12561,495676470.78639364
D3408_1_R_2024_02_20_19_10_35_Texas.ndpi.ndpa,347,fun,20893418,460848,5527,95968521.01025188
D3408_1_R_2024_02_20_19_10_35_Texas.ndpi.ndpa,348,paly,20999952,467027,13998,615576243.481369
D3408_1_R_2024_02_20_19_10_35_Texas.ndpi.ndpa,349,fun,21016544,488426,5015,79011762.09613036
D3408_1_R_2024_02_20_19_10_35_Texas.ndpi.ndpa,350,pol,21329852,453639,12857,519312959.39880145
D3408_1_R_2024_02_20_19_10_35_Texas.ndpi.ndpa,351,paly,21372534,479958,15379,743029517.0393736
D3408_1_R_2024_02_20_19_10_35_Texas.ndpi.ndpa,352,paly,21512940,471833,5274,87383638.42064176
D3408_1_R_2024_02_20_19_10_35_Texas.ndpi.ndpa,353,pol,21601852,468858,7758,189081667.3072119
D3408_1_R_2024_02_20_19_10_35_Texas.ndpi.ndpa,354,pol,21554478,465082,14075,622367176.1348145
D3408_1_R_2024_02_20_19_10_35_Texas.ndpi.ndpa,355,pol,21976036,448833,13739,593007409.4243205
D3408_1_R_2024_02_20_19_10_35_Texas.ndpi.ndpa,356,pol,21167118,-116644,16973,905038585.0524993
D5151-B-1_L_2024_02_02_15_31_05_Tennessee.ndpi.ndpa,2,fun,10775454,1918252,13005,531337644.0414581
D5151-B-1_L_2024_02_02_15_31_05_Tennessee.ndpi.ndpa,3,pol,10187948,554764,14501,660610964.7458007
D5151-B-1_L_2024_02_02_15_31_05_Tennessee.ndpi.ndpa,4,spo,10173498,611802,22736,1623969969.0053906
D5151-B-1_L_2024_02_02_15_31_05_Tennessee.ndpi.ndpa,5,pol,10186579,616670,7710,186749147.859257
D5151-B-1_L_2024_02_02_15_31_05_Tennessee.ndpi.ndpa,6,pol,10157224,646178,15921,796325379.7704631
D5151-B-1_L_2024_02_02_15_31_05_Tennessee.ndpi.ndpa,7,pol,10197528,632488,15274,732918096.8802725
D5151-B-1_L_2024_02_02_15_31_05_Tennessee.ndpi.ndpa,8,pol,10247883,574841,21628,1469544001.9412766
D5151-B-1_L_2024_02_02_15_31_05_Tennessee.ndpi.ndpa,9,pol,10337926,557958,14978,704786416.4371785
D5151-B-1_L_2024_02_02_15_31_05_Tennessee.ndpi.ndpa,10,pol,10362262,559175,9871,306106235.55606604
D5151-B-1_L_2024_02_02_15_31_05_Tennessee.ndpi.ndpa,11,pol,10280736,642223,7897,195917914.29309273
D5151-B-1_L_2024_02_02_15_31_05_Tennessee.ndpi.ndpa,12,pol,10279976,653022,13618,582608118.8471855
D5151-B-1_L_2024_02_02_15_31_05_Tennessee.ndpi.ndpa,13,pol,10408357,648307,9470,281740856.6073209
D5151-B-1_L_2024_02_02_15_31_05_Tennessee.ndpi.ndpa,14,pol,10414897,617887,9964,311901390.1524737
D5151-B-1_L_2024_02_02_15_31_05_Tennessee.ndpi.ndpa,15,pol,10424023,644505,11584,421567352.5217494
D5151-B-1_L_2024_02_02_15_31_05_Tennessee.ndpi.ndpa,16,pol,10395580,645265,9390,277000821.6115846
D5151-B-1_L_2024_02_02_15_31_05_Tennessee.ndpi.ndpa,17,pol,10564724,587618,14336,645662937.0327919
D5151-B-1_L_2024_02_02_15_31_05_Tennessee.ndpi.ndpa,18,pol,10644581,531340,17483,960244410.4532651
D5151-B-1_L_2024_02_02_15_31_05_Tennessee.ndpi.ndpa,19,pol,10747867,608912,14766,684976387.676843
D5151-B-1_L_2024_02_02_15_31_05_Tennessee.ndpi.ndpa,20,pol,10741631,566932,15042,710822295.5706675
D5151-B-1_L_2024_02_02_15_31_05_Tennessee.ndpi.ndpa,21,pol,10785436,617887,10591,352390189.1480492
D5151-B-1_L_2024_02_02_15_31_05_Tennessee.ndpi.ndpa,22,pol,10732353,639333,10931,375378730.5588394
D5151-B-1_L_2024_02_02_15_31_05_Tennessee.ndpi.ndpa,23,pol,10735547,512479,14360,647826564.4596899
D5151-B-1_L_2024_02_02_15_31_05_Tennessee.ndpi.ndpa,24,pol,10954890,517194,15988,803041800.1293507
D5151-B-1_L_2024_02_02_15_31_05_Tennessee.ndpi.ndpa,25,pol,10983637,546854,12477,489069098.2501048
D5151-B-1_L_2024_02_02_15_31_05_Tennessee.ndpi.ndpa,26,pol,11040522,633401,11165,391622222.2768899
D5151-B-1_L_2024_02_02_15_31_05_Tennessee.ndpi.ndpa,27,pol,11029723,583815,10764,363996536.1713611
D5151-B-1_L_2024_02_02_15_31_05_Tennessee.ndpi.ndpa,28,pol,11032157,596744,10904,373526620.3178788
D5151-B-1_L_2024_02_02_15_31_05_Tennessee.ndpi.ndpa,29,pol,11128756,537272,10071,318636163.69564354
D5151-B-1_L_2024_02_02_15_31_05_Tennessee.ndpi.ndpa,30,pol,11259114,590964,14640,673336296.8068389
D5151-B-1_L_2024_02_02_15_31_05_Tennessee.ndpi.ndpa,31,pol,11279954,655456,8979,253282868.36007655
D5151-B-1_L_2024_02_02_15_31_05_Tennessee.ndpi.ndpa,32,pol,11281322,613628,12145,463388136.5369644
D5151-B-1_L_2024_02_02_15_31_05_Tennessee.ndpi.ndpa,33,pol,11368635,587010,10343,336080196.1967075
D5151-B-1_L_2024_02_02_15_31_05_Tennessee.ndpi.ndpa,34,pol,11384149,597048,11073,385194850.4332812
D5151-B-1_L_2024_02_02_15_31_05_Tennessee.ndpi.ndpa,35,pol,11569567,529819,16138,818180820.9677346
D5151-B-1_L_2024_02_02_15_31_05_Tennessee.ndpi.ndpa,36,pol,11473744,573472,9297,271541076.0132448
D5151-B-1_L_2024_02_02_15_31_05_Tennessee.ndpi.ndpa,37,pol,11467204,582294,9815,302642893.54926616
D5151-B-1_L_2024_02_02_15_31_05_Tennessee.ndpi.ndpa,38,pol,11516332,646482,13537,575698013.0180187
D5151-B-1_L_2024_02_02_15_31_05_Tennessee.ndpi.ndpa,39,pol,11609426,567236,9390,277000821.6115846
D5151-B-1_L_2024_02_02_15_31_05_Tennessee.ndpi.ndpa,40,pol,11648973,650437,11157,391061209.22718245
D5151-B-1_L_2024_02_02_15_31_05_Tennessee.ndpi.ndpa,41,paly,11619465,607239,11448,411726778.49009204
D5151-B-1_L_2024_02_02_15_31_05_Tennessee.ndpi.ndpa,42,pol,11792864,537120,13558,577485563.5299481
D5151-B-1_L_2024_02_02_15_31_05_Tennessee.ndpi.ndpa,43,pol,11755904,619560,12114,461025567.75527793
D5151-B-1_L_2024_02_02_15_31_05_Tennessee.ndpi.ndpa,44,pol,11735066,657129,13268,553045417.8176402
D5151-B-1_L_2024_02_02_15_31_05_Tennessee.ndpi.ndpa,45,pol,11829832,664582,14980,704974648.1026111
D5151-B-1_L_2024_02_02_15_31_05_Tennessee.ndpi.ndpa,46,pol,11844586,611802,13100,539128715.2825444
D5151-B-1_L_2024_02_02_15_31_05_Tennessee.ndpi.ndpa,47,pol,11910749,557197,12594,498284353.9720283
D5151-B-1_L_2024_02_02_15_31_05_Tennessee.ndpi.ndpa,48,pol,11917746,542443,12823,516569972.02109915
D5151-B-1_L_2024_02_02_15_31_05_Tennessee.ndpi.ndpa,49,pol,11816448,725728,14243,637313064.4232262
D5151-B-1_L_2024_02_02_15_31_05_Tennessee.ndpi.ndpa,50,pol,11778118,742611,12361,480017516.36384064
D5151-B-1_L_2024_02_02_15_31_05_Tennessee.ndpi.ndpa,51,pol,11720968,673602,9064,258100987.6412178
D5151-B-1_L_2024_02_02_15_31_05_Tennessee.ndpi.ndpa,52,pol,11567223,746450,9624,290978634.40697795
D5151-B-1_L_2024_02_02_15_31_05_Tennessee.ndpi.ndpa,53,pol,11632602,721609,11091,386448195.1056161
D5151-B-1_L_2024_02_02_15_31_05_Tennessee.ndpi.ndpa,54,pol,11684417,747517,10025,315732025.1811827
D5151-B-1_L_2024_02_02_15_31_05_Tennessee.ndpi.ndpa,55,pol,11596035,674060,10712,360488156.29227936
D5151-B-1_L_2024_02_02_15_31_05_Tennessee.ndpi.ndpa,56,pol,11489978,814878,14926,699901214.7281052
D5151-B-1_L_2024_02_02_15_31_05_Tennessee.ndpi.ndpa,57,pol,11508722,829813,16706,876788463.4247724
D5151-B-1_L_2024_02_02_15_31_05_Tennessee.ndpi.ndpa,58,pol,11364417,840176,19294,1169484367.7744262
D5151-B-1_L_2024_02_02_15_31_05_Tennessee.ndpi.ndpa,59,pol,11229244,768243,9169,264115456.82077256
D5151-B-1_L_2024_02_02_15_31_05_Tennessee.ndpi.ndpa,60,pol,11267343,813963,9905,308218592.19085735
D5151-B-1_L_2024_02_02_15_31_05_Tennessee.ndpi.ndpa,61,pol,11203946,812744,12682,505272160.8122962
D5151-B-1_L_2024_02_02_15_31_05_Tennessee.ndpi.ndpa,62,pol,11250426,833470,11137,389660435.8947998
D5151-B-1_L_2024_02_02_15_31_05_Tennessee.ndpi.ndpa,63,pol,11289288,854806,9205,266193507.2637867
D5151-B-1_L_2024_02_02_15_31_05_Tennessee.ndpi.ndpa,64,pol,11166156,685185,10847,369631651.7548096
D5151-B-1_L_2024_02_02_15_31_05_Tennessee.ndpi.ndpa,65,pol,11038473,725266,13114,540281667.2200413
D5151-B-1_L_2024_02_02_15_31_05_Tennessee.ndpi.ndpa,66,pol,10984829,810458,12487,489853365.4401469
D5151-B-1_L_2024_02_02_15_31_05_Tennessee.ndpi.ndpa,67,pol,10949016,692652,12385,481883320.80717826
D5151-B-1_L_2024_02_02_15_31_05_Tennessee.ndpi.ndpa,68,pol,10958160,805581,9692,295105078.6583563
D5151-B-1_L_2024_02_02_15_31_05_Tennessee.ndpi.ndpa,69,pol,10854097,722828,16238,828352041.3429968
D5151-B-1_L_2024_02_02_15_31_05_Tennessee.ndpi.ndpa,70,pol,10768297,716427,12911,523684397.61167735
D5151-B-1_L_2024_02_02_15_31_05_Tennessee.ndpi.ndpa,71,pol,10760067,704692,12707,507266208.209346
D5151-B-1_L_2024_02_02_15_31_05_Tennessee.ndpi.ndpa,72,pol,10829713,825851,9625,291039106.92396694
D5151-B-1_L_2024_02_02_15_31_05_Tennessee.ndpi.ndpa,73,pol,10855618,806801,8674,236368015.15036124
D5151-B-1_L_2024_02_02_15_31_05_Tennessee.ndpi.ndpa,74,pol,10868420,690824,10576,351392717.77257115
D5151-B-1_L_2024_02_02_15_31_05_Tennessee.ndpi.ndpa,75,pol,10862933,696005,12819,516247745.1458057
D5151-B-1_L_2024_02_02_15_31_05_Tennessee.ndpi.ndpa,76,pol,10647159,799028,13737,592834772.6248204
D5151-B-1_L_2024_02_02_15_31_05_Tennessee.ndpi.ndpa,77,pol,10597935,786684,8264,214550973.64009464
D5151-B-1_L_2024_02_02_15_31_05_Tennessee.ndpi.ndpa,78,pol,10630396,731362,9835,303877539.462127
D5151-B-1_L_2024_02_02_15_31_05_Tennessee.ndpi.ndpa,79,pol,10527985,678022,12579,497098104.2939961
D5151-B-1_L_2024_02_02_15_31_05_Tennessee.ndpi.ndpa,80,pol,10511678,817316,11750,433736135.7362408
D5151-B-1_L_2024_02_02_15_31_05_Tennessee.ndpi.ndpa,81,pol,10460622,709112,11187,393167081.61473674
D5151-B-1_L_2024_02_02_15_31_05_Tennessee.ndpi.ndpa,82,spo,10417798,808172,15634,767874221.3456477
D5151-B-1_L_2024_02_02_15_31_05_Tennessee.ndpi.ndpa,83,pol,10389910,786836,15308,736184687.2223632
D5151-B-1_L_2024_02_02_15_31_05_Tennessee.ndpi.ndpa,84,pol,10372537,807867,15037,710349815.7435309
D5151-B-1_L_2024_02_02_15_31_05_Tennessee.ndpi.ndpa,85,pol,10353944,798114,7472,175397580.85855857
D5151-B-1_L_2024_02_02_15_31_05_Tennessee.ndpi.ndpa,86,pol,10134333,795370,12227,469666622.0215342
D5151-B-1_L_2024_02_02_15_31_05_Tennessee.ndpi.ndpa,87,pol,10146982,836976,15670,771414620.3370547
D5151-B-1_L_2024_02_02_15_31_05_Tennessee.ndpi.ndpa,88,pol,10121989,840786,9277,270374037.1742892
D5151-B-1_L_2024_02_02_15_31_05_Tennessee.ndpi.ndpa,89,pol,10183252,711550,11291,400511220.4601455
D5151-B-1_L_2024_02_02_15_31_05_Tennessee.ndpi.ndpa,90,pol,10146982,708806,10668,357532797.2511944
D5151-B-1_L_2024_02_02_15_31_05_Tennessee.ndpi.ndpa,91,pol,10118941,938170,9544,286161190.5682573
D5151-B-1_L_2024_02_02_15_31_05_Tennessee.ndpi.ndpa,92,pol,10306697,868980,12613,499788966.36639005
D5151-B-1_L_2024_02_02_15_31_05_Tennessee.ndpi.ndpa,93,pol,10354245,856331,12022,454049623.56886995
D5151-B-1_L_2024_02_02_15_31_05_Tennessee.ndpi.ndpa,94,pol,10377562,856636,9739,297974160.14039576
D5151-B-1_L_2024_02_02_15_31_05_Tennessee.ndpi.ndpa,95,pol,10398288,909671,11286,400156581.77344495
D5151-B-1_L_2024_02_02_15_31_05_Tennessee.ndpi.ndpa,96,pol,10255949,934817,10747,362847696.5786478
D5151-B-1_L_2024_02_02_15_31_05_Tennessee.ndpi.ndpa,97,pol,10487142,924454,14870,694659228.6245489
D5151-B-1_L_2024_02_02_15_31_05_Tennessee.ndpi.ndpa,98,pol,10528442,903880,14846,692418695.0094911
D5151-B-1_L_2024_02_02_15_31_05_Tennessee.ndpi.ndpa,99,pol,10536519,884678,11531,417718603.0697998
D5151-B-1_L_2024_02_02_15_31_05_Tennessee.ndpi.ndpa,100,pol,10546272,862732,12745,510304681.2256744
D5151-B-1_L_2024_02_02_15_31_05_Tennessee.ndpi.ndpa,101,pol,10651579,915920,15675,771906986.4456886
D5151-B-1_L_2024_02_02_15_31_05_Tennessee.ndpi.ndpa,102,pol,10860344,905861,12853,518989878.0103063
D5151-B-1_L_2024_02_02_15_31_05_Tennessee.ndpi.ndpa,103,pol,10843124,866542,9526,285082807.473986
D5151-B-1_L_2024_02_02_15_31_05_Tennessee.ndpi.ndpa,104,pol,10926942,941066,10778,364944002.81657195
D5151-B-1_L_2024_02_02_15_31_05_Tennessee.ndpi.ndpa,105,pol,10853334,883763,17546,967177361.9442087
D5151-B-1_L_2024_02_02_15_31_05_Tennessee.ndpi.ndpa,106,pol,11081299,885287,8076,204900252.33567908
D5151-B-1_L_2024_02_02_15_31_05_Tennessee.ndpi.ndpa,107,pol,11051734,992121,13773,595946080.3252295
D5151-B-1_L_2024_02_02_15_31_05_Tennessee.ndpi.ndpa,108,pol,11117113,998827,13092,538470438.5242819
D5151-B-1_L_2024_02_02_15_31_05_Tennessee.ndpi.ndpa,109,pol,11351316,974747,12539,493941683.3230813
D5151-B-1_L_2024_02_02_15_31_05_Tennessee.ndpi.ndpa,110,pol,11329981,998979,12848,518586167.6463567
D5151-B-1_L_2024_02_02_15_31_05_Tennessee.ndpi.ndpa,111,pol,11566170,904947,13259,552295384.5627441
D5151-B-1_L_2024_02_02_15_31_05_Tennessee.ndpi.ndpa,112,pol,11652873,885135,11591,422076997.38997793
D5151-B-1_L_2024_02_02_15_31_05_Tennessee.ndpi.ndpa,113,pol,11698592,878429,7838,193001369.62924284
D5151-B-1_L_2024_02_02_15_31_05_Tennessee.ndpi.ndpa,114,pol,11791224,899766,7712,186846047.14306435
D5151-B-1_L_2024_02_02_15_31_05_Tennessee.ndpi.ndpa,115,pol,11871690,880411,11372,406278251.5191182
D5151-B-1_L_2024_02_02_15_31_05_Tennessee.ndpi.ndpa,116,pol,11884338,865170,9905,308218592.19085735
D5151-B-1_L_2024_02_02_15_31_05_Tennessee.ndpi.ndpa,117,pol,11665064,1101243,10926,375035401.60569185
D5151-B-1_L_2024_02_02_15_31_05_Tennessee.ndpi.ndpa,118,pol,11523182,1025652,10507,346822558.11639243
D5151-B-1_L_2024_02_02_15_31_05_Tennessee.ndpi.ndpa,119,pol,11532174,1095147,10759,363658453.677945
D5151-B-1_L_2024_02_02_15_31_05_Tennessee.ndpi.ndpa,120,pol,11522420,1070915,14403,651712114.5279835
D5151-B-1_L_2024_02_02_15_31_05_Tennessee.ndpi.ndpa,121,pol,11447164,1067257,12310,476064698.5136483
D5151-B-1_L_2024_02_02_15_31_05_Tennessee.ndpi.ndpa,122,pol,11259120,1085698,11473,413526989.62041533
D5151-B-1_L_2024_02_02_15_31_05_Tennessee.ndpi.ndpa,123,pol,11310326,1108558,10569,350927714.93595004
D5151-B-1_L_2024_02_02_15_31_05_Tennessee.ndpi.ndpa,124,pol,11214773,1028243,18714,1100229088.6993945
D5151-B-1_L_2024_02_02_15_31_05_Tennessee.ndpi.ndpa,125,pol,11185818,1119988,12910,523603278.547769
D5151-B-1_L_2024_02_02_15_31_05_Tennessee.ndpi.ndpa,126,pol,11227726,1098652,13841,601845212.2136931
D5151-B-1_L_2024_02_02_15_31_05_Tennessee.ndpi.ndpa,127,pol,11046088,1079449,10974,378337843.8031454
D5151-B-1_L_2024_02_02_15_31_05_Tennessee.ndpi.ndpa,128,pol,10964555,1094842,9765,299567274.34140176
D5151-B-1_L_2024_02_02_15_31_05_Tennessee.ndpi.ndpa,129,pol,10928758,988923,7978,199957609.7465275
D5151-B-1_L_2024_02_02_15_31_05_Tennessee.ndpi.ndpa,130,pol,10863532,1094994,13230,549882072.7765169
D5151-B-1_L_2024_02_02_15_31_05_Tennessee.ndpi.ndpa,131,pol,10817984,1091489,17653,979009520.3642753
D5151-B-1_L_2024_02_02_15_31_05_Tennessee.ndpi.ndpa,132,pol,10745748,1081278,21852,1500141606.4227674
D5151-B-1_L_2024_02_02_15_31_05_Tennessee.ndpi.ndpa,133,pol,10788572,1066647,12314,476374132.8236562
D5151-B-1_L_2024_02_02_15_31_05_Tennessee.ndpi.ndpa,134,pol,10670477,1111149,12051,456242822.8074161
D5151-B-1_L_2024_02_02_15_31_05_Tennessee.ndpi.ndpa,135,pol,10506495,1092860,9611,290193063.4559846
D5151-B-1_L_2024_02_02_15_31_05_Tennessee.ndpi.ndpa,136,pol,10488512,1113130,9357,275057272.1748486
D5151-B-1_L_2024_02_02_15_31_05_Tennessee.ndpi.ndpa,137,pol,10506190,1115720,9654,292795543.1022551
D5151-B-1_L_2024_02_02_15_31_05_Tennessee.ndpi.ndpa,138,pol,10321480,1039520,9807,302149738.9008763
D5151-B-1_L_2024_02_02_15_31_05_Tennessee.ndpi.ndpa,139,pol,10290695,1118921,7244,164856758.3907867
D5151-B-1_L_2024_02_02_15_31_05_Tennessee.ndpi.ndpa,140,pol,10185690,1096518,8519,227995937.76392
D5151-B-1_L_2024_02_02_15_31_05_Tennessee.ndpi.ndpa,141,pol,10130065,1077620,12452,487111179.1685713
D5151-B-1_L_2024_02_02_15_31_05_Tennessee.ndpi.ndpa,142,pol,10085565,1122734,9746,298402657.67038214
D5151-B-1_L_2024_02_02_15_31_05_Tennessee.ndpi.ndpa,143,pol,10084041,1130811,11970,450130222.8397338
D5151-B-1_L_2024_02_02_15_31_05_Tennessee.ndpi.ndpa,144,pol,10086937,1167387,10239,329355529.15710425
D5151-B-1_L_2024_02_02_15_31_05_Tennessee.ndpi.ndpa,145,pol,10307760,1171503,9341,274117408.18385947
D5151-B-1_L_2024_02_02_15_31_05_Tennessee.ndpi.ndpa,146,pol,10297702,1170131,10026,315795017.2554798
D5151-B-1_L_2024_02_02_15_31_05_Tennessee.ndpi.ndpa,147,pol,10266766,1157330,10242,329548558.0345187
D5151-B-1_L_2024_02_02_15_31_05_Tennessee.ndpi.ndpa,148,pol,10323762,1213718,10668,357532797.2511944
D5151-B-1_L_2024_02_02_15_31_05_Tennessee.ndpi.ndpa,149,pol,10338545,1245722,10926,375035401.60569185
D5151-B-1_L_2024_02_02_15_31_05_Tennessee.ndpi.ndpa,150,pol,10297702,1257152,9708,296080229.0180306
D5151-B-1_L_2024_02_02_15_31_05_Tennessee.ndpi.ndpa,151,pol,10307608,1248161,9277,270374037.1742892
D5151-B-1_L_2024_02_02_15_31_05_Tennessee.ndpi.ndpa,152,pol,10391735,1256848,13412,565115165.4653199
D5151-B-1_L_2024_02_02_15_31_05_Tennessee.ndpi.ndpa,153,pol,10379696,1232768,12066,457379309.65781546
D5151-B-1_L_2024_02_02_15_31_05_Tennessee.ndpi.ndpa,154,pol,10591380,1227434,10510,347020638.6747939
D5151-B-1_L_2024_02_02_15_31_05_Tennessee.ndpi.ndpa,155,pol,10507867,1218138,10867,370995982.6124106
D5151-B-1_L_2024_02_02_15_31_05_Tennessee.ndpi.ndpa,156,pol,10510153,1211889,14612,670763156.4943603
D5151-B-1_L_2024_02_02_15_31_05_Tennessee.ndpi.ndpa,157,pol,10499485,1227129,16836,890487252.5270445
D5151-B-1_L_2024_02_02_15_31_05_Tennessee.ndpi.ndpa,158,pol,10730852,1183761,11339,403923744.06418085
D5151-B-1_L_2024_02_02_15_31_05_Tennessee.ndpi.ndpa,159,pol,10804149,1205086,12433,485625787.03806424
D5151-B-1_L_2024_02_02_15_31_05_Tennessee.ndpi.ndpa,160,pol,10800042,1235572,7770,189667059.11591122
D5151-B-1_L_2024_02_02_15_31_05_Tennessee.ndpi.ndpa,161,pol,11285475,1248051,12576,496861024.0043929
D5151-B-1_L_2024_02_02_15_31_05_Tennessee.ndpi.ndpa,162,pol,11378196,1196082,11609,423388926.48211706
D5151-B-1_L_2024_02_02_15_31_05_Tennessee.ndpi.ndpa,163,pol,11418950,1242997,13493,571961654.0432514
D5151-B-1_L_2024_02_02_15_31_05_Tennessee.ndpi.ndpa,164,pol,11430639,1212984,11161,391341665.4865537
D5151-B-1_L_2024_02_02_15_31_05_Tennessee.ndpi.ndpa,165,pol,11489873,1120892,11205,394433319.38332206
D5151-B-1_L_2024_02_02_15_31_05_Tennessee.ndpi.ndpa,166,pol,11634101,1254844,9889,307223637.23109484
D5151-B-1_L_2024_02_02_15_31_05_Tennessee.ndpi.ndpa,167,pol,11854303,1250579,8192,210828714.13315654
D5151-B-1_L_2024_02_02_15_31_05_Tennessee.ndpi.ndpa,168,pol,11906592,1140321,10483,345239949.40122
D5151-B-1_L_2024_02_02_15_31_05_Tennessee.ndpi.ndpa,169,pol,11918122,1178864,12793,514155720.89866847
D5151-B-1_L_2024_02_02_15_31_05_Tennessee.ndpi.ndpa,170,pol,11868682,1269847,11704,430346721.68776524
D5151-B-1_L_2024_02_02_15_31_05_Tennessee.ndpi.ndpa,171,pol,11927916,1390372,9113,260899119.39476857
D5151-B-1_L_2024_02_02_15_31_05_Tennessee.ndpi.ndpa,172,pol,11730942,1281852,10790,365757097.26080346
D5151-B-1_L_2024_02_02_15_31_05_Tennessee.ndpi.ndpa,173,pol,11755742,1279641,11440,411151540.30884916
D5151-B-1_L_2024_02_02_15_31_05_Tennessee.ndpi.ndpa,174,pol,11744368,1267793,13348,559734748.2230759
D5151-B-1_L_2024_02_02_15_31_05_Tennessee.ndpi.ndpa,175,pol,11539486,1299386,13217,548801958.6646936
D5151-B-1_L_2024_02_02_15_31_05_Tennessee.ndpi.ndpa,176,pol,11409320,1354515,7894,195769087.62431422
D5151-B-1_L_2024_02_02_15_31_05_Tennessee.ndpi.ndpa,177,pol,11348501,1269215,9244,268453917.73556376
D5151-B-1_L_2024_02_02_15_31_05_Tennessee.ndpi.ndpa,178,pol,11125296,1281852,11242,397042534.60424185
D5151-B-1_L_2024_02_02_15_31_05_Tennessee.ndpi.ndpa,179,pol,11243607,1366836,11625,424556794.70153314
D5151-B-1_L_2024_02_02_15_31_05_Tennessee.ndpi.ndpa,180,pol,11242028,1378367,12014,453445533.0006965
D5151-B-1_L_2024_02_02_15_31_05_Tennessee.ndpi.ndpa,181,pol,11266353,1415329,9190,265326663.31084493
D5151-B-1_L_2024_02_02_15_31_05_Tennessee.ndpi.ndpa,182,pol,11243448,1409169,16908,898119965.5072414
D5151-B-1_L_2024_02_02_15_31_05_Tennessee.ndpi.ndpa,183,pol,11210910,1360358,9467,281562379.5870778
D5151-B-1_L_2024_02_02_15_31_05_Tennessee.ndpi.ndpa,184,pol,11015825,1271900,11090,386378511.4389668
D5151-B-1_L_2024_02_02_15_31_05_Tennessee.ndpi.ndpa,185,pol,10991341,1297806,8336,218305805.17966515
D5151-B-1_L_2024_02_02_15_31_05_Tennessee.ndpi.ndpa,186,pol,10951536,1313444,10190,326210728.9374151
D5151-B-1_L_2024_02_02_15_31_05_Tennessee.ndpi.ndpa,187,pol,10962908,1374418,9393,277177847.2160217
D5151-B-1_L_2024_02_02_15_31_05_Tennessee.ndpi.ndpa,188,pol,10995448,1399376,14713,680068004.1555789
D5151-B-1_L_2024_02_02_15_31_05_Tennessee.ndpi.ndpa,189,pol,10846011,1396059,9941,310463121.9117705
D5151-B-1_L_2024_02_02_15_31_05_Tennessee.ndpi.ndpa,190,pol,10725956,1370785,20571,1329415325.654277
D5151-B-1_L_2024_02_02_15_31_05_Tennessee.ndpi.ndpa,191,pol,10741436,1395427,12880,521172628.3116866
D5151-B-1_L_2024_02_02_15_31_05_Tennessee.ndpi.ndpa,192,pol,10763866,1405852,10002,314284941.6314935
D5151-B-1_L_2024_02_02_15_31_05_Tennessee.ndpi.ndpa,193,pol,10302610,1320553,8896,248621922.95939437
D5151-B-1_L_2024_02_02_15_31_05_Tennessee.ndpi.ndpa,194,pol,10277964,1352936,8421,222780516.96784252
D5151-B-1_L_2024_02_02_15_31_05_Tennessee.ndpi.ndpa,195,pol,10214932,1277114,10952,376822427.47164804
D5151-B-1_L_2024_02_02_15_31_05_Tennessee.ndpi.ndpa,196,pol,10161068,1302388,15167,722685342.1297042
D5151-B-1_L_2024_02_02_15_31_05_Tennessee.ndpi.ndpa,197,pol,10207981,1374576,10593,352523292.14559644
D5151-B-1_L_2024_02_02_15_31_05_Tennessee.ndpi.ndpa,198,pol,10129476,1328136,9244,268453917.73556376
D5151-B-1_L_2024_02_02_15_31_05_Tennessee.ndpi.ndpa,199,pol,10188236,1406324,13497,572300820.386133
D5151-B-1_L_2024_02_02_15_31_05_Tennessee.ndpi.ndpa,200,pol,10160594,1445815,14409,652255207.9331949
D5151-B-1_L_2024_02_02_15_31_05_Tennessee.ndpi.ndpa,201,pol,10119524,1515476,9543,286101226.9892782
D5151-B-1_L_2024_02_02_15_31_05_Tennessee.ndpi.ndpa,202,pol,10310338,1501891,14602,669845371.6165406
D5151-B-1_L_2024_02_02_15_31_05_Tennessee.ndpi.ndpa,203,pol,10247471,1452607,9708,296080229.0180306
D5151-B-1_L_2024_02_02_15_31_05_Tennessee.ndpi.ndpa,204,pol,10257422,1413275,8959,252155790.57967466
D5151-B-1_L_2024_02_02_15_31_05_Tennessee.ndpi.ndpa,205,pol,10284118,1450238,10782,365214933.76701754
D5151-B-1_L_2024_02_02_15_31_05_Tennessee.ndpi.ndpa,206,pol,10337828,1515633,7746,188497180.27719682
D5151-B-1_L_2024_02_02_15_31_05_Tennessee.ndpi.ndpa,207,pol,10394219,1440127,10339,335820298.5196613
D5151-B-1_L_2024_02_02_15_31_05_Tennessee.ndpi.ndpa,208,pol,10417916,1477091,13088,538141450.9415979
D5151-B-1_L_2024_02_02_15_31_05_Tennessee.ndpi.ndpa,209,paly,10360419,1457030,18456,1070101654.9744399
D5151-B-1_L_2024_02_02_15_31_05_Tennessee.ndpi.ndpa,210,fun,10278912,1474564,13187,546313440.291932
D5151-B-1_L_2024_02_02_15_31_05_Tennessee.ndpi.ndpa,211,paly,10594366,1471563,12678,504953477.6535161
D5151-B-1_L_2024_02_02_15_31_05_Tennessee.ndpi.ndpa,212,pol,11432534,1472984,8192,210828714.13315654
D5151-B-1_L_2024_02_02_15_31_05_Tennessee.ndpi.ndpa,213,pol,11366192,1490360,14886,696154928.3205525
D5151-B-1_L_2024_02_02_15_31_05_Tennessee.ndpi.ndpa,214,pol,11391308,1442181,13930,609610032.306566
D5151-B-1_L_2024_02_02_15_31_05_Tennessee.ndpi.ndpa,215,pol,11800282,1442655,14520,662343235.7933975
D5151-B-1_L_2024_02_02_15_31_05_Tennessee.ndpi.ndpa,216,paly,11863626,1426543,14906,698026814.8872674
D5151-B-1_L_2024_02_02_15_31_05_Tennessee.ndpi.ndpa,217,pol,11872472,1501417,9071,258499797.12062773
D5151-B-1_L_2024_02_02_15_31_05_Tennessee.ndpi.ndpa,218,pol,11875315,1483568,8901,248901477.58167407
D5151-B-1_L_2024_02_02_15_31_05_Tennessee.ndpi.ndpa,219,pol,11917174,1532691,13296,555382109.300639
D5151-B-1_L_2024_02_02_15_31_05_Tennessee.ndpi.ndpa,220,pol,11700448,1590505,9682,294496426.49764985
D5151-B-1_L_2024_02_02_15_31_05_Tennessee.ndpi.ndpa,221,pol,11741202,1540431,14576,667462071.464933
D5151-B-1_L_2024_02_02_15_31_05_Tennessee.ndpi.ndpa,222,pol,11348814,1519580,13332,558393665.1511114
D5151-B-1_L_2024_02_02_15_31_05_Tennessee.ndpi.ndpa,223,pol,11208698,1517369,15438,748741570.2269086
D5151-B-1_L_2024_02_02_15_31_05_Tennessee.ndpi.ndpa,224,pol,11176632,1557649,11788,436546114.43568826
D5151-B-1_L_2024_02_02_15_31_05_Tennessee.ndpi.ndpa,225,pol,11220387,1608039,10650,356327292.7517883
D5151-B-1_L_2024_02_02_15_31_05_Tennessee.ndpi.ndpa,226,pol,11146778,1603142,11109,387703575.5299906
D5151-B-1_L_2024_02_02_15_31_05_Tennessee.ndpi.ndpa,227,pol,11153412,1601247,9424,279010423.0338623
D5151-B-1_L_2024_02_02_15_31_05_Tennessee.ndpi.ndpa,228,pol,11096706,1563810,8122,207241078.15461007
D5151-B-1_L_2024_02_02_15_31_05_Tennessee.ndpi.ndpa,229,pol,11025772,1564915,12928,525064383.02547115
D5151-B-1_L_2024_02_02_15_31_05_Tennessee.ndpi.ndpa,230,pol,11069133,1626047,10458,343595247.10724944
D5151-B-1_L_2024_02_02_15_31_05_Tennessee.ndpi.ndpa,231,pol,11037845,1607808,6805,145480951.14225248
D5151-B-1_L_2024_02_02_15_31_05_Tennessee.ndpi.ndpa,232,pol,11045993,1616263,19545,1200110463.3596923
D5151-B-1_L_2024_02_02_15_31_05_Tennessee.ndpi.ndpa,233,pol,10903859,1563073,10067,318383102.1242116
D5151-B-1_L_2024_02_02_15_31_05_Tennessee.ndpi.ndpa,234,pol,10799024,1563841,10917,374417805.3307006
D5151-B-1_L_2024_02_02_15_31_05_Tennessee.ndpi.ndpa,235,pol,10679892,1555848,12050,456167107.28287196
D5151-B-1_L_2024_02_02_15_31_05_Tennessee.ndpi.ndpa,236,pol,10547538,1619952,12789,513834248.0056119
D5151-B-1_L_2024_02_02_15_31_05_Tennessee.ndpi.ndpa,237,fun,10511720,1575678,8849,246001787.56241068
D5151-B-1_L_2024_02_02_15_31_05_Tennessee.ndpi.ndpa,238,pol,10378294,1606885,10651,356394211.8169024
D5151-B-1_L_2024_02_02_15_31_05_Tennessee.ndpi.ndpa,239,pol,10393513,1621336,9781,300549763.46151483
D5151-B-1_L_2024_02_02_15_31_05_Tennessee.ndpi.ndpa,240,pol,10374605,1625025,10661,357063748.0432355
D5151-B-1_L_2024_02_02_15_31_05_Tennessee.ndpi.ndpa,241,pol,10324490,1632557,14190,632578844.5154917
D5151-B-1_L_2024_02_02_15_31_05_Tennessee.ndpi.ndpa,242,pol,10190755,1580290,12512,491816782.30882424
D5151-B-1_L_2024_02_02_15_31_05_Tennessee.ndpi.ndpa,243,pol,10194598,1732323,11732,432408259.9197921
D5151-B-1_L_2024_02_02_15_31_05_Tennessee.ndpi.ndpa,244,pol,10169387,1663145,12333,477845318.67218375
D5151-B-1_L_2024_02_02_15_31_05_Tennessee.ndpi.ndpa,245,pol,10180763,1690970,14872,694846103.121955
D5151-B-1_L_2024_02_02_15_31_05_Tennessee.ndpi.ndpa,246,pol,10281606,1750463,11767,434992109.9216268
D5151-B-1_L_2024_02_02_15_31_05_Tennessee.ndpi.ndpa,247,pol,10088220,1722484,15606,765126207.4196995
D5151-B-1_L_2024_02_02_15_31_05_Tennessee.ndpi.ndpa,248,pol,10308964,1746312,9287,270957242.43450165
D5151-B-1_L_2024_02_02_15_31_05_Tennessee.ndpi.ndpa,249,pol,10368916,1714644,9472,281859872.7034095
D5151-B-1_L_2024_02_02_15_31_05_Tennessee.ndpi.ndpa,250,pol,10414266,1692354,11725,431892413.5476653
D5151-B-1_L_2024_02_02_15_31_05_Tennessee.ndpi.ndpa,251,pol,10466532,1763837,9255,269093197.28305006
D5151-B-1_L_2024_02_02_15_31_05_Tennessee.ndpi.ndpa,252,pol,10342476,1721255,8675,236422518.64130837
D5151-B-1_L_2024_02_02_15_31_05_Tennessee.ndpi.ndpa,253,pol,10336634,1738011,9042,256849590.75632805
D5151-B-1_L_2024_02_02_15_31_05_Tennessee.ndpi.ndpa,254,pol,10325566,1736166,10879,371815787.4985501
D5151-B-1_L_2024_02_02_15_31_05_Tennessee.ndpi.ndpa,255,pol,10642537,1710647,8809,243782817.83932716
D5151-B-1_L_2024_02_02_15_31_05_Tennessee.ndpi.ndpa,256,pol,10748300,1704345,11758,434326956.21704555
D5151-B-1_L_2024_02_02_15_31_05_Tennessee.ndpi.ndpa,257,pol,10781504,1707265,9630,291341563.7566913
D5151-B-1_L_2024_02_02_15_31_05_Tennessee.ndpi.ndpa,258,pol,10813018,1772907,8783,242345878.4923164
D5151-B-1_L_2024_02_02_15_31_05_Tennessee.ndpi.ndpa,259,paly,10799798,1634552,15923,796525461.5233849
D5151-B-1_L_2024_02_02_15_31_05_Tennessee.ndpi.ndpa,260,pol,11014850,1687127,8868,247059319.90624005
D5151-B-1_L_2024_02_02_15_31_05_Tennessee.ndpi.ndpa,261,pol,11007779,1700809,11085,386030187.35350007
D5151-B-1_L_2024_02_02_15_31_05_Tennessee.ndpi.ndpa,262,pol,10984259,1770755,10239,329355529.15710425
D5151-B-1_L_2024_02_02_15_31_05_Tennessee.ndpi.ndpa,263,pol,10914468,1771523,9482,282455330.17497087
D5151-B-1_L_2024_02_02_15_31_05_Tennessee.ndpi.ndpa,264,pol,11148278,1724175,14021,617600802.0262705
D5151-B-1_L_2024_02_02_15_31_05_Tennessee.ndpi.ndpa,265,pol,11265102,1662223,14163,630173857.9497964
D5151-B-1_L_2024_02_02_15_31_05_Tennessee.ndpi.ndpa,266,pol,11373325,1647619,8257,214187657.87448493
D5151-B-1_L_2024_02_02_15_31_05_Tennessee.ndpi.ndpa,267,pol,11484771,1752461,11099,387005890.6334814
D5151-B-1_L_2024_02_02_15_31_05_Tennessee.ndpi.ndpa,268,pol,11492611,1753999,10983,378958663.35219926
D5151-B-1_L_2024_02_02_15_31_05_Tennessee.ndpi.ndpa,269,pol,11511672,1766450,14850,692791865.9512552
D5151-B-1_L_2024_02_02_15_31_05_Tennessee.ndpi.ndpa,270,pol,11812349,1717257,10114,321362924.7472901
D5151-B-1_L_2024_02_02_15_31_05_Tennessee.ndpi.ndpa,271,pol,11927486,1792735,8547,229497141.53025258
D5151-B-1_L_2024_02_02_15_31_05_Tennessee.ndpi.ndpa,272,pol,11925027,1834549,13559,577570754.0979354
D5151-B-1_L_2024_02_02_15_31_05_Tennessee.ndpi.ndpa,273,pol,11917956,1879898,15923,796525461.5233849
D5151-B-1_L_2024_02_02_15_31_05_Tennessee.ndpi.ndpa,274,pol,11825721,1810721,8467,225221056.93759844
D5151-B-1_L_2024_02_02_15_31_05_Tennessee.ndpi.ndpa,275,pol,11785137,1817485,13820,600020320.7314832
D5151-B-1_L_2024_02_02_15_31_05_Tennessee.ndpi.ndpa,276,pol,11800202,1794118,9043,256906406.45946822
D5151-B-1_L_2024_02_02_15_31_05_Tennessee.ndpi.ndpa,277,pol,11752244,1820098,12580,497177143.62356776
D5151-B-1_L_2024_02_02_15_31_05_Tennessee.ndpi.ndpa,278,pol,11713505,1777516,11707,430567365.16460484
D5151-B-1_L_2024_02_02_15_31_05_Tennessee.ndpi.ndpa,279,pol,11557790,1785048,10217,327941711.9320239
D5151-B-1_L_2024_02_02_15_31_05_Tennessee.ndpi.ndpa,280,pol,11440344,1787969,9496,283290026.21028847
D5151-B-1_L_2024_02_02_15_31_05_Tennessee.ndpi.ndpa,281,pol,11383158,1840083,8538,229014074.53587335
D5151-B-1_L_2024_02_02_15_31_05_Tennessee.ndpi.ndpa,282,pol,11283092,1810413,11275,399376929.583011
D5151-B-1_L_2024_02_02_15_31_05_Tennessee.ndpi.ndpa,283,pol,11274636,1810106,13622,582950426.7827206
D5151-B-1_L_2024_02_02_15_31_05_Tennessee.ndpi.ndpa,284,pol,11187321,1796732,10364,337446308.33734304
D5151-B-1_L_2024_02_02_15_31_05_Tennessee.ndpi.ndpa,285,pol,11119836,1812258,11298,401007978.51530904
D5151-B-1_L_2024_02_02_15_31_05_Tennessee.ndpi.ndpa,286,pol,11175484,1875440,10039,316614485.99120545
D5151-B-1_L_2024_02_02_15_31_05_Tennessee.ndpi.ndpa,287,pol,10913240,1786586,11348,404565203.87696874
D5151-B-1_L_2024_02_02_15_31_05_Tennessee.ndpi.ndpa,288,pol,10934915,1831628,10234,329033940.0251195
D5151-B-1_L_2024_02_02_15_31_05_Tennessee.ndpi.ndpa,289,pol,10874809,1788584,11652,426531219.7108686
D5151-B-1_L_2024_02_02_15_31_05_Tennessee.ndpi.ndpa,290,pol,10837761,1792120,11162,391411795.2593598
D5151-B-1_L_2024_02_02_15_31_05_Tennessee.ndpi.ndpa,291,pol,10578896,1818868,13730,592230741.7469074
D5151-B-1_L_2024_02_02_15_31_05_Tennessee.ndpi.ndpa,292,pol,10601340,1855456,11418,409571708.76158255
D5151-B-1_L_2024_02_02_15_31_05_Tennessee.ndpi.ndpa,293,pol,10585045,1865294,12700,506707479.09749776
D5151-B-1_L_2024_02_02_15_31_05_Tennessee.ndpi.ndpa,294,pol,10331559,1835164,10811,367182189.6619175
D5151-B-1_L_2024_02_02_15_31_05_Tennessee.ndpi.ndpa,295,pol,10354618,1823634,9586,288685334.6017105
D5151-B-1_L_2024_02_02_15_31_05_Tennessee.ndpi.ndpa,296,pol,10367684,1876516,9291,271190700.4677752
D5151-B-1_L_2024_02_02_15_31_05_Tennessee.ndpi.ndpa,297,pol,10411804,1877746,8319,217416310.34369102
D5151-B-1_L_2024_02_02_15_31_05_Tennessee.ndpi.ndpa,298,pol,10506959,1835471,8763,241243430.79831868
D5151-B-1_L_2024_02_02_15_31_05_Tennessee.ndpi.ndpa,299,pol,10503884,1868369,9843,304372101.5440257
D5151-B-1_L_2024_02_02_15_31_05_Tennessee.ndpi.ndpa,300,pol,10216273,1863450,11666,427556798.9158183
D5151-B-1_L_2024_02_02_15_31_05_Tennessee.ndpi.ndpa,301,pol,10161547,1790890,10368,337706834.33291996
D5151-B-1_L_2024_02_02_15_31_05_Tennessee.ndpi.ndpa,302,pol,10122347,1904645,13476,570521318.634582
D5151-B-1_L_2024_02_02_15_31_05_Tennessee.ndpi.ndpa,303,pol,10137874,1928319,11917,446152931.9827699
D5151-B-1_L_2024_02_02_15_31_05_Tennessee.ndpi.ndpa,304,pol,10299438,1977820,10364,337446308.33734304
D5151-B-1_L_2024_02_02_15_31_05_Tennessee.ndpi.ndpa,305,pol,10173076,1921248,12560,495597550.8373428
D5151-B-1_L_2024_02_02_15_31_05_Tennessee.ndpi.ndpa,306,fun,10099135,1886505,13462,569336523.5139484
D5151-B-1_L_2024_02_02_15_31_05_Tennessee.ndpi.ndpa,307,pol,10372454,1962293,7953,198706391.932419
D5151-B-1_L_2024_02_02_15_31_05_Tennessee.ndpi.ndpa,308,pol,10474060,1923400,9249,268744405.1002779
D5151-B-1_L_2024_02_02_15_31_05_Tennessee.ndpi.ndpa,309,pol,10535397,1936160,11364,405706833.51454204
D5151-B-1_L_2024_02_02_15_31_05_Tennessee.ndpi.ndpa,310,pol,10482823,1903877,12892,522144209.82210636
D5151-B-1_L_2024_02_02_15_31_05_Tennessee.ndpi.ndpa,311,pol,10631929,1998840,10322,334716854.9407924
D5151-B-1_L_2024_02_02_15_31_05_Tennessee.ndpi.ndpa,312,pol,10692897,1989847,9242,268337766.77197522
D5151-B-1_L_2024_02_02_15_31_05_Tennessee.ndpi.ndpa,313,paly,10727496,1968508,13700,589645525.1522683
D5151-B-1_L_2024_02_02_15_31_05_Tennessee.ndpi.ndpa,314,paly,10782220,1905709,14122,626530600.0733182
D5151-B-1_L_2024_02_02_15_31_05_Tennessee.ndpi.ndpa,315,paly,10867576,1945492,28600,2569697126.9303074
D5151-B-1_L_2024_02_02_15_31_05_Tennessee.ndpi.ndpa,316,pol,11059022,1967136,11050,383596316.98494774
D5151-B-1_L_2024_02_02_15_31_05_Tennessee.ndpi.ndpa,317,pol,11070606,1991981,8388,221037884.9476742
D5151-B-1_L_2024_02_02_15_31_05_Tennessee.ndpi.ndpa,318,pol,11283084,1979939,10556,350064955.0534579
D5151-B-1_L_2024_02_02_15_31_05_Tennessee.ndpi.ndpa,319,pol,11380502,1988482,9454,280789632.61729634
D5151-B-1_L_2024_02_02_15_31_05_Tennessee.ndpi.ndpa,320,pol,11424349,1924797,9245,268512002.642136
D5151-B-1_L_2024_02_02_15_31_05_Tennessee.ndpi.ndpa,321,pol,11457947,1954577,9041,256792781.33637318
D5151-B-1_L_2024_02_02_15_31_05_Tennessee.ndpi.ndpa,322,pol,11593894,1967254,15824,786651583.468007
D5151-B-1_L_2024_02_02_15_31_05_Tennessee.ndpi.ndpa,323,pol,11876750,1981456,15505,755254660.4260706
D5151-B-1_L_2024_02_02_15_31_05_Tennessee.ndpi.ndpa,324,pol,11939516,2065298,6830,146551841.5380449
D5151-B-1_L_2024_02_02_15_31_05_Tennessee.ndpi.ndpa,325,pol,11701861,2001155,10250,330063578.16777766
D5151-B-1_L_2024_02_02_15_31_05_Tennessee.ndpi.ndpa,326,pol,11495834,2033990,9387,276823852.5558152
D5151-B-1_L_2024_02_02_15_31_05_Tennessee.ndpi.ndpa,327,pol,11560129,2017955,7776,189960094.31226745
D5151-B-1_L_2024_02_02_15_31_05_Tennessee.ndpi.ndpa,328,pol,11383730,2070491,11367,405921068.1423683
D5151-B-1_L_2024_02_02_15_31_05_Tennessee.ndpi.ndpa,329,pol,11087876,2026507,8537,228960431.8413133
D5151-B-1_L_2024_02_02_15_31_05_Tennessee.ndpi.ndpa,330,pol,11085890,2016427,9019,255544563.7432489
D5151-B-1_L_2024_02_02_15_31_05_Tennessee.ndpi.ndpa,331,pol,10843952,2008944,8920,249965217.7125869
D5151-B-1_L_2024_02_02_15_31_05_Tennessee.ndpi.ndpa,332,pol,10595303,2068353,7150,160606070.4331442
D5151-B-1_L_2024_02_02_15_31_05_Tennessee.ndpi.ndpa,333,pol,10510547,2074309,9001,254525556.7501305
D5151-B-1_L_2024_02_02_15_31_05_Tennessee.ndpi.ndpa,334,pol,10524140,2026202,7787,190497912.98341346
D5151-B-1_L_2024_02_02_15_31_05_Tennessee.ndpi.ndpa,335,pol,10414489,2013831,10323,334781713.12112576
D5151-B-1_L_2024_02_02_15_31_05_Tennessee.ndpi.ndpa,336,pol,10432510,2046361,10327,335041208.67431223
D5151-B-1_L_2024_02_02_15_31_05_Tennessee.ndpi.ndpa,337,spo,10219625,2031394,15206,726406706.2827361
D5151-B-1_L_2024_02_02_15_31_05_Tennessee.ndpi.ndpa,338,pol,10267731,2046819,11105,387424426.17316324
D8401-A_L_2024_01_18_13_05_54_Alaska.ndpi.ndpa,81,pol,10254856,-3063717,20045,1262298289.9375024
D8401-A_L_2024_01_18_13_05_54_Alaska.ndpi.ndpa,82,pol,10220639,-3171527,23883,1791957189.3869956
D8401-A_L_2024_01_18_13_05_54_Alaska.ndpi.ndpa,83,pol,10257610,-3221703,17222,931787848.4890854
D8401-A_L_2024_01_18_13_05_54_Alaska.ndpi.ndpa,84,pol,10022874,-3173581,16868,893875548.1685354
D8401-A_L_2024_01_18_13_05_54_Alaska.ndpi.ndpa,88,pol,9876164,-3090541,19711,1220582639.3204398
D8401-A_L_2024_01_18_13_05_54_Alaska.ndpi.ndpa,90,bipol,9651705,-3474680,36498,4184928152.7839484
D8401-A_L_2024_01_18_13_05_54_Alaska.ndpi.ndpa,91,pol,9615642,-3462979,12073,457910153.9932705
D8401-A_L_2024_01_18_13_05_54_Alaska.ndpi.ndpa,92,pol,9597226,-3460485,13661,586293197.6050683
D8401-A_L_2024_01_18_13_05_54_Alaska.ndpi.ndpa,93,spo,9600487,-3413677,15279,733398022.2819982
D8401-A_L_2024_01_18_13_05_54_Alaska.ndpi.ndpa,94,pol,9595499,-3392959,16440,849089556.2192663
D8401-A_L_2024_01_18_13_05_54_Alaska.ndpi.ndpa,95,pol,9717119,-3378572,15472,752043195.6102723
D8401-A_L_2024_01_18_13_05_54_Alaska.ndpi.ndpa,96,pol,9755102,-3382408,14658,674993059.6750066
D8401-A_L_2024_01_18_13_05_54_Alaska.ndpi.ndpa,97,pol,9789439,-3450510,16104,814736919.136275
D8401-A_L_2024_01_18_13_05_54_Alaska.ndpi.ndpa,99,pol,9621635,-3349653,13355,560321977.8634775
D8401-A_L_2024_01_18_13_05_54_Alaska.ndpi.ndpa,100,pol,9859613,-3384195,19480,1192141420.8947802
D8401-A_L_2024_01_18_13_05_54_Alaska.ndpi.ndpa,101,pol,9921782,-3450475,15328,738109603.8730708
D8401-A_L_2024_01_18_13_05_54_Alaska.ndpi.ndpa,102,pol,9926963,-3471913,18219,1042795010.1692537
D8401-A_L_2024_01_18_13_05_54_Alaska.ndpi.ndpa,103,pol,9969838,-3425821,14821,690088654.27814
D8401-A_L_2024_01_18_13_05_54_Alaska.ndpi.ndpa,104,pol,9982344,-3438326,14072,622101896.9095527
D8401-A_L_2024_01_18_13_05_54_Alaska.ndpi.ndpa,105,pol,10009141,-3438326,22227,1552070954.8893616
D8401-A_L_2024_01_18_13_05_54_Alaska.ndpi.ndpa,106,pol,10023432,-3475486,16225,827026229.5529215
D8401-A_L_2024_01_18_13_05_54_Alaska.ndpi.ndpa,107,pol,10019681,-3509073,19307,1171060859.808702
D8401-A_L_2024_01_18_13_05_54_Alaska.ndpi.ndpa,108,pol,10653912,-3520229,14954,702529596.8058045
D8401-A_L_2024_01_18_13_05_54_Alaska.ndpi.ndpa,109,pol,10656795,-3436003,16351,839921135.3606225
D8401-A_L_2024_01_18_13_05_54_Alaska.ndpi.ndpa,110,pol,10492189,-3414406,15103,716599197.5137578
D8401-A_L_2024_01_18_13_05_54_Alaska.ndpi.ndpa,111,pol,10522736,-3478837,26375,2185419477.0386124
D8401-A_L_2024_01_18_13_05_54_Alaska.ndpi.ndpa,112,bipol,10507292,-3493458,27819,2431268378.994536
D8401-A_L_2024_01_18_13_05_54_Alaska.ndpi.ndpa,113,pol,10488552,-3503549,14171,630885969.039771
D8401-A_L_2024_01_18_13_05_54_Alaska.ndpi.ndpa,114,pol,10390943,-3501078,27184,2321542270.833907
D8401-A_L_2024_01_18_13_05_54_Alaska.ndpi.ndpa,115,pol,10332800,-3435449,15798,784068653.9528197
D8401-A_L_2024_01_18_13_05_54_Alaska.ndpi.ndpa,116,pol,10376406,-3336560,20153,1275937150.0183146
D8401-A_L_2024_01_18_13_05_54_Alaska.ndpi.ndpa,117,pol,10303271,-3346860,16052,809483824.3610958
D8401-A_L_2024_01_18_13_05_54_Alaska.ndpi.ndpa,118,paly,10296404,-3377763,17966,1014034342.0362066
D8401-A_L_2024_01_18_13_05_54_Alaska.ndpi.ndpa,119,pol,10265844,-3444033,19962,1251866377.0622525
D8401-A_L_2024_01_18_13_05_54_Alaska.ndpi.ndpa,120,pol,10510659,-3302567,14811,689157737.5430282
D8401-A_L_2024_01_18_13_05_54_Alaska.ndpi.ndpa,121,pol,10541561,-3289519,15828,787049334.2306926
D8401-A_L_2024_01_18_13_05_54_Alaska.ndpi.ndpa,122,pol,10612980,-3366432,21056,1392841238.1889036
D8401-A_L_2024_01_18_13_05_54_Alaska.ndpi.ndpa,123,pol,10660896,-3473761,23476,1731402635.9890823
D8401-A_L_2024_01_18_13_05_54_Alaska.ndpi.ndpa,124,pol,10052946,-3351697,12473,488755567.30327654
D8401-A_L_2024_01_18_13_05_54_Alaska.ndpi.ndpa,126,pol,10239847,-3304026,13216,548718916.9460812
D8401-A_L_2024_01_18_13_05_54_Alaska.ndpi.ndpa,127,bipol,10236907,-3276305,21756,1486989743.468744
D8401-A_L_2024_01_18_13_05_54_Alaska.ndpi.ndpa,128,pol,9712978,-3332653,13436,567139456.9748458
D8401-A_L_2024_01_18_13_05_54_Alaska.ndpi.ndpa,129,bipol,9724086,-3259576,39165,4818880253.42177
D8401-A_L_2024_01_18_13_05_54_Alaska.ndpi.ndpa,133,pol,9797854,-3018487,12182,466215880.94286793
D8401-A_L_2024_01_18_13_05_54_Alaska.ndpi.ndpa,135,paly,9968849,-3029887,15433,748256649.6928637
D8401-A_L_2024_01_18_13_05_54_Alaska.ndpi.ndpa,138,pol,10369120,-2943553,21469,1448016480.1851869
D8401-A_L_2024_01_18_13_05_54_Alaska.ndpi.ndpa,139,pol,10428094,-2980952,21383,1436438856.7435067
D8401-A_L_2024_01_18_13_05_54_Alaska.ndpi.ndpa,140,pol,10547566,-2986204,15609,765420401.863745
D8401-A_L_2024_01_18_13_05_54_Alaska.ndpi.ndpa,141,pol,10689825,-3164572,19345,1175675155.700071
D8401-A_L_2024_01_18_13_05_54_Alaska.ndpi.ndpa,142,paly,10620824,-3172926,23327,1709494277.8051538
D8401-A_L_2024_01_18_13_05_54_Alaska.ndpi.ndpa,143,pol,10635032,-3311831,31658,3148595150.517309
D8401-A_L_2024_01_18_13_05_54_Alaska.ndpi.ndpa,144,pol,10693416,-3077018,16122,816559256.5036576
D8401-A_L_2024_01_18_13_05_54_Alaska.ndpi.ndpa,145,pol,10318301,-2821720,27804,2428647206.8719764
D8401-A_L_2024_01_18_13_05_54_Alaska.ndpi.ndpa,146,pol,10423207,-2759231,17766,991583264.2965925
D8401-A_L_2024_01_18_13_05_54_Alaska.ndpi.ndpa,147,bipol,10182379,-2844982,30655,2952245801.305099
D8401-A_L_2024_01_18_13_05_54_Alaska.ndpi.ndpa,148,pol,10197429,-2878736,21277,1422232700.4276798
D8401-A_L_2024_01_18_13_05_54_Alaska.ndpi.ndpa,149,bipol,10197886,-2802562,34285,3692820349.039659
D8401-A_L_2024_01_18_13_05_54_Alaska.ndpi.ndpa,150,bipol,10331072,-2617375,28213,2500624088.5035176
D8401-A_L_2024_01_18_13_05_54_Alaska.ndpi.ndpa,151,pol,10409524,-2592744,22919,1650217551.511125
D8401-A_L_2024_01_18_13_05_54_Alaska.ndpi.ndpa,152,bipol,10455136,-2616006,28214,2500801359.1521816
D8401-A_L_2024_01_18_13_05_54_Alaska.ndpi.ndpa,153,pol,10484327,-2600043,17742,988906024.1699445
D8401-A_L_2024_01_18_13_05_54_Alaska.ndpi.ndpa,154,pol,10550008,-2679408,21841,1498631684.7368212
D8401-A_L_2024_01_18_13_05_54_Alaska.ndpi.ndpa,155,pol,10655090,-2833294,15182,724115505.0613612
D8401-A_L_2024_01_18_13_05_54_Alaska.ndpi.ndpa,156,bipol,10575094,-2823089,41605,5438021563.680062
D8401-A_L_2024_01_18_13_05_54_Alaska.ndpi.ndpa,157,pol,10690035,-2645199,21612,1467370522.479817
D8401-A_L_2024_01_18_13_05_54_Alaska.ndpi.ndpa,158,pol,10504396,-2757406,22144,1540501119.4558697
D8401-A_L_2024_01_18_13_05_54_Alaska.ndpi.ndpa,159,bipol,10477485,-2804386,23302,1705832044.709048
D8401-A_L_2024_01_18_13_05_54_Alaska.ndpi.ndpa,160,pol,10090699,-2845894,20732,1350306235.0750434
D8401-A_L_2024_01_18_13_05_54_Alaska.ndpi.ndpa,161,pol,10237568,-2621480,24520,1888821007.7548528
D8401-A_L_2024_01_18_13_05_54_Alaska.ndpi.ndpa,162,pol,10246690,-2593656,17974,1014937612.7559668
D8401-A_L_2024_01_18_13_05_54_Alaska.ndpi.ndpa,163,pol,10290478,-2591832,14891,696622664.3427821
D8401-A_L_2024_01_18_13_05_54_Alaska.ndpi.ndpa,164,pol,10471100,-2582709,14050,620158243.8002591
D8401-A_L_2024_01_18_13_05_54_Alaska.ndpi.ndpa,165,pol,10621162,-2594113,17079,916378201.4347434
D8401-A_L_2024_01_18_13_05_54_Alaska.ndpi.ndpa,166,pol,10637582,-2668005,21218,1414356083.6186361
D8401-A_L_2024_01_18_13_05_54_Alaska.ndpi.ndpa,167,pol,9599616,-2647409,16707,876893433.4601067
D8401-A_L_2024_01_18_13_05_54_Alaska.ndpi.ndpa,168,bipol,9714850,-2628006,30098,2845936124.8897667
D8401-A_L_2024_01_18_13_05_54_Alaska.ndpi.ndpa,169,pol,9783359,-2638698,23842,1785809956.5019
D8401-A_L_2024_01_18_13_05_54_Alaska.ndpi.ndpa,170,bipol,9920372,-2588801,29654,2762590023.648407
D8401-A_L_2024_01_18_13_05_54_Alaska.ndpi.ndpa,171,pol,9761579,-2807395,21002,1385706266.582371
D8401-A_L_2024_01_18_13_05_54_Alaska.ndpi.ndpa,172,pol,9649512,-2745223,18254,1046805425.9791571
D8401-A_L_2024_01_18_13_05_54_Alaska.ndpi.ndpa,173,pol,9649512,-2674735,14905,697933160.8686712
D8401-A_L_2024_01_18_13_05_54_Alaska.ndpi.ndpa,174,pol,9656244,-2695723,15962,800432079.1120136
D8401-A_L_2024_01_18_13_05_54_Alaska.ndpi.ndpa,175,pol,9883942,-2789972,19114,1147765155.4593923
D8401-A_L_2024_01_18_13_05_54_Alaska.ndpi.ndpa,176,pol,9833254,-2853332,23205,1691659757.9036195
D8401-A_L_2024_01_18_13_05_54_Alaska.ndpi.ndpa,177,pol,9932648,-2672754,17101,918740553.4465368
D8401-A_L_2024_01_18_13_05_54_Alaska.ndpi.ndpa,178,pol,9978584,-2669190,17463,958048688.5158181
D8401-A_L_2024_01_18_13_05_54_Alaska.ndpi.ndpa,179,pol,9959973,-2862045,13729,592144476.7542324
D8401-A_L_2024_01_18_13_05_54_Alaska.ndpi.ndpa,180,bipol,9582984,-2716711,30738,2968254160.520992
D8401-A_L_2024_01_18_13_05_54_Alaska.ndpi.ndpa,181,pol,9966308,-2625630,16805,887210976.6548027
D8401-A_L_2024_01_18_13_05_54_Alaska.ndpi.ndpa,182,spo,9662197,-2812971,19369,1178594122.5318568
D8401-A_L_2024_01_18_13_05_54_Alaska.ndpi.ndpa,183,spo,9612135,-2939294,16220,826516584.684693
D8401-A_L_2024_01_18_13_05_54_Alaska.ndpi.ndpa,184,pol,9551783,-2902333,13885,605677779.321884
D8401-A_L_2024_01_18_13_05_54_Alaska.ndpi.ndpa,185,pol,9814250,-2940230,11697,429832106.8199587
D8401-A_L_2024_01_18_13_05_54_Alaska.ndpi.ndpa,187,fun,10531908,-2584420,22888,1645756436.5359526
D8401-A_L_2024_01_18_13_05_54_Alaska.ndpi.ndpa,188,fun,10607228,-2773349,25003,1963966675.665993
D8401-A_L_2024_01_18_13_05_54_Alaska.ndpi.ndpa,189,paly,10394583,-2696362,22306,1563123413.9951043
D8401-A_L_2024_01_18_13_05_54_Alaska.ndpi.ndpa,190,pol,10293462,-2722995,18558,1081962511.8433971
D8401-A_L_2024_01_18_13_05_54_Alaska.ndpi.ndpa,191,bipol,9888487,-2726192,39937,5010727087.750818
D8401-A_L_2024_01_18_13_05_54_Alaska.ndpi.ndpa,192,pol,10597262,-2749330,14877,695313399.3212132
D8401-A_L_2024_01_18_13_05_54_Alaska.ndpi.ndpa,193,paly,10558945,-2566681,17235,933195096.6439271
D8401-A_L_2024_01_18_13_05_54_Alaska.ndpi.ndpa,194,pol,10207666,-2609031,18689,1097291463.948839
D8401-A_L_2024_01_18_13_05_54_Alaska.ndpi.ndpa,195,paly,10223782,-3458154,14729,681547920.4900907
D8401-A_L_2024_01_18_13_05_54_Alaska.ndpi.ndpa,196,fun,10633722,-3384176,11098,386936156.7013496
D8401-A_L_2024_01_18_13_05_54_Alaska.ndpi.ndpa,197,bipol,10604366,-3442968,24706,1917585543.1884565
D8401-A_L_2024_01_18_13_05_54_Alaska.ndpi.ndpa,198,bipol,10370459,-3438033,29695,2770234489.3267207
D8401-A_L_2024_01_18_13_05_54_Alaska.ndpi.ndpa,199,pol,10501864,-3462809,13068,536498020.992652
D8401-A_L_2024_01_18_13_05_54_Alaska.ndpi.ndpa,200,paly,10420047,-3433515,22824,1636565493.5995753
D8401-A_L_2024_01_18_13_05_54_Alaska.ndpi.ndpa,201,pol,10009931,-3076266,15772,781489971.8709002
D8401-A_L_2024_01_18_13_05_54_Alaska.ndpi.ndpa,202,fun,9742342,-3385615,11999,452313947.0348367
D8401-A_L_2024_01_18_13_05_54_Alaska.ndpi.ndpa,203,fun,9971368,-3453637,11882,443536095.2580725
D8401-A_L_2024_01_18_13_05_54_Alaska.ndpi.ndpa,204,pol,10595664,-3270190,7942,198157100.16490212
D8401-A_L_2024_01_18_13_05_54_Alaska.ndpi.ndpa,206,fun,9617546,-3561749,23112,1678127407.2385418
D8401-A_L_2024_01_18_13_05_54_Alaska.ndpi.ndpa,207,fun,10205823,-3654210,26948,2281407947.1622143
D8401-A_L_2024_01_18_13_05_54_Alaska.ndpi.ndpa,208,fun,10690213,-3678995,12713,507745363.92087156
D8401-A_L_2024_01_18_13_05_54_Alaska.ndpi.ndpa,209,bipol,10635824,-3629412,36314,4142838954.234003
D8401-A_L_2024_01_18_13_05_54_Alaska.ndpi.ndpa,210,pol,10459620,-3605994,14316,643862678.7785788
D8401-A_L_2024_01_18_13_05_54_Alaska.ndpi.ndpa,211,bipol,10483205,-3600169,20241,1287104481.459436
D8401-A_L_2024_01_18_13_05_54_Alaska.ndpi.ndpa,212,pol,10412310,-3623611,16979,905678565.1751473
D8401-A_L_2024_01_18_13_05_54_Alaska.ndpi.ndpa,213,pol,10535559,-3545012,15999,804147191.4956648
D8401-A_L_2024_01_18_13_05_54_Alaska.ndpi.ndpa,214,pol,10453254,-3539232,17525,964863607.2291737
D8401-A_L_2024_01_18_13_05_54_Alaska.ndpi.ndpa,215,pol,10808980,-3291366,30469,2916528833.3645067
D8401-A_L_2024_01_18_13_05_54_Alaska.ndpi.ndpa,216,pol,10866309,-3291916,15424,747384188.5722574
D8401-A_L_2024_01_18_13_05_54_Alaska.ndpi.ndpa,217,pol,10697297,-3283906,26532,2211514799.1147976
D8401-A_L_2024_01_18_13_05_54_Alaska.ndpi.ndpa,218,pol,10628067,-3269602,15445,749420722.8683543
D8401-A_L_2024_01_18_13_05_54_Alaska.ndpi.ndpa,219,pol,10729414,-2706323,16373,842182855.8765361
D8401-A_L_2024_01_18_13_05_54_Alaska.ndpi.ndpa,220,pol,10735814,-2835978,12701,506787278.6924916
D8401-A_L_2024_01_18_13_05_54_Alaska.ndpi.ndpa,221,pol,10781027,-2853733,16062,810492715.4258696
D8401-A_L_2024_01_18_13_05_54_Alaska.ndpi.ndpa,222,pol,10823557,-2829991,16187,823156868.1115718
D8401-A_L_2024_01_18_13_05_54_Alaska.ndpi.ndpa,223,pol,10750678,-2852288,18987,1132563532.1042004
D8401-A_L_2024_01_18_13_05_54_Alaska.ndpi.ndpa,224,pol,10747169,-2792002,15803,784565041.3000501
D8401-A_L_2024_01_18_13_05_54_Alaska.ndpi.ndpa,225,pol,10743246,-2923310,14837,691579427.9568626
D8401-A_L_2024_01_18_13_05_54_Alaska.ndpi.ndpa,226,pol,10942887,-3031081,17384,949400157.2590463
D8401-A_L_2024_01_18_13_05_54_Alaska.ndpi.ndpa,227,pol,10976333,-3002383,21059,1393238162.7127213
D8401-A_L_2024_01_18_13_05_54_Alaska.ndpi.ndpa,228,pol,10795686,-3064527,14947,701872039.4722596
D8401-A_L_2024_01_18_13_05_54_Alaska.ndpi.ndpa,229,pol,10872900,-3014770,18998,1133876199.470613
D8401-A_L_2024_01_18_13_05_54_Alaska.ndpi.ndpa,230,bipol,10745311,-3074024,26882,2270246559.6143937
D8401-A_L_2024_01_18_13_05_54_Alaska.ndpi.ndpa,231,pol,10910474,-3087651,22820,1635991914.1792533
D8401-A_L_2024_01_18_13_05_54_Alaska.ndpi.ndpa,232,pol,10657279,-3052140,24457,1879127463.4009762
D8401-A_L_2024_01_18_13_05_54_Alaska.ndpi.ndpa,233,fun,10914314,-3174116,16803,886999811.362999
D8401-A_L_2024_01_18_13_05_54_Alaska.ndpi.ndpa,234,pol,10904611,-3212517,13399,564020185.3370597
D8401-A_L_2024_01_18_13_05_54_Alaska.ndpi.ndpa,235,pol,10753780,-3422601,17500,962112750.1618742
D8401-A_L_2024_01_18_13_05_54_Alaska.ndpi.ndpa,236,pol,10801468,-3416322,15023,709027707.8911941
D8401-A_L_2024_01_18_13_05_54_Alaska.ndpi.ndpa,237,pol,10877708,-3418266,14345,646473873.2028704
D8401-A_L_2024_01_18_13_05_54_Alaska.ndpi.ndpa,238,pol,10938999,-3400327,14116,625998326.3132058
D8401-A_L_2024_01_18_13_05_54_Alaska.ndpi.ndpa,239,pol,10899982,-3332755,17027,910806549.1644901
D8401-A_L_2024_01_18_13_05_54_Alaska.ndpi.ndpa,240,pol,10828526,-3387918,18334,1056000993.3399205
D8401-A_L_2024_01_18_13_05_54_Alaska.ndpi.ndpa,241,pol,10800421,-3439195,13134,541930877.6994697
D8401-A_L_2024_01_18_13_05_54_Alaska.ndpi.ndpa,242,pol,10982778,-2905479,15524,757106789.516587
D8401-A_L_2024_01_18_13_05_54_Alaska.ndpi.ndpa,243,pol,10966292,-2639322,17782,993370101.6669894
D8401-A_L_2024_01_18_13_05_54_Alaska.ndpi.ndpa,244,pol,10990611,-2618161,13566,578167264.0030359
D8401-A_L_2024_01_18_13_05_54_Alaska.ndpi.ndpa,245,pol,10829857,-2481405,24452,1878359202.625504
D8401-A_L_2024_01_18_13_05_54_Alaska.ndpi.ndpa,246,pol,10773547,-2501531,15668,771217717.8758984
D8401-A_L_2024_01_18_13_05_54_Alaska.ndpi.ndpa,247,pol,10956217,-2424593,19814,1233372298.6326528
D8401-A_L_2024_01_18_13_05_54_Alaska.ndpi.ndpa,248,pol,10695292,-2310943,38935,4762447824.585337
D8401-A_L_2024_01_18_13_05_54_Alaska.ndpi.ndpa,249,pol,10601869,-2492519,16070,811300280.6670308
D8401-A_L_2024_01_18_13_05_54_Alaska.ndpi.ndpa,250,pol,10641437,-2487463,18664,1094357766.1891005
D8401-A_L_2024_01_18_13_05_54_Alaska.ndpi.ndpa,251,pol,11001847,-2283291,14695,678405020.933957
D8401-A_L_2024_01_18_13_05_54_Alaska.ndpi.ndpa,252,pol,11004264,-2367264,23202,1691222382.232794
D8401-A_L_2024_01_18_13_05_54_Alaska.ndpi.ndpa,253,pol,10790160,-2223938,20057,1263810099.7206335
D8401-A_L_2024_01_18_13_05_54_Alaska.ndpi.ndpa,254,pol,11003870,-2419802,14624,671865327.7282045
D8401-A_L_2024_01_18_13_05_54_Alaska.ndpi.ndpa,255,pol,10538052,-2391884,19313,1171788829.658392
D8401-A_L_2024_01_18_13_05_54_Alaska.ndpi.ndpa,256,pol,10482877,-2387927,23619,1752559958.7500584
D8401-A_L_2024_01_18_13_05_54_Alaska.ndpi.ndpa,257,pol,10446827,-2388148,17989,1016632329.2049825
D8401-A_L_2024_01_18_13_05_54_Alaska.ndpi.ndpa,258,pol,10433858,-2411229,12531,493311605.5004774
D8401-A_L_2024_01_18_13_05_54_Alaska.ndpi.ndpa,259,bipol,10421108,-2346601,28479,2547999531.914323
D8401-A_L_2024_01_18_13_05_54_Alaska.ndpi.ndpa,260,pol,10309220,-2374518,13430,566633044.8054577
D8401-A_L_2024_01_18_13_05_54_Alaska.ndpi.ndpa,261,pol,10258442,-2323299,15283,733782075.7007141
D8401-A_L_2024_01_18_13_05_54_Alaska.ndpi.ndpa,262,fun,10388355,-2245042,13987,614609151.3068513
D8401-A_L_2024_01_18_13_05_54_Alaska.ndpi.ndpa,263,pol,10336918,-2400677,18296,1051628084.8616828
D8401-A_L_2024_01_18_13_05_54_Alaska.ndpi.ndpa,264,bipol,10357350,-2433431,21431,1442895055.8413048
D8401-A_L_2024_01_18_13_05_54_Alaska.ndpi.ndpa,265,pol,10135772,-2237348,14988,705727826.0917532
D8401-A_L_2024_01_18_13_05_54_Alaska.ndpi.ndpa,266,pol,10066749,-2433212,21766,1488357027.4234393
D8401-A_L_2024_01_18_13_05_54_Alaska.ndpi.ndpa,267,pol,10165448,-2451677,7088,157832810.66863188
D8401-A_L_2024_01_18_13_05_54_Alaska.ndpi.ndpa,268,pol,9974191,-2306812,15308,736184687.2223632
D8401-A_L_2024_01_18_13_05_54_Alaska.ndpi.ndpa,269,pol,9973312,-2285929,16970,904718679.8141768
D8401-A_L_2024_01_18_13_05_54_Alaska.ndpi.ndpa,270,pol,10010462,-2271421,18986,1132444236.4063656
D8401-A_L_2024_01_18_13_05_54_Alaska.ndpi.ndpa,271,pol,9871316,-2422440,12590,497967882.49447626
D8401-A_L_2024_01_18_13_05_54_Alaska.ndpi.ndpa,272,bipol,9842520,-2413428,27087,2305004025.468319
D8401-A_L_2024_01_18_13_05_54_Alaska.ndpi.ndpa,273,pol,9989578,-2353415,21842,1498768918.9287078
D8401-A_L_2024_01_18_13_05_54_Alaska.ndpi.ndpa,274,pol,9844487,-2323959,13571,578593531.0022382
D8401-A_L_2024_01_18_13_05_54_Alaska.ndpi.ndpa,275,pol,9715453,-2249878,16719,878153563.9725734
D8401-A_L_2024_01_18_13_05_54_Alaska.ndpi.ndpa,276,pol,9673028,-2367704,16023,806561593.4145429
D8401-A_L_2024_01_18_13_05_54_Alaska.ndpi.ndpa,277,pol,9496729,-2450797,15866,790832980.4580818
D8401-A_L_2024_01_18_13_05_54_Alaska.ndpi.ndpa,278,pol,9643128,-2249658,32471,3312387980.281624
D8401-A_L_2024_01_18_13_05_54_Alaska.ndpi.ndpa,279,pol,9688851,-2348359,15084,714797327.6225134
D8401-A_L_2024_01_18_13_05_54_Alaska.ndpi.ndpa,280,pol,9486398,-2293843,14529,663164576.9183447
D8401-A_L_2024_01_18_13_05_54_Alaska.ndpi.ndpa,281,pol,9533438,-2318463,23619,1752559958.7500584
D8401-A_L_2024_01_18_13_05_54_Alaska.ndpi.ndpa,282,pol,9445951,-2298459,17722,986677755.3326063
D8401-A_L_2024_01_18_13_05_54_Alaska.ndpi.ndpa,283,pol,9245432,-2314682,15613,765812749.0870665
D8401-A_L_2024_01_18_13_05_54_Alaska.ndpi.ndpa,284,pol,9269613,-2324793,26056,2132874803.6685152
D8401-A_L_2024_01_18_13_05_54_Alaska.ndpi.ndpa,285,pol,9250928,-2247415,14556,665631653.9212455
D8401-A_L_2024_01_18_13_05_54_Alaska.ndpi.ndpa,286,pol,9152669,-2334026,12327,477380488.62315863
D8401-A_L_2024_01_18_13_05_54_Alaska.ndpi.ndpa,287,bipol,9302594,-2523124,34646,3770996026.5165186
D8401-A_L_2024_01_18_13_05_54_Alaska.ndpi.ndpa,288,pol,9339085,-2488612,18054,1023992436.7658494
D8401-A_L_2024_01_18_13_05_54_Alaska.ndpi.ndpa,289,pol,9509004,-2573025,18912,1123633790.6058204
D8401-A_L_2024_01_18_13_05_54_Alaska.ndpi.ndpa,290,pol,9367221,-2534775,20828,1362840435.7806299
D8401-A_L_2024_01_18_13_05_54_Alaska.ndpi.ndpa,291,pol,9638945,-2496384,23318,1708175421.5012136
D8401-A_L_2024_01_18_13_05_54_Alaska.ndpi.ndpa,292,bipol,9844308,-2484659,30965,3012257132.492502
D8401-A_L_2024_01_18_13_05_54_Alaska.ndpi.ndpa,293,pol,9995334,-2503363,19345,1175675155.700071
D8401-A_L_2024_01_18_13_05_54_Alaska.ndpi.ndpa,294,pol,10226244,-2331999,26028,2128293255.7389674
D8401-A_L_2024_01_18_13_05_54_Alaska.ndpi.ndpa,295,pol,10401736,-2492040,12968,528318570.3597656
D8401-A_L_2024_01_18_13_05_54_Alaska.ndpi.ndpa,296,pol,10342907,-2519192,18107,1030013402.7590117
D8401-A_L_2024_01_18_13_05_54_Alaska.ndpi.ndpa,297,pol,10499388,-2463458,18387,1062115201.8030415
D8401-A_L_2024_01_18_13_05_54_Alaska.ndpi.ndpa,298,pol,10776512,-2748058,43466,5935389499.367075
D8401-A_L_2024_01_18_13_05_54_Alaska.ndpi.ndpa,299,pol,10825338,-2644926,16863,893345702.8595442
D8401-A_L_2024_01_18_13_05_54_Alaska.ndpi.ndpa,300,pol,10618074,-2570138,13314,556886869.3498554
D8401-A_L_2024_01_18_13_05_54_Alaska.ndpi.ndpa,301,pol,9437249,-2711617,14180,631687574.6796683
D8401-A_L_2024_01_18_13_05_54_Alaska.ndpi.ndpa,302,bipol,9356871,-2633494,24533,1890824366.8325279
D8401-A_L_2024_01_18_13_05_54_Alaska.ndpi.ndpa,303,pol,9196341,-2638972,15552,759840377.2490698
D8401-A_L_2024_01_18_13_05_54_Alaska.ndpi.ndpa,304,pol,9167046,-2644450,14797,687855509.6890033
D8401-A_L_2024_01_18_13_05_54_Alaska.ndpi.ndpa,305,pol,9294236,-2783542,20391,1306251860.364535
D8401-A_L_2024_01_18_13_05_54_Alaska.ndpi.ndpa,306,bipol,9492872,-2827129,26307,2174165110.9146156
D8401-A_L_2024_01_18_13_05_54_Alaska.ndpi.ndpa,307,pol,9452621,-2895963,14881,695687349.3779553
D8401-A_L_2024_01_18_13_05_54_Alaska.ndpi.ndpa,308,pol,10513804,-2890961,19421,1184930966.2415597
D8401-A_L_2024_01_18_13_05_54_Alaska.ndpi.ndpa,309,pol,10934088,-3013006,18402,1063848842.5850352
D8401-A_L_2024_01_18_13_05_54_Alaska.ndpi.ndpa,310,paly,10301390,-3110816,21901,1506876857.4880207
D8401-A_L_2024_01_18_13_05_54_Alaska.ndpi.ndpa,311,pol,10361018,-3076966,14138,627951102.6075654
D8401-A_L_2024_01_18_13_05_54_Alaska.ndpi.ndpa,312,pol,10296470,-2981518,13670,587065963.4244057
D8401-A_L_2024_01_18_13_05_54_Alaska.ndpi.ndpa,313,pol,10285842,-2963412,22481,1587746353.2759614
D8401-A_L_2024_01_18_13_05_54_Alaska.ndpi.ndpa,314,pol,10101846,-2971482,14968,703845635.1011345
D8401-A_L_2024_01_18_13_05_54_Alaska.ndpi.ndpa,315,pol,10130972,-3043708,20433,1311638460.2611213
D8401-A_L_2024_01_18_13_05_54_Alaska.ndpi.ndpa,316,pol,10046547,-3054138,14110,625466278.7477645
D8401-A_L_2024_01_18_13_05_54_Alaska.ndpi.ndpa,317,pol,10017421,-3050005,20046,1262424239.5285776
D8401-A_L_2024_01_18_13_05_54_Alaska.ndpi.ndpa,318,paly,10040840,-2934680,32330,3283683433.5597405
D8401-A_L_2024_01_18_13_05_54_Alaska.ndpi.ndpa,319,pol,9782651,-3060632,20612,1334719914.2746415
D8401-A_L_2024_01_18_13_05_54_Alaska.ndpi.ndpa,320,pol,9835392,-2982503,17846,1000533536.1029637
D8401-A_L_2024_01_18_13_05_54_Alaska.ndpi.ndpa,321,pol,9882623,-3044298,13640,584492056.5633196
D8401-A_L_2024_01_18_13_05_54_Alaska.ndpi.ndpa,322,bipol,9566580,-3063781,28055,2472694249.1052313
D8401-A_L_2024_01_18_13_05_54_Alaska.ndpi.ndpa,323,paly,9578154,-3097867,18571,1083478886.3606539
D8401-A_L_2024_01_18_13_05_54_Alaska.ndpi.ndpa,324,pol,9321342,-2945740,16125,816863177.3185586
D8401-A_L_2024_01_18_13_05_54_Alaska.ndpi.ndpa,325,bipol,9210157,-2951644,28535,2558029958.6732216
D8401-A_L_2024_01_18_13_05_54_Alaska.ndpi.ndpa,326,pol,9299896,-2966404,19427,1185663233.7899997
D8401-A_L_2024_01_18_13_05_54_Alaska.ndpi.ndpa,327,pol,9222948,-3028790,14795,687669577.6693933
D8401-A_L_2024_01_18_13_05_54_Alaska.ndpi.ndpa,328,bipol,9216061,-3088219,42612,5704449100.746985
D8401-A_L_2024_01_18_13_05_54_Alaska.ndpi.ndpa,329,pol,9374475,-3132893,20285,1292706393.5501287
D8401-A_L_2024_01_18_13_05_54_Alaska.ndpi.ndpa,330,pol,9417180,-3135845,14387,650264971.288034
D8401-A_L_2024_01_18_13_05_54_Alaska.ndpi.ndpa,331,bipol,9414818,-3168317,27066,2301431365.461952
D8401-A_L_2024_01_18_13_05_54_Alaska.ndpi.ndpa,332,bipol,9457523,-3179338,26640,2229555633.689079
D8401-A_L_2024_01_18_13_05_54_Alaska.ndpi.ndpa,333,pol,10109481,-3167333,18047,1023198534.3111386
D8401-A_L_2024_01_18_13_05_54_Alaska.ndpi.ndpa,334,bipol,10056937,-3175008,25457,2035936919.112257
D8401-A_L_2024_01_18_13_05_54_Alaska.ndpi.ndpa,335,fun,10122077,-3307848,23543,1741299510.5026846
D8401-A_L_2024_01_18_13_05_54_Alaska.ndpi.ndpa,336,fun,9982352,-3202363,12634,501454597.95061886
D8401-A_L_2024_01_18_13_05_54_Alaska.ndpi.ndpa,337,pol,9976055,-3233064,19284,1168272404.1605244
D8401-A_L_2024_01_18_13_05_54_Alaska.ndpi.ndpa,338,pol,10147268,-3133011,15226,728318805.235417
D8401-A_L_2024_01_18_13_05_54_Alaska.ndpi.ndpa,339,pol,9772032,-3226136,18323,1054734218.3589915
D8401-A_L_2024_01_18_13_05_54_Alaska.ndpi.ndpa,340,pol,9701776,-3289309,19578,1204166444.8294435
D8401-A_L_2024_01_18_13_05_54_Alaska.ndpi.ndpa,341,bipol,9390461,-3270416,27737,2416956564.6345835
D8401-A_L_2024_01_18_13_05_54_Alaska.ndpi.ndpa,342,bipol,9191501,-3280650,35655,3993840845.602795
D8401-A_L_2024_01_18_13_05_54_Alaska.ndpi.ndpa,343,pol,9259789,-3254475,15431,748062725.461543
D8401-A_L_2024_01_18_13_05_54_Alaska.ndpi.ndpa,344,pol,9211144,-3395205,16884,895572108.7324388
D8401-A_L_2024_01_18_13_05_54_Alaska.ndpi.ndpa,345,pol,9209778,-3373713,13919,608647639.954658
D8401-A_L_2024_01_18_13_05_54_Alaska.ndpi.ndpa,346,pol,9265380,-3345059,15557,760329036.2783725
D8401-A_L_2024_01_18_13_05_54_Alaska.ndpi.ndpa,347,pol,9239114,-3382924,15410,746028038.4219264
D8401-A_L_2024_01_18_13_05_54_Alaska.ndpi.ndpa,348,pol,9399438,-3467522,16631,868933617.8528181
D8401-A_L_2024_01_18_13_05_54_Alaska.ndpi.ndpa,349,pol,9477212,-3365867,19056,1140810109.147316
D8401-A_L_2024_01_18_13_05_54_Alaska.ndpi.ndpa,350,pol,9518829,-3396909,22692,1617690453.0784304
D8401-A_L_2024_01_18_13_05_54_Alaska.ndpi.ndpa,351,pol,9287740,-3334138,19708,1220211123.9980042
D8401-A_L_2024_01_18_13_05_54_Alaska.ndpi.ndpa,352,pol,9327872,-3330621,26603,2223366724.4358406
D8401-A_L_2024_01_18_13_05_54_Alaska.ndpi.ndpa,353,pol,9279051,-3463019,26479,2202688233.802347
D8401-A_L_2024_01_18_13_05_54_Alaska.ndpi.ndpa,354,pol,9416824,-3449572,20688,1344580745.2957292
D8401-A_L_2024_01_18_13_05_54_Alaska.ndpi.ndpa,355,pol,9490055,-3517219,14231,636239619.9126065
D8401-A_L_2024_01_18_13_05_54_Alaska.ndpi.ndpa,356,bipol,9466058,-3447504,37561,4432249145.367084
D8401-A_L_2024_01_18_13_05_54_Alaska.ndpi.ndpa,357,pol,10325809,-3371532,10543,349203257.02928275
D8401-A_L_2024_01_18_13_05_54_Alaska.ndpi.ndpa,358,fun,10885338,-3552884,13151,543334682.668763
D8401-A_L_2024_01_18_13_05_54_Alaska.ndpi.ndpa,359,pol,10969164,-3620395,13973,613379406.27853
D8401-A_L_2024_01_18_13_05_54_Alaska.ndpi.ndpa,360,paly,10984073,-3692125,18804,1110837053.285359
D8401-A_L_2024_01_18_13_05_54_Alaska.ndpi.ndpa,361,pol,10766573,-3700002,19099,1145964410.258318
D8401-A_L_2024_01_18_13_05_54_Alaska.ndpi.ndpa,362,pol,10280726,-3535163,12841,518021237.03061026
D8401-A_L_2024_01_18_13_05_54_Alaska.ndpi.ndpa,363,pol,10015187,-3565543,22643,1610711672.0338564
D8401-A_L_2024_01_18_13_05_54_Alaska.ndpi.ndpa,364,pol,10152767,-3715662,14466,657425876.741922
D8401-A_L_2024_01_18_13_05_54_Alaska.ndpi.ndpa,365,fun,10105229,-3649839,21088,1397078015.174276
D8401-A_L_2024_01_18_13_05_54_Alaska.ndpi.ndpa,366,paly,10050659,-3739009,27075,2302962166.172674
D8401-A_L_2024_01_18_13_05_54_Alaska.ndpi.ndpa,367,paly,10059098,-3591048,25487,2040738277.9965913
D8401-A_L_2024_01_18_13_05_54_Alaska.ndpi.ndpa,368,pol,9636261,-3636899,15109,717168680.2972593
D8401-A_L_2024_01_18_13_05_54_Alaska.ndpi.ndpa,369,bipol,9778313,-3647588,33019,3425135091.0618343
D8401-A_L_2024_01_18_13_05_54_Alaska.ndpi.ndpa,370,pol,9667485,-3744636,22484,1588170138.4169674
D8401-A_L_2024_01_18_13_05_54_Alaska.ndpi.ndpa,371,pol,9741745,-3619459,21179,1409161513.5730004
D8401-A_L_2024_01_18_13_05_54_Alaska.ndpi.ndpa,372,pol,9691394,-3628460,16259,830495980.4087347
D8401-A_L_2024_01_18_13_05_54_Alaska.ndpi.ndpa,373,pol,9631198,-3593016,15163,722304204.1089708
D8401-A_L_2024_01_18_13_05_54_Alaska.ndpi.ndpa,374,pol,9601382,-3634367,13328,558058645.7105325
D8401-A_L_2024_01_18_13_05_54_Alaska.ndpi.ndpa,375,pol,9820788,-3544352,16011,805353940.0657617
D8401-A_L_2024_01_18_13_05_54_Alaska.ndpi.ndpa,376,bipol,9913333,-3611581,24474,1881740724.9932337
D8401-A_L_2024_01_18_13_05_54_Alaska.ndpi.ndpa,377,bipol,9169959,-3518191,33849,3599494865.6368356
D8401-A_L_2024_01_18_13_05_54_Alaska.ndpi.ndpa,378,pol,9387116,-3652651,22944,1653819623.107915
D8401-A_L_2024_01_18_13_05_54_Alaska.ndpi.ndpa,379,paly,9417776,-3636337,18241,1045314944.4685512
D8401-A_L_2024_01_18_13_05_54_Alaska.ndpi.ndpa,380,paly,9406724,-3627639,15539,758570598.905564
D8401-A_L_2024_01_18_13_05_54_Alaska.ndpi.ndpa,381,pol,9406000,-3754401,19863,1239480098.2467604
D8401-A_L_2024_01_18_13_05_54_Alaska.ndpi.ndpa,382,bipol,9461840,-3762036,31681,3153171813.270281
D8401-A_L_2024_01_18_13_05_54_Alaska.ndpi.ndpa,383,spo,10332622,-3763562,15444,749323682.2128776
D8401-A_L_2024_01_18_13_05_54_Alaska.ndpi.ndpa,384,pol,10763649,-3729098,17054,913697401.883619
D8401-A_L_2024_01_18_13_05_54_Alaska.ndpi.ndpa,385,pol,10691668,-3752437,13250,551545860.2458581
D8401-A_L_2024_01_18_13_05_54_Alaska.ndpi.ndpa,386,pol,10679888,-3721682,13088,538141450.9415979
D8401-A_L_2024_01_18_13_05_54_Alaska.ndpi.ndpa,387,pol,10835848,-3784939,12400,483051286.4159666
D8401-A_L_2024_01_18_13_05_54_Alaska.ndpi.ndpa,388,pol,10884058,-3693106,15339,739169379.3140548
D8401-A_L_2024_01_18_13_05_54_Alaska.ndpi.ndpa,389,pol,10989194,-3775778,11386,407279200.6376638
D8401-A_L_2024_01_18_13_05_54_Alaska.ndpi.ndpa,390,bipol,10969999,-3753747,29101,2660514918.820404
D8401-A_L_2024_01_18_13_05_54_Alaska.ndpi.ndpa,391,paly,11009696,-3683509,16569,862466963.5346689
USNMPAL_793471_D3915_L_2024-01-22_10_22_34_Alaska.ndpi.ndpa,2,pol,6030686,-1129604,15426,747578024.8389839
USNMPAL_793471_D3915_L_2024-01-22_10_22_34_Alaska.ndpi.ndpa,3,pol,6135658,-1118907,8457,224689373.7969049
USNMPAL_793471_D3915_L_2024-01-22_10_22_34_Alaska.ndpi.ndpa,4,pol,6231204,-1075031,16462,851363579.2120113
USNMPAL_793471_D3915_L_2024-01-22_10_22_34_Alaska.ndpi.ndpa,5,pol,6294297,-1113468,22230,1552489952.2431636
USNMPAL_793471_D3915_L_2024-01-22_10_22_34_Alaska.ndpi.ndpa,6,pol,6626437,-1070498,11246,397325127.1466176
USNMPAL_793471_D3915_L_2024-01-22_10_22_34_Alaska.ndpi.ndpa,7,paly,6541769,-1099870,10796,366163983.77492577
USNMPAL_793471_D3915_L_2024-01-22_10_22_34_Alaska.ndpi.ndpa,8,pol,6716725,-1097513,15849,789139175.0709356
USNMPAL_793471_D3915_L_2024-01-22_10_22_34_Alaska.ndpi.ndpa,9,spo,6851973,-1041127,16507,856024461.7808404
USNMPAL_793471_D3915_L_2024-01-22_10_22_34_Alaska.ndpi.ndpa,10,pol,6861581,-1083552,15261,731671025.9684668
USNMPAL_793471_D3915_L_2024-01-22_10_22_34_Alaska.ndpi.ndpa,11,pol,6908357,-1067054,16903,897588863.5611887
USNMPAL_793471_D3915_L_2024-01-22_10_22_34_Alaska.ndpi.ndpa,12,paly,7274582,-1081377,13855,603063345.9155666
USNMPAL_793471_D3915_L_2024-01-22_10_22_34_Alaska.ndpi.ndpa,13,pol,7435395,-1093887,12372,480872227.4859542
USNMPAL_793471_D3915_L_2024-01-22_10_22_34_Alaska.ndpi.ndpa,14,paly,7754119,-1050192,13303,555967051.8615888
USNMPAL_793471_D3915_L_2024-01-22_10_22_34_Alaska.ndpi.ndpa,15,paly,7662743,-894089,21084,1396548066.1927273
USNMPAL_793471_D3915_L_2024-01-22_10_22_34_Alaska.ndpi.ndpa,16,pol,7425602,-939597,12883,521415438.86628985
USNMPAL_793471_D3915_L_2024-01-22_10_22_34_Alaska.ndpi.ndpa,17,pol,7440288,-967880,21661,1474031883.2858577
USNMPAL_793471_D3915_L_2024-01-22_10_22_34_Alaska.ndpi.ndpa,18,pol,7516254,-936877,16553,860802070.2247137
USNMPAL_793471_D3915_L_2024-01-22_10_22_34_Alaska.ndpi.ndpa,19,pol,7297062,-849306,10624,354589602.4568641
USNMPAL_793471_D3915_L_2024-01-22_10_22_34_Alaska.ndpi.ndpa,20,pol,7284371,-864173,14336,645662937.0327919
USNMPAL_793471_D3915_L_2024-01-22_10_22_34_Alaska.ndpi.ndpa,21,pol,6366452,-943404,17070,915412661.2069966
USNMPAL_793471_D3915_L_2024-01-22_10_22_34_Alaska.ndpi.ndpa,22,pol,6226853,-905692,21001,1385574310.2661421
USNMPAL_793471_D3915_L_2024-01-22_10_22_34_Alaska.ndpi.ndpa,23,alg,6287951,-902066,13030,533382428.1598633
USNMPAL_793471_D3915_L_2024-01-22_10_22_34_Alaska.ndpi.ndpa,24,paly,6211261,-903879,11293,400653119.9171228
USNMPAL_793471_D3915_L_2024-01-22_10_22_34_Alaska.ndpi.ndpa,25,spo,6021621,-916027,18354,1058306168.3654186
USNMPAL_793471_D3915_L_2024-01-22_10_22_34_Alaska.ndpi.ndpa,26,paly,6076555,-943585,10492,345833003.55440146
USNMPAL_793471_D3915_L_2024-01-22_10_22_34_Alaska.ndpi.ndpa,27,paly,6044283,-756475,16459,851053306.0967649
USNMPAL_793471_D3915_L_2024-01-22_10_22_34_Alaska.ndpi.ndpa,28,spo,6564251,-809598,19904,1244602298.564028
USNMPAL_793471_D3915_L_2024-01-22_10_22_34_Alaska.ndpi.ndpa,29,pol,6495357,-752668,16712,877418377.8845583
USNMPAL_793471_D3915_L_2024-01-22_10_22_34_Alaska.ndpi.ndpa,30,pol,6547026,-727647,18382,1061537635.7016423
USNMPAL_793471_D3915_L_2024-01-22_10_22_34_Alaska.ndpi.ndpa,31,pol,6843997,-715862,8757,240913186.57857332
USNMPAL_793471_D3915_L_2024-01-22_10_22_34_Alaska.ndpi.ndpa,32,pol,6866840,-742877,20478,1317422116.628417
USNMPAL_793471_D3915_L_2024-01-22_10_22_34_Alaska.ndpi.ndpa,33,pol,7113043,-783127,16688,874900077.2134408
USNMPAL_793471_D3915_L_2024-01-22_10_22_34_Alaska.ndpi.ndpa,34,pol,7556502,-595291,15744,778717679.7169251
USNMPAL_793471_D3915_L_2024-01-22_10_22_34_Alaska.ndpi.ndpa,35,pol,7469478,-590758,16050,809282121.5463647
USNMPAL_793471_D3915_L_2024-01-22_10_22_34_Alaska.ndpi.ndpa,36,pol,7411642,-602906,14880,695593852.4389919
USNMPAL_793471_D3915_L_2024-01-22_10_22_34_Alaska.ndpi.ndpa,37,pol,7386622,-633547,11838,440257277.8373739
USNMPAL_793471_D3915_L_2024-01-22_10_22_34_Alaska.ndpi.ndpa,38,pol,7120113,-672346,22387,1574496397.2329223
USNMPAL_793471_D3915_L_2024-01-22_10_22_34_Alaska.ndpi.ndpa,39,pol,7367953,-588945,9763,299444576.29872316
USNMPAL_793471_D3915_L_2024-01-22_10_22_34_Alaska.ndpi.ndpa,40,paly,6702945,-664550,11132,389310635.2607859
USNMPAL_793471_D3915_L_2024-01-22_10_22_34_Alaska.ndpi.ndpa,41,spo,6135658,-626476,17239,933628309.7044866
USNMPAL_793471_D3915_L_2024-01-22_10_22_34_Alaska.ndpi.ndpa,42,pol,6065494,-655666,10733,361902956.8358603
USNMPAL_793471_D3915_L_2024-01-22_10_22_34_Alaska.ndpi.ndpa,43,paly,6017450,-566282,26163,2150428242.1337404
USNMPAL_793471_D3915_L_2024-01-22_10_22_34_Alaska.ndpi.ndpa,44,pol,5976295,-528389,13641,584577762.3525021
USNMPAL_793471_D3915_L_2024-01-22_10_22_34_Alaska.ndpi.ndpa,45,pol,5975932,-470913,26796,2255744000.3148856
USNMPAL_793471_D3915_L_2024-01-22_10_22_34_Alaska.ndpi.ndpa,46,pol,6279248,-354877,16061,810391798.0450584
USNMPAL_793471_D3915_L_2024-01-22_10_22_34_Alaska.ndpi.ndpa,47,pol,6430813,-363217,22330,1566488889.1075597
USNMPAL_793471_D3915_L_2024-01-22_10_22_34_Alaska.ndpi.ndpa,48,pol,6618820,-349257,13225,549466518.6082633
USNMPAL_793471_D3915_L_2024-01-22_10_22_34_Alaska.ndpi.ndpa,49,pol,6734672,-419604,15392,744286226.3574406
USNMPAL_793471_D3915_L_2024-01-22_10_22_34_Alaska.ndpi.ndpa,50,pol,6881886,-395671,17163,925414452.3488581
USNMPAL_793471_D3915_L_2024-01-22_10_22_34_Alaska.ndpi.ndpa,51,pol,6876629,-358685,12574,496703001.8939173
USNMPAL_793471_D3915_L_2024-01-22_10_22_34_Alaska.ndpi.ndpa,52,pol,6888413,-336565,18813,1111900648.9030097
USNMPAL_793471_D3915_L_2024-01-22_10_22_34_Alaska.ndpi.ndpa,53,paly,7292167,-452601,14838,691672654.7188579
USNMPAL_793471_D3915_L_2024-01-22_10_22_34_Alaska.ndpi.ndpa,54,paly,7324258,-407456,14867,694378964.0023295
USNMPAL_793471_D3915_L_2024-01-22_10_22_34_Alaska.ndpi.ndpa,55,paly,7236870,-483786,15179,723829359.3776944
USNMPAL_793471_D3915_L_2024-01-22_10_22_34_Alaska.ndpi.ndpa,56,pol,7555414,-384793,14300,642424281.7325768
USNMPAL_793471_D3915_L_2024-01-22_10_22_34_Alaska.ndpi.ndpa,57,alg,7454429,-384249,15479,752723843.649821
USNMPAL_793471_D3915_L_2024-01-22_10_22_34_Alaska.ndpi.ndpa,58,pol,7758107,-412351,16283,832949589.4039296
USNMPAL_793471_D3915_L_2024-01-22_10_22_34_Alaska.ndpi.ndpa,59,paly,7477212,-262583,12493,490324227.347067
USNMPAL_793471_D3915_L_2024-01-22_10_22_34_Alaska.ndpi.ndpa,60,paly,7268721,-265673,21446,1444915586.8644242
USNMPAL_793471_D3915_L_2024-01-22_10_22_34_Alaska.ndpi.ndpa,61,pol,7033225,-261439,15301,735511560.1556271
USNMPAL_793471_D3915_L_2024-01-22_10_22_34_Alaska.ndpi.ndpa,62,paly,6533968,-256747,12571,496466015.8520938
USNMPAL_793471_D3915_L_2024-01-22_10_22_34_Alaska.ndpi.ndpa,63,spo,6205899,-307898,14150,629017535.0833824
USNMPAL_793471_D3915_L_2024-01-22_10_22_34_Alaska.ndpi.ndpa,64,spo,6235081,-152140,19461,1189817022.4638348
USNMPAL_793471_D3915_L_2024-01-22_10_22_34_Alaska.ndpi.ndpa,65,pol,6271698,-160150,13718,591195976.5250385
USNMPAL_793471_D3915_L_2024-01-22_10_22_34_Alaska.ndpi.ndpa,66,paly,6299848,-166330,15737,778025376.3686315
USNMPAL_793471_D3915_L_2024-01-22_10_22_34_Alaska.ndpi.ndpa,67,spo,6425491,-209814,23376,1716683646.0884836
USNMPAL_793471_D3915_L_2024-01-22_10_22_34_Alaska.ndpi.ndpa,68,pol,6541430,-175555,12010,453143638.5130571
USNMPAL_793471_D3915_L_2024-01-22_10_22_34_Alaska.ndpi.ndpa,69,pol,6637780,-201989,15297,735127054.347569
USNMPAL_793471_D3915_L_2024-01-22_10_22_34_Alaska.ndpi.ndpa,70,paly,6597500,-242612,17446,956184300.9307673
USNMPAL_793471_D3915_L_2024-01-22_10_22_34_Alaska.ndpi.ndpa,71,pol,6715477,-208054,14424,653613931.0479093
USNMPAL_793471_D3915_L_2024-01-22_10_22_34_Alaska.ndpi.ndpa,72,paly,7254097,-213547,21135,1403312446.1050646
USNMPAL_793471_D3915_L_2024-01-22_10_22_34_Alaska.ndpi.ndpa,73,pol,7382831,-227622,17235,933195096.6439271
USNMPAL_793471_D3915_L_2024-01-22_10_22_34_Alaska.ndpi.ndpa,74,pol,7625994,-82407,18158,1035823825.495716
USNMPAL_793471_D3915_L_2024-01-22_10_22_34_Alaska.ndpi.ndpa,75,pol,7440388,-76457,16212,825701479.6211631
USNMPAL_793471_D3915_L_2024-01-22_10_22_34_Alaska.ndpi.ndpa,76,paly,7365781,-135962,16180,822445080.6056405
USNMPAL_793471_D3915_L_2024-01-22_10_22_34_Alaska.ndpi.ndpa,77,pol,7226405,-36406,15831,787347713.2761526
USNMPAL_793471_D3915_L_2024-01-22_10_22_34_Alaska.ndpi.ndpa,78,spo,7006357,-87099,19939,1248983265.2274222
USNMPAL_793471_D3915_L_2024-01-22_10_22_34_Alaska.ndpi.ndpa,79,spo,6727378,-89273,22571,1600484506.1766188
USNMPAL_793471_D3915_L_2024-01-22_10_22_34_Alaska.ndpi.ndpa,80,pol,6671193,-66044,18300,1052087963.7606858
USNMPAL_793471_D3915_L_2024-01-22_10_22_34_Alaska.ndpi.ndpa,81,spo,6497031,-112274,19098,1145844410.8437288
USNMPAL_793471_D3915_L_2024-01-22_10_22_34_Alaska.ndpi.ndpa,82,paly,6458240,-48192,26598,2222531045.0820227
USNMPAL_793471_D3915_L_2024-01-22_10_22_34_Alaska.ndpi.ndpa,83,paly,6255585,-65700,15236,729275797.1895535
USNMPAL_793471_D3915_L_2024-01-22_10_22_34_Alaska.ndpi.ndpa,84,pol,6137494,-64213,13463,569421110.8961463
USNMPAL_793471_D3915_L_2024-01-22_10_22_34_Alaska.ndpi.ndpa,85,paly,6497718,36372,18423,1066278314.7238725
USNMPAL_793471_D3915_L_2024-01-22_10_22_34_Alaska.ndpi.ndpa,86,pol,6723373,46328,16030,807266475.6998215
USNMPAL_793471_D3915_L_2024-01-22_10_22_34_Alaska.ndpi.ndpa,87,pol,6754612,30651,14726,681270313.6552563
USNMPAL_793471_D3915_L_2024-01-22_10_22_34_Alaska.ndpi.ndpa,88,pol,7300441,174378,11920,446377590.41502076
USNMPAL_793471_D3915_L_2024-01-22_10_22_34_Alaska.ndpi.ndpa,89,pol,7109000,167557,10054,317561346.30903417
USNMPAL_793471_D3915_L_2024-01-22_10_22_34_Alaska.ndpi.ndpa,90,pol,6829564,93634,16531,858515468.2949836
USNMPAL_793471_D3915_L_2024-01-22_10_22_34_Alaska.ndpi.ndpa,91,paly,6705979,134830,15915,795725285.308145
USNMPAL_793471_D3915_L_2024-01-22_10_22_34_Alaska.ndpi.ndpa,92,paly,6589033,142726,15664,770823988.3518093
USNMPAL_793471_D3915_L_2024-01-22_10_22_34_Alaska.ndpi.ndpa,93,pol,6351706,78529,14648,674072384.5319456
USNMPAL_793471_D3915_L_2024-01-22_10_22_34_Alaska.ndpi.ndpa,94,pol,6334999,146387,15148,720875831.8851264
USNMPAL_793471_D3915_L_2024-01-22_10_22_34_Alaska.ndpi.ndpa,95,pol,6138981,111714,13812,599325852.8258512
USNMPAL_793471_D3915_L_2024-01-22_10_22_34_Alaska.ndpi.ndpa,96,pol,6033610,182611,15827,786949887.1152432
USNMPAL_793471_D3915_L_2024-01-22_10_22_34_Alaska.ndpi.ndpa,97,pol,6277688,219229,8724,239100886.59971902
USNMPAL_793471_D3915_L_2024-01-22_10_22_34_Alaska.ndpi.ndpa,98,pol,6464323,133634,8262,214447137.7197082
USNMPAL_793471_D3915_L_2024-01-22_10_22_34_Alaska.ndpi.ndpa,99,paly,6531264,193024,17053,913590251.5829829
USNMPAL_793471_D3915_L_2024-01-22_10_22_34_Alaska.ndpi.ndpa,100,pol,6620862,157092,15806,784862949.1066121
USNMPAL_793471_D3915_L_2024-01-22_10_22_34_Alaska.ndpi.ndpa,101,spo,6786899,201835,17388,949837115.0980488
USNMPAL_793471_D3915_L_2024-01-22_10_22_34_Alaska.ndpi.ndpa,102,pol,7056496,219801,15115,717738389.275432
USNMPAL_793471_D3915_L_2024-01-22_10_22_34_Alaska.ndpi.ndpa,103,pol,7284096,190621,11186,393096794.762298
USNMPAL_793471_D3915_L_2024-01-22_10_22_34_Alaska.ndpi.ndpa,104,pol,7796741,248753,11427,410217635.9191238
USNMPAL_793471_D3915_L_2024-01-22_10_22_34_Alaska.ndpi.ndpa,105,pol,7456619,311878,11946,448326998.9220557
USNMPAL_793471_D3915_L_2024-01-22_10_22_34_Alaska.ndpi.ndpa,106,paly,7316672,338197,18720,1100934702.9757614
USNMPAL_793471_D3915_L_2024-01-22_10_22_34_Alaska.ndpi.ndpa,107,spo,7003936,303524,17152,924228611.0778708
USNMPAL_793471_D3915_L_2024-01-22_10_22_34_Alaska.ndpi.ndpa,108,pol,6738574,278234,14283,640897747.3046783
USNMPAL_793471_D3915_L_2024-01-22_10_22_34_Alaska.ndpi.ndpa,109,paly,6497585,337053,18674,1095530774.054098
USNMPAL_793471_D3915_L_2024-01-22_10_22_34_Alaska.ndpi.ndpa,110,pol,6256482,313823,7426,173244622.28031224
USNMPAL_793471_D3915_L_2024-01-22_10_22_34_Alaska.ndpi.ndpa,111,pol,6249387,308902,7396,171847681.69096702
USNMPAL_793471_D3915_L_2024-01-22_10_22_34_Alaska.ndpi.ndpa,112,paly,6514406,404110,18174,1037650071.0043595
USNMPAL_793471_D3915_L_2024-01-22_10_22_34_Alaska.ndpi.ndpa,113,bipol,6623801,369551,39814,4979910033.597696
USNMPAL_793471_D3915_L_2024-01-22_10_22_34_Alaska.ndpi.ndpa,114,monocolpate,6578601,400791,12854,519070638.9326521
USNMPAL_793471_D3915_L_2024_01_22_10_22_34_Alaska.ndpi.ndpa,2,pol,6030686,-1129604,15426,747578024.8389839
USNMPAL_793471_D3915_L_2024_01_22_10_22_34_Alaska.ndpi.ndpa,3,pol,6135658,-1118907,8457,224689373.7969049
USNMPAL_793471_D3915_L_2024_01_22_10_22_34_Alaska.ndpi.ndpa,4,pol,6231204,-1075031,16462,851363579.2120113
USNMPAL_793471_D3915_L_2024_01_22_10_22_34_Alaska.ndpi.ndpa,5,pol,6294297,-1113468,22230,1552489952.2431636
USNMPAL_793471_D3915_L_2024_01_22_10_22_34_Alaska.ndpi.ndpa,6,pol,6626437,-1070498,11246,397325127.1466176
USNMPAL_793471_D3915_L_2024_01_22_10_22_34_Alaska.ndpi.ndpa,7,paly,6541769,-1099870,10796,366163983.77492577
USNMPAL_793471_D3915_L_2024_01_22_10_22_34_Alaska.ndpi.ndpa,8,pol,6716725,-1097513,15849,789139175.0709356
USNMPAL_793471_D3915_L_2024_01_22_10_22_34_Alaska.ndpi.ndpa,9,spo,6851973,-1041127,16507,856024461.7808404
USNMPAL_793471_D3915_L_2024_01_22_10_22_34_Alaska.ndpi.ndpa,10,pol,6861581,-1083552,15261,731671025.9684668
USNMPAL_793471_D3915_L_2024_01_22_10_22_34_Alaska.ndpi.ndpa,11,pol,6908357,-1067054,16903,897588863.5611887
USNMPAL_793471_D3915_L_2024_01_22_10_22_34_Alaska.ndpi.ndpa,12,paly,7274582,-1081377,13855,603063345.9155666
USNMPAL_793471_D3915_L_2024_01_22_10_22_34_Alaska.ndpi.ndpa,13,pol,7435395,-1093887,12372,480872227.4859542
USNMPAL_793471_D3915_L_2024_01_22_10_22_34_Alaska.ndpi.ndpa,14,paly,7754119,-1050192,13303,555967051.8615888
USNMPAL_793471_D3915_L_2024_01_22_10_22_34_Alaska.ndpi.ndpa,15,paly,7662743,-894089,21084,1396548066.1927273
USNMPAL_793471_D3915_L_2024_01_22_10_22_34_Alaska.ndpi.ndpa,16,pol,7425602,-939597,12883,521415438.86628985
USNMPAL_793471_D3915_L_2024_01_22_10_22_34_Alaska.ndpi.ndpa,17,pol,7440288,-967880,21661,1474031883.2858577
USNMPAL_793471_D3915_L_2024_01_22_10_22_34_Alaska.ndpi.ndpa,18,pol,7516254,-936877,16553,860802070.2247137
USNMPAL_793471_D3915_L_2024_01_22_10_22_34_Alaska.ndpi.ndpa,19,pol,7297062,-849306,10624,354589602.4568641
USNMPAL_793471_D3915_L_2024_01_22_10_22_34_Alaska.ndpi.ndpa,20,pol,7284371,-864173,14336,645662937.0327919
USNMPAL_793471_D3915_L_2024_01_22_10_22_34_Alaska.ndpi.ndpa,21,pol,6366452,-943404,17070,915412661.2069966
USNMPAL_793471_D3915_L_2024_01_22_10_22_34_Alaska.ndpi.ndpa,22,pol,6226853,-905692,21001,1385574310.2661421
USNMPAL_793471_D3915_L_2024_01_22_10_22_34_Alaska.ndpi.ndpa,23,alg,6287951,-902066,13030,533382428.1598633
USNMPAL_793471_D3915_L_2024_01_22_10_22_34_Alaska.ndpi.ndpa,24,paly,6211261,-903879,11293,400653119.9171228
USNMPAL_793471_D3915_L_2024_01_22_10_22_34_Alaska.ndpi.ndpa,25,spo,6021621,-916027,18354,1058306168.3654186
USNMPAL_793471_D3915_L_2024_01_22_10_22_34_Alaska.ndpi.ndpa,26,paly,6076555,-943585,10492,345833003.55440146
USNMPAL_793471_D3915_L_2024_01_22_10_22_34_Alaska.ndpi.ndpa,27,paly,6044283,-756475,16459,851053306.0967649
USNMPAL_793471_D3915_L_2024_01_22_10_22_34_Alaska.ndpi.ndpa,28,spo,6564251,-809598,19904,1244602298.564028
USNMPAL_793471_D3915_L_2024_01_22_10_22_34_Alaska.ndpi.ndpa,29,pol,6495357,-752668,16712,877418377.8845583
USNMPAL_793471_D3915_L_2024_01_22_10_22_34_Alaska.ndpi.ndpa,30,pol,6547026,-727647,18382,1061537635.7016423
USNMPAL_793471_D3915_L_2024_01_22_10_22_34_Alaska.ndpi.ndpa,31,pol,6843997,-715862,8757,240913186.57857332
USNMPAL_793471_D3915_L_2024_01_22_10_22_34_Alaska.ndpi.ndpa,32,pol,6866840,-742877,20478,1317422116.628417
USNMPAL_793471_D3915_L_2024_01_22_10_22_34_Alaska.ndpi.ndpa,33,pol,7113043,-783127,16688,874900077.2134408
USNMPAL_793471_D3915_L_2024_01_22_10_22_34_Alaska.ndpi.ndpa,34,pol,7556502,-595291,15744,778717679.7169251
USNMPAL_793471_D3915_L_2024_01_22_10_22_34_Alaska.ndpi.ndpa,35,pol,7469478,-590758,16050,809282121.5463647
USNMPAL_793471_D3915_L_2024_01_22_10_22_34_Alaska.ndpi.ndpa,36,pol,7411642,-602906,14880,695593852.4389919
USNMPAL_793471_D3915_L_2024_01_22_10_22_34_Alaska.ndpi.ndpa,37,pol,7386622,-633547,11838,440257277.8373739
USNMPAL_793471_D3915_L_2024_01_22_10_22_34_Alaska.ndpi.ndpa,38,pol,7120113,-672346,22387,1574496397.2329223
USNMPAL_793471_D3915_L_2024_01_22_10_22_34_Alaska.ndpi.ndpa,39,pol,7367953,-588945,9763,299444576.29872316
USNMPAL_793471_D3915_L_2024_01_22_10_22_34_Alaska.ndpi.ndpa,40,paly,6702945,-664550,11132,389310635.2607859
USNMPAL_793471_D3915_L_2024_01_22_10_22_34_Alaska.ndpi.ndpa,41,spo,6135658,-626476,17239,933628309.7044866
USNMPAL_793471_D3915_L_2024_01_22_10_22_34_Alaska.ndpi.ndpa,42,pol,6065494,-655666,10733,361902956.8358603
USNMPAL_793471_D3915_L_2024_01_22_10_22_34_Alaska.ndpi.ndpa,43,paly,6017450,-566282,26163,2150428242.1337404
USNMPAL_793471_D3915_L_2024_01_22_10_22_34_Alaska.ndpi.ndpa,44,pol,5976295,-528389,13641,584577762.3525021
USNMPAL_793471_D3915_L_2024_01_22_10_22_34_Alaska.ndpi.ndpa,45,pol,5975932,-470913,26796,2255744000.3148856
USNMPAL_793471_D3915_L_2024_01_22_10_22_34_Alaska.ndpi.ndpa,46,pol,6279248,-354877,16061,810391798.0450584
USNMPAL_793471_D3915_L_2024_01_22_10_22_34_Alaska.ndpi.ndpa,47,pol,6430813,-363217,22330,1566488889.1075597
USNMPAL_793471_D3915_L_2024_01_22_10_22_34_Alaska.ndpi.ndpa,48,pol,6618820,-349257,13225,549466518.6082633
USNMPAL_793471_D3915_L_2024_01_22_10_22_34_Alaska.ndpi.ndpa,49,pol,6734672,-419604,15392,744286226.3574406
USNMPAL_793471_D3915_L_2024_01_22_10_22_34_Alaska.ndpi.ndpa,50,pol,6881886,-395671,17163,925414452.3488581
USNMPAL_793471_D3915_L_2024_01_22_10_22_34_Alaska.ndpi.ndpa,51,pol,6876629,-358685,12574,496703001.8939173
USNMPAL_793471_D3915_L_2024_01_22_10_22_34_Alaska.ndpi.ndpa,52,pol,6888413,-336565,18813,1111900648.9030097
USNMPAL_793471_D3915_L_2024_01_22_10_22_34_Alaska.ndpi.ndpa,53,paly,7292167,-452601,14838,691672654.7188579
USNMPAL_793471_D3915_L_2024_01_22_10_22_34_Alaska.ndpi.ndpa,54,paly,7324258,-407456,14867,694378964.0023295
USNMPAL_793471_D3915_L_2024_01_22_10_22_34_Alaska.ndpi.ndpa,55,paly,7236870,-483786,15179,723829359.3776944
USNMPAL_793471_D3915_L_2024_01_22_10_22_34_Alaska.ndpi.ndpa,56,pol,7555414,-384793,14300,642424281.7325768
USNMPAL_793471_D3915_L_2024_01_22_10_22_34_Alaska.ndpi.ndpa,57,alg,7454429,-384249,15479,752723843.649821
USNMPAL_793471_D3915_L_2024_01_22_10_22_34_Alaska.ndpi.ndpa,58,pol,7758107,-412351,16283,832949589.4039296
USNMPAL_793471_D3915_L_2024_01_22_10_22_34_Alaska.ndpi.ndpa,59,paly,7477212,-262583,12493,490324227.347067
USNMPAL_793471_D3915_L_2024_01_22_10_22_34_Alaska.ndpi.ndpa,60,paly,7268721,-265673,21446,1444915586.8644242
USNMPAL_793471_D3915_L_2024_01_22_10_22_34_Alaska.ndpi.ndpa,61,pol,7033225,-261439,15301,735511560.1556271
USNMPAL_793471_D3915_L_2024_01_22_10_22_34_Alaska.ndpi.ndpa,62,paly,6533968,-256747,12571,496466015.8520938
USNMPAL_793471_D3915_L_2024_01_22_10_22_34_Alaska.ndpi.ndpa,63,spo,6205899,-307898,14150,629017535.0833824
USNMPAL_793471_D3915_L_2024_01_22_10_22_34_Alaska.ndpi.ndpa,64,spo,6235081,-152140,19461,1189817022.4638348
USNMPAL_793471_D3915_L_2024_01_22_10_22_34_Alaska.ndpi.ndpa,65,pol,6271698,-160150,13718,591195976.5250385
USNMPAL_793471_D3915_L_2024_01_22_10_22_34_Alaska.ndpi.ndpa,66,paly,6299848,-166330,15737,778025376.3686315
USNMPAL_793471_D3915_L_2024_01_22_10_22_34_Alaska.ndpi.ndpa,67,spo,6425491,-209814,23376,1716683646.0884836
USNMPAL_793471_D3915_L_2024_01_22_10_22_34_Alaska.ndpi.ndpa,68,pol,6541430,-175555,12010,453143638.5130571
USNMPAL_793471_D3915_L_2024_01_22_10_22_34_Alaska.ndpi.ndpa,69,pol,6637780,-201989,15297,735127054.347569
USNMPAL_793471_D3915_L_2024_01_22_10_22_34_Alaska.ndpi.ndpa,70,paly,6597500,-242612,17446,956184300.9307673
USNMPAL_793471_D3915_L_2024_01_22_10_22_34_Alaska.ndpi.ndpa,71,pol,6715477,-208054,14424,653613931.0479093
USNMPAL_793471_D3915_L_2024_01_22_10_22_34_Alaska.ndpi.ndpa,72,paly,7254097,-213547,21135,1403312446.1050646
USNMPAL_793471_D3915_L_2024_01_22_10_22_34_Alaska.ndpi.ndpa,73,pol,7382831,-227622,17235,933195096.6439271
USNMPAL_793471_D3915_L_2024_01_22_10_22_34_Alaska.ndpi.ndpa,74,pol,7625994,-82407,18158,1035823825.495716
USNMPAL_793471_D3915_L_2024_01_22_10_22_34_Alaska.ndpi.ndpa,75,pol,7440388,-76457,16212,825701479.6211631
USNMPAL_793471_D3915_L_2024_01_22_10_22_34_Alaska.ndpi.ndpa,76,paly,7365781,-135962,16180,822445080.6056405
USNMPAL_793471_D3915_L_2024_01_22_10_22_34_Alaska.ndpi.ndpa,77,pol,7226405,-36406,15831,787347713.2761526
USNMPAL_793471_D3915_L_2024_01_22_10_22_34_Alaska.ndpi.ndpa,78,spo,7006357,-87099,19939,1248983265.2274222
USNMPAL_793471_D3915_L_2024_01_22_10_22_34_Alaska.ndpi.ndpa,79,spo,6727378,-89273,22571,1600484506.1766188
USNMPAL_793471_D3915_L_2024_01_22_10_22_34_Alaska.ndpi.ndpa,80,pol,6671193,-66044,18300,1052087963.7606858
USNMPAL_793471_D3915_L_2024_01_22_10_22_34_Alaska.ndpi.ndpa,81,spo,6497031,-112274,19098,1145844410.8437288
USNMPAL_793471_D3915_L_2024_01_22_10_22_34_Alaska.ndpi.ndpa,82,paly,6458240,-48192,26598,2222531045.0820227
USNMPAL_793471_D3915_L_2024_01_22_10_22_34_Alaska.ndpi.ndpa,83,paly,6255585,-65700,15236,729275797.1895535
USNMPAL_793471_D3915_L_2024_01_22_10_22_34_Alaska.ndpi.ndpa,84,pol,6137494,-64213,13463,569421110.8961463
USNMPAL_793471_D3915_L_2024_01_22_10_22_34_Alaska.ndpi.ndpa,85,paly,6497718,36372,18423,1066278314.7238725
USNMPAL_793471_D3915_L_2024_01_22_10_22_34_Alaska.ndpi.ndpa,86,pol,6723373,46328,16030,807266475.6998215
USNMPAL_793471_D3915_L_2024_01_22_10_22_34_Alaska.ndpi.ndpa,87,pol,6754612,30651,14726,681270313.6552563
USNMPAL_793471_D3915_L_2024_01_22_10_22_34_Alaska.ndpi.ndpa,88,pol,7300441,174378,11920,446377590.41502076
USNMPAL_793471_D3915_L_2024_01_22_10_22_34_Alaska.ndpi.ndpa,89,pol,7109000,167557,10054,317561346.30903417
USNMPAL_793471_D3915_L_2024_01_22_10_22_34_Alaska.ndpi.ndpa,90,pol,6829564,93634,16531,858515468.2949836
USNMPAL_793471_D3915_L_2024_01_22_10_22_34_Alaska.ndpi.ndpa,91,paly,6705979,134830,15915,795725285.308145
USNMPAL_793471_D3915_L_2024_01_22_10_22_34_Alaska.ndpi.ndpa,92,paly,6589033,142726,15664,770823988.3518093
USNMPAL_793471_D3915_L_2024_01_22_10_22_34_Alaska.ndpi.ndpa,93,pol,6351706,78529,14648,674072384.5319456
USNMPAL_793471_D3915_L_2024_01_22_10_22_34_Alaska.ndpi.ndpa,94,pol,6334999,146387,15148,720875831.8851264
USNMPAL_793471_D3915_L_2024_01_22_10_22_34_Alaska.ndpi.ndpa,95,pol,6138981,111714,13812,599325852.8258512
USNMPAL_793471_D3915_L_2024_01_22_10_22_34_Alaska.ndpi.ndpa,96,pol,6033610,182611,15827,786949887.1152432
USNMPAL_793471_D3915_L_2024_01_22_10_22_34_Alaska.ndpi.ndpa,97,pol,6277688,219229,8724,239100886.59971902
USNMPAL_793471_D3915_L_2024_01_22_10_22_34_Alaska.ndpi.ndpa,98,pol,6464323,133634,8262,214447137.7197082
USNMPAL_793471_D3915_L_2024_01_22_10_22_34_Alaska.ndpi.ndpa,99,paly,6531264,193024,17053,913590251.5829829
USNMPAL_793471_D3915_L_2024_01_22_10_22_34_Alaska.ndpi.ndpa,100,pol,6620862,157092,15806,784862949.1066121
USNMPAL_793471_D3915_L_2024_01_22_10_22_34_Alaska.ndpi.ndpa,101,spo,6786899,201835,17388,949837115.0980488
USNMPAL_793471_D3915_L_2024_01_22_10_22_34_Alaska.ndpi.ndpa,102,pol,7056496,219801,15115,717738389.275432
USNMPAL_793471_D3915_L_2024_01_22_10_22_34_Alaska.ndpi.ndpa,103,pol,7284096,190621,11186,393096794.762298
USNMPAL_793471_D3915_L_2024_01_22_10_22_34_Alaska.ndpi.ndpa,104,pol,7796741,248753,11427,410217635.9191238
USNMPAL_793471_D3915_L_2024_01_22_10_22_34_Alaska.ndpi.ndpa,105,pol,7456619,311878,11946,448326998.9220557
USNMPAL_793471_D3915_L_2024_01_22_10_22_34_Alaska.ndpi.ndpa,106,paly,7316672,338197,18720,1100934702.9757614
USNMPAL_793471_D3915_L_2024_01_22_10_22_34_Alaska.ndpi.ndpa,107,spo,7003936,303524,17152,924228611.0778708
USNMPAL_793471_D3915_L_2024_01_22_10_22_34_Alaska.ndpi.ndpa,108,pol,6738574,278234,14283,640897747.3046783
USNMPAL_793471_D3915_L_2024_01_22_10_22_34_Alaska.ndpi.ndpa,109,paly,6497585,337053,18674,1095530774.054098
USNMPAL_793471_D3915_L_2024_01_22_10_22_34_Alaska.ndpi.ndpa,110,pol,6256482,313823,7426,173244622.28031224
USNMPAL_793471_D3915_L_2024_01_22_10_22_34_Alaska.ndpi.ndpa,111,pol,6249387,308902,7396,171847681.69096702
USNMPAL_793471_D3915_L_2024_01_22_10_22_34_Alaska.ndpi.ndpa,112,paly,6514406,404110,18174,1037650071.0043595
USNMPAL_793471_D3915_L_2024_01_22_10_22_34_Alaska.ndpi.ndpa,113,bipol,6623801,369551,39814,4979910033.597696
USNMPAL_793471_D3915_L_2024_01_22_10_22_34_Alaska.ndpi.ndpa,114,pol,6578601,400791,12854,519070638.9326521
USNMPAL_792673_D1166_A_L_2023_11_09_12_47_47_Wyoming.ndpi.ndpa,2,pol,417645,-3270045,23708,1765792670.591022
USNMPAL_792673_D1166_A_L_2023_11_09_12_47_47_Wyoming.ndpi.ndpa,3,pol,430615,-4065759,16893,896527130.9079815
USNMPAL_792673_D1166_A_L_2023_11_09_12_47_47_Wyoming.ndpi.ndpa,4,spo,327092,-4136274,21316,1427451284.8075593
USNMPAL_792673_D1166_A_L_2023_11_09_12_47_47_Wyoming.ndpi.ndpa,5,pol,343779,-4041843,13049,534939090.46130973
USNMPAL_792673_D1166_A_L_2023_11_09_12_47_47_Wyoming.ndpi.ndpa,6,spo,166675,-3932656,17152,924228611.0778708
USNMPAL_792673_D1166_A_L_2023_11_09_12_47_47_Wyoming.ndpi.ndpa,8,pol,619070,-3484512,15975,801736408.6915237
USNMPAL_792673_D1166_A_L_2023_11_09_12_47_47_Wyoming.ndpi.ndpa,9,pol,-59624,-4229355,15969,801134278.477166
USNMPAL_792673_D1166_A_L_2023_11_09_12_47_47_Wyoming.ndpi.ndpa,10,pol,49541,-4255560,14656,674808874.380912
USNMPAL_792673_D1166_A_L_2023_11_09_12_47_47_Wyoming.ndpi.ndpa,11,pol,143945,-4187427,16849,891862971.6580147
USNMPAL_792673_D1166_A_L_2023_11_09_12_47_47_Wyoming.ndpi.ndpa,12,pol,74258,-4281284,11826,439365166.0547193
USNMPAL_792673_D1166_A_L_2023_11_09_12_47_47_Wyoming.ndpi.ndpa,13,pol,300371,-4232421,14075,622367176.1348145
USNMPAL_792673_D1166_A_L_2023_11_09_12_47_47_Wyoming.ndpi.ndpa,14,pol,366968,-4293528,15633,767775993.1681479
USNMPAL_792673_D1166_A_L_2023_11_09_12_47_47_Wyoming.ndpi.ndpa,15,pol,426627,-4248099,16139,818282222.1538144
USNMPAL_792673_D1166_A_L_2023_11_09_12_47_47_Wyoming.ndpi.ndpa,16,paly,382060,-4169625,25083,1976554660.437809
USNMPAL_792673_D1166_A_L_2023_11_09_12_47_47_Wyoming.ndpi.ndpa,17,pol,916789,-4258539,14976,704598209.9044873
USNMPAL_792673_D1166_A_L_2023_11_09_12_47_47_Wyoming.ndpi.ndpa,18,pol,1057881,-4282455,14565,666455030.7982322
USNMPAL_792673_D1166_A_L_2023_11_09_12_47_47_Wyoming.ndpi.ndpa,19,pol,1173226,-4267579,14003,616016082.1608349
USNMPAL_792673_D1166_A_L_2023_11_09_12_47_47_Wyoming.ndpi.ndpa,20,pol,1133061,-4276275,17141,923043530.0723057
USNMPAL_792673_D1166_A_L_2023_11_09_12_47_47_Wyoming.ndpi.ndpa,21,pol,1574645,-4123394,13270,553212160.9893221
USNMPAL_792673_D1166_A_L_2023_11_09_12_47_47_Wyoming.ndpi.ndpa,22,paly,1552789,-4126941,18123,1031834521.1884447
USNMPAL_792673_D1166_A_L_2023_11_09_12_47_47_Wyoming.ndpi.ndpa,23,pol,1268317,-4126827,13511,573488694.267567
USNMPAL_792673_D1166_A_L_2023_11_09_12_47_47_Wyoming.ndpi.ndpa,24,pol,893102,-4162187,12179,465986283.92696565
USNMPAL_792673_D1166_A_L_2023_11_09_12_47_47_Wyoming.ndpi.ndpa,25,pol,927431,-4145022,12816,516006140.9627814
USNMPAL_792673_D1166_A_L_2023_11_09_12_47_47_Wyoming.ndpi.ndpa,26,pol,793549,-4153147,14983,705257042.7246495
USNMPAL_792673_D1166_A_L_2023_11_09_12_47_47_Wyoming.ndpi.ndpa,27,paly,501525,-4071328,13621,582864840.3740588
USNMPAL_792673_D1166_A_L_2023_11_09_12_47_47_Wyoming.ndpi.ndpa,28,paly,516057,-4123623,14434,654520531.8558822
USNMPAL_792673_D1166_A_L_2023_11_09_12_47_47_Wyoming.ndpi.ndpa,29,pol,411125,-4114125,14955,702623558.7004807
USNMPAL_792673_D1166_A_L_2023_11_09_12_47_47_Wyoming.ndpi.ndpa,30,pol,329995,-4103140,14948,701965957.3846387
USNMPAL_792673_D1166_A_L_2023_11_09_12_47_47_Wyoming.ndpi.ndpa,31,pol,134663,-4158010,15749,779212370.6041226
USNMPAL_792673_D1166_A_L_2023_11_09_12_47_47_Wyoming.ndpi.ndpa,32,pol,32592,-4188334,11910,445628948.8856703
USNMPAL_792673_D1166_A_L_2023_11_09_12_47_47_Wyoming.ndpi.ndpa,33,pol,-11348,-4102739,11170,391973059.63647956
USNMPAL_792673_D1166_A_L_2023_11_09_12_47_47_Wyoming.ndpi.ndpa,34,pol,-41557,-4094157,14665,675637906.1246752
USNMPAL_792673_D1166_A_L_2023_11_09_12_47_47_Wyoming.ndpi.ndpa,35,pol,-96483,-3990596,13671,587151857.7091475
USNMPAL_792673_D1166_A_L_2023_11_09_12_47_47_Wyoming.ndpi.ndpa,36,pol,-69592,-4045065,17585,971481686.313226
USNMPAL_792673_D1166_A_L_2023_11_09_12_47_47_Wyoming.ndpi.ndpa,37,pol,13826,-4054792,17342,944818169.5065268
USNMPAL_792673_D1166_A_L_2023_11_09_12_47_47_Wyoming.ndpi.ndpa,38,pol,257332,-4002268,15516,756326669.2288476
USNMPAL_792673_D1166_A_L_2023_11_09_12_47_47_Wyoming.ndpi.ndpa,39,pol,361005,-3981670,17373,948199041.5645772
USNMPAL_792673_D1166_A_L_2023_11_09_12_47_47_Wyoming.ndpi.ndpa,40,pol,452663,-3989337,15994,803644646.6268333
USNMPAL_792673_D1166_A_L_2023_11_09_12_47_47_Wyoming.ndpi.ndpa,41,pol,480355,-3967824,11972,450280654.8623583
USNMPAL_792673_D1166_A_L_2023_11_09_12_47_47_Wyoming.ndpi.ndpa,42,pol,473604,-3976521,12688,505750374.0460257
USNMPAL_792673_D1166_A_L_2023_11_09_12_47_47_Wyoming.ndpi.ndpa,43,pol,536998,-4067265,24756,1925355015.9800494
USNMPAL_792673_D1166_A_L_2023_11_09_12_47_47_Wyoming.ndpi.ndpa,44,pol,613894,-4086833,12747,510464852.185525
USNMPAL_792673_D1166_A_L_2023_11_09_12_47_47_Wyoming.ndpi.ndpa,45,pol,585516,-4075847,13015,532155086.4499221
USNMPAL_792673_D1166_A_L_2023_11_09_12_47_47_Wyoming.ndpi.ndpa,46,pol,981099,-4072987,15783,782580434.3889244
USNMPAL_792673_D1166_A_L_2023_11_09_12_47_47_Wyoming.ndpi.ndpa,47,pol,1133977,-4012795,11630,424922083.3873293
USNMPAL_792673_D1166_A_L_2023_11_09_12_47_47_Wyoming.ndpi.ndpa,48,pol,1524525,-4036025,16757,882149946.2880932
USNMPAL_792673_D1166_A_L_2023_11_09_12_47_47_Wyoming.ndpi.ndpa,49,pol,1584486,-3974918,11742,433145717.37929577
USNMPAL_792673_D1166_A_L_2023_11_09_12_47_47_Wyoming.ndpi.ndpa,50,pol,1538714,-3896647,16103,814635737.861681
USNMPAL_792673_D1166_A_L_2023_11_09_12_47_47_Wyoming.ndpi.ndpa,51,pol,917247,-3959928,13211,548303802.6007991
USNMPAL_792673_D1166_A_L_2023_11_09_12_47_47_Wyoming.ndpi.ndpa,52,pol,930635,-3970685,13755,594389408.5990052
USNMPAL_792673_D1166_A_L_2023_11_09_12_47_47_Wyoming.ndpi.ndpa,53,pol,624880,-3941047,10460,343726678.777505
USNMPAL_792673_D1166_A_L_2023_11_09_12_47_47_Wyoming.ndpi.ndpa,54,pol,621790,-3884632,9744,298280198.38874525
USNMPAL_792673_D1166_A_L_2023_11_09_12_47_47_Wyoming.ndpi.ndpa,55,fun,577735,-3955808,10885,372226029.23362654
USNMPAL_792673_D1166_A_L_2023_11_09_12_47_47_Wyoming.ndpi.ndpa,56,pol,455867,-3925369,16831,889958412.5277025
USNMPAL_792673_D1166_A_L_2023_11_09_12_47_47_Wyoming.ndpi.ndpa,57,pol,258934,-3914155,19687,1217612100.1036525
USNMPAL_792673_D1166_A_L_2023_11_09_12_47_47_Wyoming.ndpi.ndpa,58,pol,204031,-3876943,16348,839612954.5460833
USNMPAL_792673_D1166_A_L_2023_11_09_12_47_47_Wyoming.ndpi.ndpa,59,paly,279096,-3921915,15016,708367115.7791458
USNMPAL_792673_D1166_A_L_2023_11_09_12_47_47_Wyoming.ndpi.ndpa,60,pol,84795,-3776814,15816,785856383.5355303
USNMPAL_792673_D1166_A_L_2023_11_09_12_47_47_Wyoming.ndpi.ndpa,61,pol,137890,-3895137,6919,150396085.94612923
USNMPAL_792673_D1166_A_L_2023_11_09_12_47_47_Wyoming.ndpi.ndpa,62,pol,256211,-3836548,24186,1837714194.218414
USNMPAL_792673_D1166_A_L_2023_11_09_12_47_47_Wyoming.ndpi.ndpa,63,pol,672505,-3820069,14789,687111932.4070106
USNMPAL_792673_D1166_A_L_2023_11_09_12_47_47_Wyoming.ndpi.ndpa,64,pol,749974,-3834488,15987,802941347.7042521
USNMPAL_792673_D1166_A_L_2023_11_09_12_47_47_Wyoming.ndpi.ndpa,65,pol,777094,-3851081,16640,869874333.2154164
USNMPAL_792673_D1166_A_L_2023_11_09_12_47_47_Wyoming.ndpi.ndpa,66,paly,885916,-3815149,14540,664169129.443664
USNMPAL_792673_D1166_A_L_2023_11_09_12_47_47_Wyoming.ndpi.ndpa,67,paly,998515,-3795581,15202,726024588.0850947
USNMPAL_792673_D1166_A_L_2023_11_09_12_47_47_Wyoming.ndpi.ndpa,68,paly,1075641,-3814806,15225,728223140.5975225
USNMPAL_792673_D1166_A_L_2023_11_09_12_47_47_Wyoming.ndpi.ndpa,69,pol,1196822,-3812860,12520,492445905.0872615
USNMPAL_792673_D1166_A_L_2023_11_09_12_47_47_Wyoming.ndpi.ndpa,70,pol,1158831,-3837005,13107,539705037.3132528
USNMPAL_792673_D1166_A_L_2023_11_09_12_47_47_Wyoming.ndpi.ndpa,71,pol,1388720,-3806910,13583,579617212.6852251
USNMPAL_792673_D1166_A_L_2023_11_09_12_47_47_Wyoming.ndpi.ndpa,72,pol,1530613,-3718453,17646,978233254.8107219
USNMPAL_792673_D1166_A_L_2023_11_09_12_47_47_Wyoming.ndpi.ndpa,73,pol,1113860,-3774525,13027,533136846.7205395
USNMPAL_792673_D1166_A_L_2023_11_09_12_47_47_Wyoming.ndpi.ndpa,74,pol,1014879,-3693164,13349,559818619.3221487
USNMPAL_792673_D1166_A_L_2023_11_09_12_47_47_Wyoming.ndpi.ndpa,75,pol,852503,-3768804,15872,791431227.6639197
USNMPAL_792673_D1166_A_L_2023_11_09_12_47_47_Wyoming.ndpi.ndpa,76,spo,129537,-3754843,15016,708367115.7791458
USNMPAL_792673_D1166_A_L_2023_11_09_12_47_47_Wyoming.ndpi.ndpa,77,paly,213299,-3685039,11333,403496386.9323277
USNMPAL_792673_D1166_A_L_2023_11_09_12_47_47_Wyoming.ndpi.ndpa,78,pol,-195557,-3644873,12703,506946896.73203516
USNMPAL_792673_D1166_A_L_2023_11_09_12_47_47_Wyoming.ndpi.ndpa,79,paly,-176218,-3650137,15115,717738389.275432
USNMPAL_792673_D1166_A_L_2023_11_09_12_47_47_Wyoming.ndpi.ndpa,80,pol,104820,-3659979,15448,749711882.5338963
USNMPAL_792673_D1166_A_L_2023_11_09_12_47_47_Wyoming.ndpi.ndpa,81,pol,117980,-3566144,13682,588097109.5315375
USNMPAL_792673_D1166_A_L_2023_11_09_12_47_47_Wyoming.ndpi.ndpa,82,pol,119582,-3610658,14263,639104149.2268908
USNMPAL_792673_D1166_A_L_2023_11_09_12_47_47_Wyoming.ndpi.ndpa,83,pol,196707,-3557447,19406,1183101286.9721458
USNMPAL_792673_D1166_A_L_2023_11_09_12_47_47_Wyoming.ndpi.ndpa,84,pol,320978,-3617868,15051,711673155.1001878
USNMPAL_792673_D1166_A_L_2023_11_09_12_47_47_Wyoming.ndpi.ndpa,85,paly,472940,-3630913,14572,667095786.8942657
USNMPAL_792673_D1166_A_L_2023_11_09_12_47_47_Wyoming.ndpi.ndpa,86,pol,536449,-3582737,15014,708178431.7243713
USNMPAL_792673_D1166_A_L_2023_11_09_12_47_47_Wyoming.ndpi.ndpa,87,pol,553727,-3605852,12656,503202517.2712231
USNMPAL_792673_D1166_A_L_2023_11_09_12_47_47_Wyoming.ndpi.ndpa,88,pol,548921,-3679890,14377,649361323.5771554
USNMPAL_792673_D1166_A_L_2023_11_09_12_47_47_Wyoming.ndpi.ndpa,89,pol,865434,-3553053,17279,937965969.513151
USNMPAL_792673_D1166_A_L_2023_11_09_12_47_47_Wyoming.ndpi.ndpa,90,paly,1219364,-3603517,15864,790633614.9882851
USNMPAL_792673_D1166_A_L_2023_11_09_12_47_47_Wyoming.ndpi.ndpa,91,pol,1409203,-3669316,13250,551545860.2458581
USNMPAL_792673_D1166_A_L_2023_11_09_12_47_47_Wyoming.ndpi.ndpa,92,pol,1538394,-3617592,16203,824784967.088368
USNMPAL_792673_D1166_A_L_2023_11_09_12_47_47_Wyoming.ndpi.ndpa,93,spo,1568145,-3554770,17236,933303390.484289
USNMPAL_792673_D1166_A_L_2023_11_09_12_47_47_Wyoming.ndpi.ndpa,94,pol,1340086,-3563355,18741,1103406134.22608
USNMPAL_792673_D1166_A_L_2023_11_09_12_47_47_Wyoming.ndpi.ndpa,95,pol,1149675,-3464440,12948,526690220.05555695
USNMPAL_792673_D1166_A_L_2023_11_09_12_47_47_Wyoming.ndpi.ndpa,96,paly,1133083,-3512158,14171,630885969.039771
USNMPAL_792673_D1166_A_L_2023_11_09_12_47_47_Wyoming.ndpi.ndpa,97,pol,1149103,-3486638,10575,351326269.94635504
USNMPAL_792673_D1166_A_L_2023_11_09_12_47_47_Wyoming.ndpi.ndpa,98,pol,953428,-3486981,14892,696716230.396784
USNMPAL_792673_D1166_A_L_2023_11_09_12_47_47_Wyoming.ndpi.ndpa,99,pol,898273,-3574636,13132,541765843.5541914
USNMPAL_792673_D1166_A_L_2023_11_09_12_47_47_Wyoming.ndpi.ndpa,100,paly,922532,-3465696,15287,734166229.6503952
USNMPAL_792673_D1166_A_L_2023_11_09_12_47_47_Wyoming.ndpi.ndpa,101,pol,961896,-3553008,15713,775654102.233702
USNMPAL_792673_D1166_A_L_2023_11_09_12_47_47_Wyoming.ndpi.ndpa,102,pol,770456,-3488697,18383,1061653136.3555515
USNMPAL_792673_D1166_A_L_2023_11_09_12_47_47_Wyoming.ndpi.ndpa,103,paly,799292,-3501285,16090,813320953.0618197
USNMPAL_792673_D1166_A_L_2023_11_09_12_47_47_Wyoming.ndpi.ndpa,104,pol,371897,-3531724,14124,626708074.9255048
USNMPAL_792673_D1166_A_L_2023_11_09_12_47_47_Wyoming.ndpi.ndpa,105,pol,384599,-3544655,19844,1237109977.0763347
USNMPAL_792673_D1166_A_L_2023_11_09_12_47_47_Wyoming.ndpi.ndpa,106,pol,427625,-3467184,13411,565030898.5255727
USNMPAL_792673_D1166_A_L_2023_11_09_12_47_47_Wyoming.ndpi.ndpa,107,spo,-53208,-3456542,13427,566379923.5437653
USNMPAL_792673_D1166_A_L_2023_11_09_12_47_47_Wyoming.ndpi.ndpa,108,pol,-35471,-3545342,23284,1703197668.4725657
USNMPAL_792673_D1166_A_L_2023_11_09_12_47_47_Wyoming.ndpi.ndpa,109,pol,-204598,-3495907,13705,590076001.8856264
USNMPAL_792673_D1166_A_L_2023_11_09_12_47_47_Wyoming.ndpi.ndpa,110,paly,-113283,-3396350,14241,637134094.1729366
USNMPAL_792673_D1166_A_L_2023_11_09_12_47_47_Wyoming.ndpi.ndpa,111,pol,144297,-3420267,14700,678866756.5142184
USNMPAL_792673_D1166_A_L_2023_11_09_12_47_47_Wyoming.ndpi.ndpa,112,paly,541940,-3449333,15806,784862949.1066121
USNMPAL_792673_D1166_A_L_2023_11_09_12_47_47_Wyoming.ndpi.ndpa,113,pol,628220,-3383420,13510,573403805.2924744
USNMPAL_792673_D1166_A_L_2023_11_09_12_47_47_Wyoming.ndpi.ndpa,114,pol,606249,-3394291,13514,573743398.8919568
USNMPAL_792673_D1166_A_L_2023_11_09_12_47_47_Wyoming.ndpi.ndpa,115,pol,608995,-3403216,14440,655064793.9335607
USNMPAL_792673_D1166_A_L_2023_11_09_12_47_47_Wyoming.ndpi.ndpa,116,paly,752490,-3389027,14381,649722707.2632831
USNMPAL_792673_D1166_A_L_2023_11_09_12_47_47_Wyoming.ndpi.ndpa,117,pol,713927,-3434342,9736,297790612.5896098
USNMPAL_792673_D1166_A_L_2023_11_09_12_47_47_Wyoming.ndpi.ndpa,118,pol,821491,-3441780,13973,613379406.27853
USNMPAL_792673_D1166_A_L_2023_11_09_12_47_47_Wyoming.ndpi.ndpa,119,paly,891408,-3435601,15219,727649284.7170472
USNMPAL_792673_D1166_A_L_2023_11_09_12_47_47_Wyoming.ndpi.ndpa,120,pol,1132053,-3421525,16871,894193530.7521538
USNMPAL_792673_D1166_A_L_2023_11_09_12_47_47_Wyoming.ndpi.ndpa,121,pol,1368350,-3445556,14186,632222261.1829387
USNMPAL_792673_D1166_A_L_2023_11_09_12_47_47_Wyoming.ndpi.ndpa,122,pol,1359997,-3431138,7849,193543473.43276832
USNMPAL_792673_D1166_A_L_2023_11_09_12_47_47_Wyoming.ndpi.ndpa,123,spo,1454859,-3365568,11496,415186652.17860234
USNMPAL_792673_D1166_A_L_2023_11_09_12_47_47_Wyoming.ndpi.ndpa,124,pol,1626045,-3399326,17073,915734451.4009111
USNMPAL_792673_D1166_A_L_2023_11_09_12_47_47_Wyoming.ndpi.ndpa,125,pol,1582104,-3269102,14027,618129494.3707578
USNMPAL_792673_D1166_A_L_2023_11_09_12_47_47_Wyoming.ndpi.ndpa,126,spo,1286075,-3277341,11879,443312153.1089467
USNMPAL_792673_D1166_A_L_2023_11_09_12_47_47_Wyoming.ndpi.ndpa,127,pol,963613,-3280660,16013,805555152.7920388
USNMPAL_792673_D1166_A_L_2023_11_09_12_47_47_Wyoming.ndpi.ndpa,128,pol,936722,-3271047,14857,693445157.0019765
USNMPAL_792673_D1166_A_L_2023_11_09_12_47_47_Wyoming.ndpi.ndpa,129,pol,761759,-3253196,22508,1591562455.297055
USNMPAL_792673_D1166_A_L_2023_11_09_12_47_47_Wyoming.ndpi.ndpa,130,pol,598582,-3331559,11593,422222666.7581396
USNMPAL_792673_D1166_A_L_2023_11_09_12_47_47_Wyoming.ndpi.ndpa,131,pol,520885,-3289563,14154,629373213.6372511
USNMPAL_792673_D1166_A_L_2023_11_09_12_47_47_Wyoming.ndpi.ndpa,132,paly,382997,-3288190,18789,1109065524.8959627
USNMPAL_792673_D1166_A_L_2023_11_09_12_47_47_Wyoming.ndpi.ndpa,133,spo,-139373,-3333848,12839,517859884.8319219
USNMPAL_792673_D1166_A_L_2023_11_09_12_47_47_Wyoming.ndpi.ndpa,134,pol,31126,-3184400,20345,1300364968.12105
USNMPAL_792673_D1166_A_L_2023_11_09_12_47_47_Wyoming.ndpi.ndpa,135,pol,35360,-3238297,17563,969052430.9442817
USNMPAL_792673_D1166_A_L_2023_11_09_12_47_47_Wyoming.ndpi.ndpa,136,pol,296488,-3224107,14212,634541849.8355314
USNMPAL_792673_D1166_A_L_2023_11_09_12_47_47_Wyoming.ndpi.ndpa,137,pol,385743,-3248825,13917,608472741.2084473
USNMPAL_792673_D1166_A_L_2023_11_09_12_47_47_Wyoming.ndpi.ndpa,138,pol,399154,-3149841,15148,720875831.8851264
USNMPAL_792673_D1166_A_L_2023_11_09_12_47_47_Wyoming.ndpi.ndpa,139,pol,754458,-3202480,12351,479241165.98728555
USNMPAL_792673_D1166_A_L_2023_11_09_12_47_47_Wyoming.ndpi.ndpa,140,pol,763841,-3164374,24656,1909831778.3601315
USNMPAL_792673_D1166_A_L_2023_11_09_12_47_47_Wyoming.ndpi.ndpa,141,pol,1051746,-3205455,23030,1666240739.0443428
USNMPAL_792673_D1166_A_L_2023_11_09_12_47_47_Wyoming.ndpi.ndpa,142,pol,1079209,-3202594,12998,530765808.205059
USNMPAL_792673_D1166_A_L_2023_11_09_12_47_47_Wyoming.ndpi.ndpa,143,pol,1047398,-3180967,13770,595686493.6658561
USNMPAL_792673_D1166_A_L_2023_11_09_12_47_47_Wyoming.ndpi.ndpa,144,paly,1251311,-3194310,15071,713565776.1784165
USNMPAL_792673_D1166_A_L_2023_11_09_12_47_47_Wyoming.ndpi.ndpa,145,pol,1555282,-3149658,18217,1042566076.0294013
USNMPAL_792673_D1166_A_L_2023_11_09_12_47_47_Wyoming.ndpi.ndpa,146,pol,1581029,-3149315,12981,529378345.8007496
USNMPAL_792673_D1166_A_L_2023_11_09_12_47_47_Wyoming.ndpi.ndpa,147,pol,1584576,-3133180,20001,1256762728.2836535
USNMPAL_792673_D1166_A_L_2023_11_09_12_47_47_Wyoming.ndpi.ndpa,148,pol,1354916,-3097706,16136,817978037.4451306
USNMPAL_792673_D1166_A_L_2023_11_09_12_47_47_Wyoming.ndpi.ndpa,149,pol,1236596,-3025271,13629,583549707.5725415
USNMPAL_792673_D1166_A_L_2023_11_09_12_47_47_Wyoming.ndpi.ndpa,150,pol,1156610,-3066237,16631,868933617.8528181
USNMPAL_792673_D1166_A_L_2023_11_09_12_47_47_Wyoming.ndpi.ndpa,151,paly,1190595,-3111209,10799,366367511.8549886
USNMPAL_792673_D1166_A_L_2023_11_09_12_47_47_Wyoming.ndpi.ndpa,152,pol,1143915,-3011730,16082,812512382.5110093
USNMPAL_792673_D1166_A_L_2023_11_09_12_47_47_Wyoming.ndpi.ndpa,153,pol,1012893,-3124446,19140,1150889796.0790234
USNMPAL_792673_D1166_A_L_2023_11_09_12_47_47_Wyoming.ndpi.ndpa,154,pol,789184,-3126620,13774,596032621.7780579
USNMPAL_792673_D1166_A_L_2023_11_09_12_47_47_Wyoming.ndpi.ndpa,155,pol,801199,-3116550,14102,624757233.8522198
USNMPAL_792673_D1166_A_L_2023_11_09_12_47_47_Wyoming.ndpi.ndpa,156,pol,614679,-3144311,21845,1499180659.20348
USNMPAL_792673_D1166_A_L_2023_11_09_12_47_47_Wyoming.ndpi.ndpa,157,paly,697754,-3136187,18067,1025467643.8529735
USNMPAL_792673_D1166_A_L_2023_11_09_12_47_47_Wyoming.ndpi.ndpa,158,pol,481826,-3107007,18874,1119122878.2454958
USNMPAL_792673_D1166_A_L_2023_11_09_12_47_47_Wyoming.ndpi.ndpa,159,pol,514896,-3066269,23796,1778925633.7236414
USNMPAL_792673_D1166_A_L_2023_11_09_12_47_47_Wyoming.ndpi.ndpa,160,pol,320251,-3044870,15295,734934839.1426518
USNMPAL_792673_D1166_A_L_2023_11_09_12_47_47_Wyoming.ndpi.ndpa,161,pol,323799,-3095678,10413,340644678.99496114
USNMPAL_792673_D1166_A_L_2023_11_09_12_47_47_Wyoming.ndpi.ndpa,162,juglandaceae/betulaceae?,258574,-3103803,19349,1176161398.844623
USNMPAL_792673_D1166_A_L_2023_11_09_12_47_47_Wyoming.ndpi.ndpa,163,pol,202389,-3108265,13835,601323531.9040086
USNMPAL_792673_D1166_A_L_2023_11_09_12_47_47_Wyoming.ndpi.ndpa,164,pol,101462,-3090872,14485,659153969.4712895
USNMPAL_792673_D1166_A_L_2023_11_09_12_47_47_Wyoming.ndpi.ndpa,165,pol,-181522,-3046358,15656,770036830.8965257
USNMPAL_792673_D1166_A_L_2023_11_09_12_47_47_Wyoming.ndpi.ndpa,166,pol,-209442,-3126689,15718,776147819.2271768
USNMPAL_792673_D1166_A_L_2023_11_09_12_47_47_Wyoming.ndpi.ndpa,167,paly,-200402,-2936503,16995,907386284.6761563
USNMPAL_792673_D1166_A_L_2023_11_09_12_47_47_Wyoming.ndpi.ndpa,168,pol,296450,-3006650,19916,1246103477.1976192
USNMPAL_792673_D1166_A_L_2023_11_09_12_47_47_Wyoming.ndpi.ndpa,169,pol,346227,-3031275,13116,540446475.1706486
USNMPAL_792673_D1166_A_L_2023_11_09_12_47_47_Wyoming.ndpi.ndpa,170,pol,360073,-3008503,17212,930706072.4747484
USNMPAL_792673_D1166_A_L_2023_11_09_12_47_47_Wyoming.ndpi.ndpa,171,pol,408820,-3006100,15927,796925700.4274522
USNMPAL_792673_D1166_A_L_2023_11_09_12_47_47_Wyoming.ndpi.ndpa,172,pol,558952,-2934923,16776,884151539.7906969
USNMPAL_792673_D1166_A_L_2023_11_09_12_47_47_Wyoming.ndpi.ndpa,173,pol,509632,-3015369,12250,471435247.57931834
USNMPAL_792673_D1166_A_L_2023_11_09_12_47_47_Wyoming.ndpi.ndpa,174,pol,560325,-2967880,12809,515442617.78054374
USNMPAL_792673_D1166_A_L_2023_11_09_12_47_47_Wyoming.ndpi.ndpa,175,pol,662053,-2935496,20337,1299342517.9423833
USNMPAL_792673_D1166_A_L_2023_11_09_12_47_47_Wyoming.ndpi.ndpa,176,paly,683794,-3022922,15563,760915634.4586507
USNMPAL_792673_D1166_A_L_2023_11_09_12_47_47_Wyoming.ndpi.ndpa,177,pol,1076059,-2954720,17239,933628309.7044866
USNMPAL_792673_D1166_A_L_2023_11_09_12_47_47_Wyoming.ndpi.ndpa,178,pol,1106955,-2946710,9489,282872524.2545896
USNMPAL_792673_D1166_A_L_2023_11_09_12_47_47_Wyoming.ndpi.ndpa,179,pol,1101119,-2968337,13918,608560187.43996
USNMPAL_792673_D1166_A_L_2023_11_09_12_47_47_Wyoming.ndpi.ndpa,180,pol,1268415,-2986875,14687,677666570.7311748
USNMPAL_792673_D1166_A_L_2023_11_09_12_47_47_Wyoming.ndpi.ndpa,181, caryapollenites veripites,1548486,-2910705,18872,1118885713.132891
USNMPAL_792673_D1166_A_L_2023_11_09_12_47_47_Wyoming.ndpi.ndpa,182,pol,1560764,-2889653,12857,519312959.39880145
USNMPAL_792673_D1166_A_L_2023_11_09_12_47_47_Wyoming.ndpi.ndpa,183,pol,1558819,-2877752,11076,385403599.84033424
USNMPAL_792673_D1166_A_L_2023_11_09_12_47_47_Wyoming.ndpi.ndpa,184,pol,1367035,-2936570,14244,637402558.9731491
USNMPAL_792673_D1166_A_L_2023_11_09_12_47_47_Wyoming.ndpi.ndpa,185,pol,898217,-2892972,13366,561245389.3337398
USNMPAL_792673_D1166_A_L_2023_11_09_12_47_47_Wyoming.ndpi.ndpa,186,pol,880938,-2902699,13840,601758249.7874491
USNMPAL_792673_D1166_A_L_2023_11_09_12_47_47_Wyoming.ndpi.ndpa,187,pol,734239,-2892285,12179,465986283.92696565
USNMPAL_792673_D1166_A_L_2023_11_09_12_47_47_Wyoming.ndpi.ndpa,188,pol,718448,-2936685,13010,531746286.7058737
USNMPAL_792673_D1166_A_L_2023_11_09_12_47_47_Wyoming.ndpi.ndpa,189,pol,707692,-2896519,12544,494335686.1657313
USNMPAL_792673_D1166_A_L_2023_11_09_12_47_47_Wyoming.ndpi.ndpa,190,pol,510072,-2906704,14925,699807435.0458028
USNMPAL_792673_D1166_A_L_2023_11_09_12_47_47_Wyoming.ndpi.ndpa,191,pol,383741,-2911167,15899,794126139.2492441
USNMPAL_792673_D1166_A_L_2023_11_09_12_47_47_Wyoming.ndpi.ndpa,192,pol,351129,-2903156,17333,943837756.9791578
USNMPAL_792673_D1166_A_L_2023_11_09_12_47_47_Wyoming.ndpi.ndpa,193,pol,396443,-2913798,14286,641167003.7862395
USNMPAL_792673_D1166_A_L_2023_11_09_12_47_47_Wyoming.ndpi.ndpa,194,pol,1302725,-2877409,14034,618746587.9909245
USNMPAL_792673_D1166_A_L_2023_11_09_12_47_47_Wyoming.ndpi.ndpa,195,pol,1616033,-2768012,16190,823462014.1476076
USNMPAL_792673_D1166_A_L_2023_11_09_12_47_47_Wyoming.ndpi.ndpa,196,pol,1345522,-2851548,14327,644852509.8007233
USNMPAL_792673_D1166_A_L_2023_11_09_12_47_47_Wyoming.ndpi.ndpa,197,pol,1314626,-2777281,12938,525876987.3812487
USNMPAL_792673_D1166_A_L_2023_11_09_12_47_47_Wyoming.ndpi.ndpa,198,pol,1145842,-2844910,14605,670120641.1064408
USNMPAL_792673_D1166_A_L_2023_11_09_12_47_47_Wyoming.ndpi.ndpa,199,paly,1092289,-2888257,34307,3697561087.7521496
USNMPAL_792673_D1166_A_L_2023_11_09_12_47_47_Wyoming.ndpi.ndpa,200,pol,1078364,-2751572,9417,278596087.8035583
USNMPAL_792673_D1166_A_L_2023_11_09_12_47_47_Wyoming.ndpi.ndpa,201,pol,1071269,-2759468,8459,224795660.15956116
USNMPAL_792673_D1166_A_L_2023_11_09_12_47_47_Wyoming.ndpi.ndpa,202,pol,888296,-2853863,14281,640718274.399564
USNMPAL_792673_D1166_A_L_2023_11_09_12_47_47_Wyoming.ndpi.ndpa,203,pol,820668,-2780856,10714,360622779.820671
USNMPAL_792673_D1166_A_L_2023_11_09_12_47_47_Wyoming.ndpi.ndpa,204,pol,693537,-2870914,9569,287662322.07795876
USNMPAL_792673_D1166_A_L_2023_11_09_12_47_47_Wyoming.ndpi.ndpa,205,pol,565033,-2877093,10862,370654664.2785613
USNMPAL_792673_D1166_A_L_2023_11_09_12_47_47_Wyoming.ndpi.ndpa,206,pol,387095,-2846997,11462,412734412.9178044
USNMPAL_792673_D1166_A_L_2023_11_09_12_47_47_Wyoming.ndpi.ndpa,207,pol,360204,-2834982,19486,1192875912.690819
USNMPAL_792673_D1166_A_L_2023_11_09_12_47_47_Wyoming.ndpi.ndpa,208,pol,347731,-2842535,15552,759840377.2490698
USNMPAL_792673_D1166_A_L_2023_11_09_12_47_47_Wyoming.ndpi.ndpa,209,pol,300700,-2799966,15866,790832980.4580818
USNMPAL_792673_D1166_A_L_2023_11_09_12_47_47_Wyoming.ndpi.ndpa,210,pol,217052,-2792299,9952,311150574.641007
USNMPAL_792673_D1166_A_L_2023_11_09_12_47_47_Wyoming.ndpi.ndpa,211,pol,172654,-2877780,10453,343266777.88735336
USNMPAL_792673_D1166_A_L_2023_11_09_12_47_47_Wyoming.ndpi.ndpa,212,pol,119902,-2840704,21823,1496162543.707547
USNMPAL_792673_D1166_A_L_2023_11_09_12_47_47_Wyoming.ndpi.ndpa,213,pol,85573,-2826628,20033,1260787384.9330556
USNMPAL_792673_D1166_A_L_2023_11_09_12_47_47_Wyoming.ndpi.ndpa,214,pol,155489,-2828230,18778,1107767302.5725713
USNMPAL_792673_D1166_A_L_2023_11_09_12_47_47_Wyoming.ndpi.ndpa,215,pol,95872,-2869884,14033,618658412.9099162
USNMPAL_792673_D1166_A_L_2023_11_09_12_47_47_Wyoming.ndpi.ndpa,216,pol,49184,-2781771,12218,468975455.9297812
USNMPAL_792673_D1166_A_L_2023_11_09_12_47_47_Wyoming.ndpi.ndpa,217,pol,-156216,-2829489,17056,913911721.3344468
USNMPAL_792673_D1166_A_L_2023_11_09_12_47_47_Wyoming.ndpi.ndpa,218,pol,-169032,-2783259,14349,646834452.6412787
USNMPAL_792673_D1166_A_L_2023_11_09_12_47_47_Wyoming.ndpi.ndpa,219,pol,-168345,-2759457,13388,563094493.0705309
USNMPAL_792673_D1166_A_L_2023_11_09_12_47_47_Wyoming.ndpi.ndpa,220,pol,785655,-2751124,14786,686833194.5988208
USNMPAL_792673_D1166_A_L_2023_11_09_12_47_47_Wyoming.ndpi.ndpa,221,pol,846742,-2777644,17231,932761984.1143327
USNMPAL_792673_D1166_A_L_2023_11_09_12_47_47_Wyoming.ndpi.ndpa,222,pol,1241367,-2856676,8281,215434593.69780657
USNMPAL_792673_D1166_A_L_2023_11_09_12_47_47_Wyoming.ndpi.ndpa,223,pol,1346785,-2799282,11924,446677222.95594954
USNMPAL_792673_D1166_A_L_2023_11_09_12_47_47_Wyoming.ndpi.ndpa,224,pol,1602347,-2753235,9905,308218592.19085735
D3202_C_R_2024_02_20_18_12_34_Kentucky.ndpi.ndpa,3,pol,19056410,-790219,11049,383526890.928896
D3202_C_R_2024_02_20_18_12_34_Kentucky.ndpi.ndpa,4,pol,19229540,-777860,6146,118668372.04732579
D3202_C_R_2024_02_20_18_12_34_Kentucky.ndpi.ndpa,5,paly,19215810,-725450,13254,551878919.332621
D3202_C_R_2024_02_20_18_12_34_Kentucky.ndpi.ndpa,6,pol,19551890,-797772,6272,123583921.54143283
D3202_C_R_2024_02_20_18_12_34_Kentucky.ndpi.ndpa,7,pol,19662886,-787930,13771,595773016.2691286
D3202_C_R_2024_02_20_18_12_34_Kentucky.ndpi.ndpa,8,pol,19943696,-733689,7377,170965877.47380885
D3202_C_R_2024_02_20_18_12_34_Kentucky.ndpi.ndpa,9,pol,20301746,-813105,6957,152052610.0532553
D3202_C_R_2024_02_20_18_12_34_Kentucky.ndpi.ndpa,10,pol,20307468,-815051,7607,181792811.06772843
D3202_C_R_2024_02_20_18_12_34_Kentucky.ndpi.ndpa,11,pol,20281608,-689290,6272,123583921.54143283
D3202_C_R_2024_02_20_18_12_34_Kentucky.ndpi.ndpa,12,pol,19508978,-656105,11425,410074052.5684842
D3202_C_R_2024_02_20_18_12_34_Kentucky.ndpi.ndpa,13,pol,19423272,-656105,10390,339141524.2995907
D3202_C_R_2024_02_20_18_12_34_Kentucky.ndpi.ndpa,14,pol,18737380,-671553,9330,273472184.74307257
D3202_C_R_2024_02_20_18_12_34_Kentucky.ndpi.ndpa,15,pol,18797540,-600249,10668,357532797.2511944
D3202_C_R_2024_02_20_18_12_34_Kentucky.ndpi.ndpa,16,paly,18932338,-588920,7528,178036518.687574
D3202_C_R_2024_02_20_18_12_34_Kentucky.ndpi.ndpa,17,din,19006258,-577591,27181,2321029892.7800703
D3202_C_R_2024_02_20_18_12_34_Kentucky.ndpi.ndpa,18,pol,19081782,-563745,13215,548635881.5106542
D3202_C_R_2024_02_20_18_12_34_Kentucky.ndpi.ndpa,19,pol,19142316,-526783,14124,626708074.9255048
D3202_C_R_2024_02_20_18_12_34_Kentucky.ndpi.ndpa,20,din,19162454,-528614,17702,984451999.7693911
D3202_C_R_2024_02_20_18_12_34_Kentucky.ndpi.ndpa,21,din,19169778,-569466,14485,659153969.4712895
D3202_C_R_2024_02_20_18_12_34_Kentucky.ndpi.ndpa,22,paly,19270706,-571526,10676,358069230.4799802
D3202_C_R_2024_02_20_18_12_34_Kentucky.ndpi.ndpa,23,pol,19867684,-567063,13973,613379406.27853
D3202_C_R_2024_02_20_18_12_34_Kentucky.ndpi.ndpa,24,pol,19910824,-526440,10186,325954676.56977695
D3202_C_R_2024_02_20_18_12_34_Kentucky.ndpi.ndpa,25,pol,20330438,-497374,17742,988906024.1699445
D3202_C_R_2024_02_20_18_12_34_Kentucky.ndpi.ndpa,26,paly,20264756,-452288,10533,348541134.96161216
D3202_C_R_2024_02_20_18_12_34_Kentucky.ndpi.ndpa,27,pol,20194038,-445422,8453,224476876.4698161
D3202_C_R_2024_02_20_18_12_34_Kentucky.ndpi.ndpa,28,pol,20217152,-483184,26519,2209348158.900545
D3202_C_R_2024_02_20_18_12_34_Kentucky.ndpi.ndpa,30,pol,20012612,-393955,7438,173804981.87874776
D3202_C_R_2024_02_20_18_12_34_Kentucky.ndpi.ndpa,31,pol,19952674,-390385,7648,183757735.90087944
D3202_C_R_2024_02_20_18_12_34_Kentucky.ndpi.ndpa,32,pol,19951072,-383977,11584,421567352.5217494
D3202_C_R_2024_02_20_18_12_34_Kentucky.ndpi.ndpa,33,din,19991008,-397709,28131,2486109276.992661
D3202_C_R_2024_02_20_18_12_34_Kentucky.ndpi.ndpa,34,paly,19745274,-485006,9014,255261302.041638
D3202_C_R_2024_02_20_18_12_34_Kentucky.ndpi.ndpa,35,fun,19687030,-442323,7216,163584790.35720128
D3202_C_R_2024_02_20_18_12_34_Kentucky.ndpi.ndpa,36,paly,19730628,-473677,7217,163630132.96397054
D3202_C_R_2024_02_20_18_12_34_Kentucky.ndpi.ndpa,37,bipol,19655904,-430193,25731,2079999364.5742924
D3202_C_R_2024_02_20_18_12_34_Kentucky.ndpi.ndpa,38,paly,19581642,-405476,14598,669478433.5946013
D3202_C_R_2024_02_20_18_12_34_Kentucky.ndpi.ndpa,39,pol,18956856,-484205,9847,304619533.3814224
D3202_C_R_2024_02_20_18_12_34_Kentucky.ndpi.ndpa,40,pol,18995876,-411197,10034,316299180.04452795
D3202_C_R_2024_02_20_18_12_34_Kentucky.ndpi.ndpa,41,pol,18780404,-403530,12244,470973546.55657613
D3202_C_R_2024_02_20_18_12_34_Kentucky.ndpi.ndpa,42,pol,18579010,-443925,14009,616544095.921309
D3202_C_R_2024_02_20_18_12_34_Kentucky.ndpi.ndpa,43,pol,18525800,-438203,15488,753599414.9471545
D3202_C_R_2024_02_20_18_12_34_Kentucky.ndpi.ndpa,44,pol,18607272,-319651,7122,159350639.74328727
D3202_C_R_2024_02_20_18_12_34_Kentucky.ndpi.ndpa,45,pol,18779832,-280287,13581,579446536.2395409
D3202_C_R_2024_02_20_18_12_34_Kentucky.ndpi.ndpa,46,pol,18975736,-362335,11991,451711012.57275975
D3202_C_R_2024_02_20_18_12_34_Kentucky.ndpi.ndpa,47,paly,18908224,-300084,11070,384986157.57489586
D3202_C_R_2024_02_20_18_12_34_Kentucky.ndpi.ndpa,48,pol,18932138,-313129,13671,587151857.7091475
D3202_C_R_2024_02_20_18_12_34_Kentucky.ndpi.ndpa,49,pol,19240184,-365196,9338,273941362.75633025
D3202_C_R_2024_02_20_18_12_34_Kentucky.ndpi.ndpa,50,pol,19217870,-297909,6477,131794615.31325915
D3202_C_R_2024_02_20_18_12_34_Kentucky.ndpi.ndpa,51,din,19391116,-379042,30423,2907729131.810837
D3202_C_R_2024_02_20_18_12_34_Kentucky.ndpi.ndpa,52,pol,19318338,-310382,13690,588785042.92445
D3202_C_R_2024_02_20_18_12_34_Kentucky.ndpi.ndpa,53,pol,19450390,-366340,13015,532155086.4499221
D3202_C_R_2024_02_20_18_12_34_Kentucky.ndpi.ndpa,54,pol,19556008,-382131,7077,157343303.40931278
D3202_C_R_2024_02_20_18_12_34_Kentucky.ndpi.ndpa,55,pol,19612994,-328806,12527,492996717.38562274
D3202_C_R_2024_02_20_18_12_34_Kentucky.ndpi.ndpa,56,din,20071400,-362106,31754,3167719759.158855
D3202_C_R_2024_02_20_18_12_34_Kentucky.ndpi.ndpa,57,din,20146008,-283148,30044,2835733274.959668
D3202_C_R_2024_02_20_18_12_34_Kentucky.ndpi.ndpa,58,pol,20311130,-420924,14512,661613582.0500454
D3202_C_R_2024_02_20_18_12_34_Kentucky.ndpi.ndpa,59,paly,20301630,-127978,8811,243893527.56443965
D3202_C_R_2024_02_20_18_12_34_Kentucky.ndpi.ndpa,60,pol,20181136,-124888,7450,174366246.25586748
D3202_C_R_2024_02_20_18_12_34_Kentucky.ndpi.ndpa,61,pol,20095314,-173522,15955,799730187.6229413
D3202_C_R_2024_02_20_18_12_34_Kentucky.ndpi.ndpa,62,din,19966810,-147431,36467,4177822137.2369037
D3202_C_R_2024_02_20_18_12_34_Kentucky.ndpi.ndpa,63,pol,19828008,-130724,10322,334716854.9407924
D3202_C_R_2024_02_20_18_12_34_Kentucky.ndpi.ndpa,64,pol,19349692,-177412,11981,450957909.9818412
D3202_C_R_2024_02_20_18_12_34_Kentucky.ndpi.ndpa,65,din,19444210,-189313,57136,10255799890.912214
D3202_C_R_2024_02_20_18_12_34_Kentucky.ndpi.ndpa,66,pol,19394318,-122142,8033,202724111.94524193
D3202_C_R_2024_02_20_18_12_34_Kentucky.ndpi.ndpa,67,pol,19361476,-127978,5475,94171203.28676254
D3202_C_R_2024_02_20_18_12_34_Kentucky.ndpi.ndpa,68,pol,19251282,-212543,7852,193691451.87153035
D3202_C_R_2024_02_20_18_12_34_Kentucky.ndpi.ndpa,69,pol,19089020,-197667,8059,204038529.17876267
D3202_C_R_2024_02_20_18_12_34_Kentucky.ndpi.ndpa,70,paly,19097716,-204533,7956,198856330.7249969
D3202_C_R_2024_02_20_18_12_34_Kentucky.ndpi.ndpa,71,pol,18976764,-190229,9053,257474909.06606182
D3202_C_R_2024_02_20_18_12_34_Kentucky.ndpi.ndpa,73,pol,19851066,-92482,11119,388401888.7450305
D3202_C_R_2024_02_20_18_12_34_Kentucky.ndpi.ndpa,74,din,19780882,-110570,49567,7718539686.139073
D3202_C_R_2024_02_20_18_12_34_Kentucky.ndpi.ndpa,75,pol,19871758,-46898,9833,303753961.7735054
D3202_C_R_2024_02_20_18_12_34_Kentucky.ndpi.ndpa,76,pol,19755992,-41977,10991,379510930.2079591
D3202_C_R_2024_02_20_18_12_34_Kentucky.ndpi.ndpa,77,din,19852078,-90311,26472,2201523780.4941454
D3202_C_R_2024_02_20_18_12_34_Kentucky.ndpi.ndpa,78,spo,19650320,115352,29821,2793793342.901473
D3202_C_R_2024_02_20_18_12_34_Kentucky.ndpi.ndpa,79,spo,19460806,285019,28527,2556595834.1932287
D3202_C_R_2024_02_20_18_12_34_Kentucky.ndpi.ndpa,80,din,20282504,195121,38521,4661707051.546686
D3202_C_R_2024_02_20_18_12_34_Kentucky.ndpi.ndpa,81,din,20342490,89224,30063,2839321077.4426255
D3202_C_R_2024_02_20_18_12_34_Kentucky.ndpi.ndpa,82,paly,19960442,258293,30718,2964392766.1586113
D3202_C_R_2024_02_20_18_12_34_Kentucky.ndpi.ndpa,83,alg,18590586,682892,18671,1095178805.721153
D3202_C_R_2024_02_20_18_12_34_Kentucky.ndpi.ndpa,84,pol,18967348,-348705,12749,510625048.2781169
D3202_C_R_2024_02_20_18_12_34_Kentucky.ndpi.ndpa,85,pol,18936036,-232715,10851,369904316.86439997
D3202_C_R_2024_02_20_18_12_34_Kentucky.ndpi.ndpa,86,din,18899418,-229395,28363,2527284900.398942
D3202_C_R_2024_02_20_18_12_34_Kentucky.ndpi.ndpa,87,pol,18863486,-213490,7936,197857806.91597992
D3202_C_R_2024_02_20_18_12_34_Kentucky.ndpi.ndpa,88,pol,18835374,-203082,13045,534611183.5864986
D3202_C_R_2024_02_20_18_12_34_Kentucky.ndpi.ndpa,90,paly,20217602,-30262,39550,4914087082.7267885
D3202_C_R_2024_02_20_18_12_34_Kentucky.ndpi.ndpa,91,pol,20225526,87337,20715,1348092672.0329168
D3202_C_R_2024_02_20_18_12_34_Kentucky.ndpi.ndpa,92,pol,20242920,46485,7026,155083703.46844038
D3202_C_R_2024_02_20_18_12_34_Kentucky.ndpi.ndpa,93,pol,20199208,30579,12631,501216480.93544
D3202_C_R_2024_02_20_18_12_34_Kentucky.ndpi.ndpa,94,alg,20160760,86422,7882,195174346.4358778
D3202_C_R_2024_02_20_18_12_34_Kentucky.ndpi.ndpa,95,pol,19324116,-117403,10184,325826688.0850697
D3202_C_R_2024_02_20_18_12_34_Kentucky.ndpi.ndpa,96,pol,19385564,-81929,13208,548054809.3918536
D3202_C_R_2024_02_20_18_12_34_Kentucky.ndpi.ndpa,97,fun,19075346,-111223,7026,155083703.46844038
D3202_C_R_2024_02_20_18_12_34_Kentucky.ndpi.ndpa,98,pol,18790644,-159971,6457,130981948.12562855
D3202_C_R_2024_02_20_18_12_34_Kentucky.ndpi.ndpa,99,pol,18727938,-175877,13260,552378696.4583247
D3202_C_R_2024_02_20_18_12_34_Kentucky.ndpi.ndpa,100,paly,18724848,-154135,5421,92322740.43487276
D3202_C_R_2024_02_20_18_12_34_Kentucky.ndpi.ndpa,101,pol,18622320,-204142,17235,933195096.6439271
D3202_C_R_2024_02_20_18_12_34_Kentucky.ndpi.ndpa,102,pol,18596572,-174619,6545,134576483.0416423
D3202_C_R_2024_02_20_18_12_34_Kentucky.ndpi.ndpa,103,pol,18538556,-39589,12562,495755397.0186297
D3202_C_R_2024_02_20_18_12_34_Kentucky.ndpi.ndpa,104,pol,18537640,47264,6845,147196260.7311125
D3202_C_R_2024_02_20_18_12_34_Kentucky.ndpi.ndpa,105,paly,18557552,65825,9184,264980321.57034257
D3202_C_R_2024_02_20_18_12_34_Kentucky.ndpi.ndpa,106,din,18652038,-53456,12800,514718540.3641517
D3202_C_R_2024_02_20_18_12_34_Kentucky.ndpi.ndpa,107,pol,18999560,20809,19361,1177620731.4640687
D3202_C_R_2024_02_20_18_12_34_Kentucky.ndpi.ndpa,108,pol,19103162,-46966,7065,156810162.569628
D3202_C_R_2024_02_20_18_12_34_Kentucky.ndpi.ndpa,109,paly,19098586,7731,9715,296507363.09680533
D3202_C_R_2024_02_20_18_12_34_Kentucky.ndpi.ndpa,110,pol,19133486,-28428,11046,383318650.4598528
D3202_C_R_2024_02_20_18_12_34_Kentucky.ndpi.ndpa,111,pol,19394844,-11721,10122,321871510.8987944
D3202_C_R_2024_02_20_18_12_34_Kentucky.ndpi.ndpa,112,fun,19440386,63231,10603,353189184.12445134
D3202_C_R_2024_02_20_18_12_34_Kentucky.ndpi.ndpa,113,pol,19482040,65977,6652,139012660.05433074
D3202_C_R_2024_02_20_18_12_34_Kentucky.ndpi.ndpa,114,pol,19526208,34852,10038,316551412.2354993
D3202_C_R_2024_02_20_18_12_34_Kentucky.ndpi.ndpa,115,pol,19626220,-43648,11307,401647119.8327186
D3202_C_R_2024_02_20_18_12_34_Kentucky.ndpi.ndpa,116,pol,19612488,-52345,8221,212324039.97963426
D3202_C_R_2024_02_20_18_12_34_Kentucky.ndpi.ndpa,117,pol,19761134,55221,6960,152183774.68813533
D3202_C_R_2024_02_20_18_12_34_Kentucky.ndpi.ndpa,118,pol,19959782,31419,7810,191624899.6576284
D3202_C_R_2024_02_20_18_12_34_Kentucky.ndpi.ndpa,119,pol,20005670,-35752,10437,342216731.9588175
D3202_C_R_2024_02_20_18_12_34_Kentucky.ndpi.ndpa,120,pol,20026954,58081,6814,145866019.29539564
D3202_C_R_2024_02_20_18_12_34_Kentucky.ndpi.ndpa,121,pol,20076388,28443,9871,306106235.55606604
D3202_C_R_2024_02_20_18_12_34_Kentucky.ndpi.ndpa,122,paly,20102134,63803,7852,193691451.87153035
D3202_C_R_2024_02_20_18_12_34_Kentucky.ndpi.ndpa,123,paly,20278240,154891,15572,761795955.8440764
D3202_C_R_2024_02_20_18_12_34_Kentucky.ndpi.ndpa,124,pol,20067806,175603,9111,260784614.6257305
D3202_C_R_2024_02_20_18_12_34_Kentucky.ndpi.ndpa,125,pol,20173424,193798,6202,120840745.66817129
D3202_C_R_2024_02_20_18_12_34_Kentucky.ndpi.ndpa,126,paly,20156374,125024,8601,232406231.1947355
D3202_C_R_2024_02_20_18_12_34_Kentucky.ndpi.ndpa,127,pol,20022032,168051,8802,243395531.72177055
D3202_C_R_2024_02_20_18_12_34_Kentucky.ndpi.ndpa,128,paly,19926714,86003,7874,194778354.96507812
D3202_C_R_2024_02_20_18_12_34_Kentucky.ndpi.ndpa,129,pol,19741910,169309,11365,405778238.7739655
D3202_C_R_2024_02_20_18_12_34_Kentucky.ndpi.ndpa,130,fun,19583768,118044,14854,693165137.423984
D3202_C_R_2024_02_20_18_12_34_Kentucky.ndpi.ndpa,131,pol,19418532,98705,9341,274117408.18385947
D3202_C_R_2024_02_20_18_12_34_Kentucky.ndpi.ndpa,132,pol,19398508,86689,11724,431818746.3415313
D3202_C_R_2024_02_20_18_12_34_Kentucky.ndpi.ndpa,133,pol,19383746,114611,9827,303383379.5040879
D3202_C_R_2024_02_20_18_12_34_Kentucky.ndpi.ndpa,134,pol,19352048,158553,7172,161595936.01280788
D3202_C_R_2024_02_20_18_12_34_Kentucky.ndpi.ndpa,135,paly,19287052,135552,8496,226766491.1869009
D3202_C_R_2024_02_20_18_12_34_Kentucky.ndpi.ndpa,136,pol,19206952,194370,8124,207343154.7831105
D3202_C_R_2024_02_20_18_12_34_Kentucky.ndpi.ndpa,137,pol,19262336,139443,10190,326210728.9374151
D3202_C_R_2024_02_20_18_12_34_Kentucky.ndpi.ndpa,138,din,19163354,137383,38726,4711456166.127615
D3202_C_R_2024_02_20_18_12_34_Kentucky.ndpi.ndpa,139,pol,19015510,136124,13015,532155086.4499221
D3202_C_R_2024_02_20_18_12_34_Kentucky.ndpi.ndpa,140,paly,19073754,203868,15193,725165189.7067419
D3202_C_R_2024_02_20_18_12_34_Kentucky.ndpi.ndpa,141,paly,19032676,69410,9629,291281059.8237758
D3202_C_R_2024_02_20_18_12_34_Kentucky.ndpi.ndpa,142,pol,18567748,158209,14009,616544095.921309
D3202_C_R_2024_02_20_18_12_34_Kentucky.ndpi.ndpa,143,pol,18556364,253913,9547,286341119.0043063
D3202_C_R_2024_02_20_18_12_34_Kentucky.ndpi.ndpa,144,paly,18602592,263411,8548,229550847.0566657
D3202_C_R_2024_02_20_18_12_34_Kentucky.ndpi.ndpa,145,pol,18552130,299686,10070,318572888.8780076
D3202_C_R_2024_02_20_18_12_34_Kentucky.ndpi.ndpa,146,pol,18692534,301974,7125,159484914.55489433
D3202_C_R_2024_02_20_18_12_34_Kentucky.ndpi.ndpa,147,paly,18614264,279202,6889,149094712.6053062
D3202_C_R_2024_02_20_18_12_34_Kentucky.ndpi.ndpa,148,din,18752038,254485,50191,7914100662.099644
D3202_C_R_2024_02_20_18_12_34_Kentucky.ndpi.ndpa,149,pol,18783964,331384,9300,271716348.6089812
D3202_C_R_2024_02_20_18_12_34_Kentucky.ndpi.ndpa,150,paly,18875164,266729,17588,971813184.0284401
D3202_C_R_2024_02_20_18_12_34_Kentucky.ndpi.ndpa,151,din,18994400,227250,35361,3928248462.499919
D3202_C_R_2024_02_20_18_12_34_Kentucky.ndpi.ndpa,152,paly,18916932,310786,7374,170826852.57410955
D3202_C_R_2024_02_20_18_12_34_Kentucky.ndpi.ndpa,153,pol,19458868,206309,11362,405564041.8452511
D3202_C_R_2024_02_20_18_12_34_Kentucky.ndpi.ndpa,154,spo,19460128,252425,27598,2392792800.535975
D3202_C_R_2024_02_20_18_12_34_Kentucky.ndpi.ndpa,155,paly,19347530,330697,7114,158992850.03915522
D3202_C_R_2024_02_20_18_12_34_Kentucky.ndpi.ndpa,156,fun,19444680,327607,26782,2253387516.798169
D3202_C_R_2024_02_20_18_12_34_Kentucky.ndpi.ndpa,157,pol,19481754,272680,8775,241904597.82182255
D3202_C_R_2024_02_20_18_12_34_Kentucky.ndpi.ndpa,158,pol,19661752,294536,10724,361296274.4537476
D3202_C_R_2024_02_20_18_12_34_Kentucky.ndpi.ndpa,159,pol,19699744,219927,13602,581239892.4146941
D3202_C_R_2024_02_20_18_12_34_Kentucky.ndpi.ndpa,160,pol,19754326,214777,10390,339141524.2995907
D3202_C_R_2024_02_20_18_12_34_Kentucky.ndpi.ndpa,161,pol,19824014,251395,7680,185298674.5310946
D3202_C_R_2024_02_20_18_12_34_Kentucky.ndpi.ndpa,162,pol,20010534,264555,9160,263597216.55504376
D3202_C_R_2024_02_20_18_12_34_Kentucky.ndpi.ndpa,163,pol,20226166,379041,12703,506946896.73203516
D3202_C_R_2024_02_20_18_12_34_Kentucky.ndpi.ndpa,164,pol,20237610,374922,8010,201564898.81358647
D3202_C_R_2024_02_20_18_12_34_Kentucky.ndpi.ndpa,165,pol,20232918,392201,13479,570775363.5245147
D3202_C_R_2024_02_20_18_12_34_Kentucky.ndpi.ndpa,166,pol,20204310,375380,17280,938074539.8136665
D3202_C_R_2024_02_20_18_12_34_Kentucky.ndpi.ndpa,167,pol,20024084,448731,7692,185878185.2783464
D3202_C_R_2024_02_20_18_12_34_Kentucky.ndpi.ndpa,168,pol,19916406,336129,8739,239923811.08736357
D3202_C_R_2024_02_20_18_12_34_Kentucky.ndpi.ndpa,169,din,19766504,339219,31121,3042684764.245063
D3202_C_R_2024_02_20_18_12_34_Kentucky.ndpi.ndpa,170,din,19707456,343682,31056,3029988001.8276167
D3202_C_R_2024_02_20_18_12_34_Kentucky.ndpi.ndpa,171,pol,19783438,390485,10598,352856159.5952076
D3202_C_R_2024_02_20_18_12_34_Kentucky.ndpi.ndpa,172,pol,19492444,424814,16286,833256544.9973339
D3202_C_R_2024_02_20_18_12_34_Kentucky.ndpi.ndpa,173,fun,19466926,428362,6594,136599074.9495426
D3202_C_R_2024_02_20_18_12_34_Kentucky.ndpi.ndpa,174,pol,19367716,390994,12855,519151406.13818324
D3202_C_R_2024_02_20_18_12_34_Kentucky.ndpi.ndpa,175,pol,19366360,467966,5258,86854242.35940005
D3202_C_R_2024_02_20_18_12_34_Kentucky.ndpi.ndpa,176,pol,19225130,377769,10723,361228896.71610606
D3202_C_R_2024_02_20_18_12_34_Kentucky.ndpi.ndpa,177,pol,18931312,363019,9453,280730234.5249949
D3202_C_R_2024_02_20_18_12_34_Kentucky.ndpi.ndpa,178,paly,18731588,420325,7436,173711525.78048876
D3202_C_R_2024_02_20_18_12_34_Kentucky.ndpi.ndpa,179,pol,18592904,480851,7436,173711525.78048876
D3202_C_R_2024_02_20_18_12_34_Kentucky.ndpi.ndpa,180,pol,18586122,346574,8793,242898044.81711134
D3202_C_R_2024_02_20_18_12_34_Kentucky.ndpi.ndpa,181,pol,18641222,580848,15242,729850293.9549302
D3202_C_R_2024_02_20_18_12_34_Kentucky.ndpi.ndpa,182,pol,18739558,555586,9114,260956381.20406556
D3202_C_R_2024_02_20_18_12_34_Kentucky.ndpi.ndpa,183,pol,18759394,574914,5635,99755698.38778377
D3202_C_R_2024_02_20_18_12_34_Kentucky.ndpi.ndpa,184,pol,18811274,499298,9782,300611222.438597
D3202_C_R_2024_02_20_18_12_34_Kentucky.ndpi.ndpa,185,pol,18855862,556773,10556,350064955.0534579
D3202_C_R_2024_02_20_18_12_34_Kentucky.ndpi.ndpa,186,pol,19145444,611908,14299,642334435.3242768
D3202_C_R_2024_02_20_18_12_34_Kentucky.ndpi.ndpa,187,pol,19169348,555959,6348,126597085.88734387
D3202_C_R_2024_02_20_18_12_34_Kentucky.ndpi.ndpa,188,pol,19126454,534597,8279,215330544.14911968
D3202_C_R_2024_02_20_18_12_34_Kentucky.ndpi.ndpa,189,pol,19267176,598684,17396,950711332.3689486
D3202_C_R_2024_02_20_18_12_34_Kentucky.ndpi.ndpa,190,pol,19275822,526798,7436,173711525.78048876
D3202_C_R_2024_02_20_18_12_34_Kentucky.ndpi.ndpa,191,pol,19326176,497636,12249,471358281.70089805
D3202_C_R_2024_02_20_18_12_34_Kentucky.ndpi.ndpa,192,pol,19369578,548669,7763,189325470.60509375
D3202_C_R_2024_02_20_18_12_34_Kentucky.ndpi.ndpa,193,alg,19611180,541887,11431,410504878.01862687
D3202_C_R_2024_02_20_18_12_34_Kentucky.ndpi.ndpa,194,pol,20119808,602753,11258,398173507.95953417
D3202_C_R_2024_02_20_18_12_34_Kentucky.ndpi.ndpa,195,pol,20262564,599532,6687,140479359.70854893
D3202_C_R_2024_02_20_18_12_34_Kentucky.ndpi.ndpa,196,pol,20240016,500180,10235,329098245.2851458
D3202_C_R_2024_02_20_18_12_34_Kentucky.ndpi.ndpa,197,pol,20356660,688033,8934,250750477.6459076
D3202_C_R_2024_02_20_18_12_34_Kentucky.ndpi.ndpa,198,paly,19952810,608517,24104,1825274178.4605823
D3202_C_R_2024_02_20_18_12_34_Kentucky.ndpi.ndpa,199,din,19934670,696510,41276,5352357089.582466
D3202_C_R_2024_02_20_18_12_34_Kentucky.ndpi.ndpa,200,pol,19853288,676843,11518,416777265.6718561
D3202_C_R_2024_02_20_18_12_34_Kentucky.ndpi.ndpa,201,pol,19815310,698545,7494,176431956.5229383
D3202_C_R_2024_02_20_18_12_34_Kentucky.ndpi.ndpa,202,pol,19746476,652259,9485,282634089.9385528
D3202_C_R_2024_02_20_18_12_34_Kentucky.ndpi.ndpa,203,din,19614060,641409,24104,1825274178.4605823
D3202_C_R_2024_02_20_18_12_34_Kentucky.ndpi.ndpa,204,paly,19392468,658533,14644,673704290.4039098
D3202_C_R_2024_02_20_18_12_34_Kentucky.ndpi.ndpa,205,pol,19360932,663110,15792,783473196.4812583
D3202_C_R_2024_02_20_18_12_34_Kentucky.ndpi.ndpa,206,din,19292776,696341,21585,1463706423.2776747
D3202_C_R_2024_02_20_18_12_34_Kentucky.ndpi.ndpa,207,pol,19224114,720416,7777,190008955.50280875
D3202_C_R_2024_02_20_18_12_34_Kentucky.ndpi.ndpa,208,pol,19290064,650734,10177,325378926.30893147
D3202_C_R_2024_02_20_18_12_34_Kentucky.ndpi.ndpa,209,pol,19258360,661923,11770,435213940.92048943
D3202_C_R_2024_02_20_18_12_34_Kentucky.ndpi.ndpa,210,paly,19265652,640222,23514,1737012326.6631854
D3202_C_R_2024_02_20_18_12_34_Kentucky.ndpi.ndpa,211,pol,19074576,697697,11758,434326956.21704555
D3202_C_R_2024_02_20_18_12_34_Kentucky.ndpi.ndpa,212,paly,18963014,629032,11979,450807364.8618812
D3202_C_R_2024_02_20_18_12_34_Kentucky.ndpi.ndpa,213,spo,18823650,681251,27145,2314885766.930109
D3202_C_R_2024_02_20_18_12_34_Kentucky.ndpi.ndpa,214,pol,18781096,646156,11114,388052653.5976942
D3202_C_R_2024_02_20_18_12_34_Kentucky.ndpi.ndpa,215,pol,18814156,718720,12580,497177143.62356776
D3202_C_R_2024_02_20_18_12_34_Kentucky.ndpi.ndpa,216,din,19632426,227001,25779,2087766889.5784402
D3202_C_R_2024_02_20_18_12_34_Kentucky.ndpi.ndpa,217,spo,19728966,189576,32788,3377378431.0904794
D3202_C_R_2024_02_20_18_12_34_Kentucky.ndpi.ndpa,218,din,19736656,66438,22064,1529390437.2134778
D3202_C_R_2024_02_20_18_12_34_Kentucky.ndpi.ndpa,219,pol,20200260,-790387,7567,179885989.99070558
D3202_C_R_2024_02_20_18_12_34_Kentucky.ndpi.ndpa,220,din,18771472,440702,38141,4570187556.663075
D3202_C_R_2024_02_20_18_12_34_Kentucky.ndpi.ndpa,221,din,18686914,584065,26148,2147963144.3342113
C_418114_W_Nassichuk_L_2025_01_14_16_15_48_Alaska.ndpi.ndpa,2,bipol,4834997,1192343,32753,3370171821.746667
C_418114_W_Nassichuk_L_2025_01_14_16_15_48_Alaska.ndpi.ndpa,3,pol,5001167,1219543,16158,820210038.4945413
C_418114_W_Nassichuk_L_2025_01_14_16_15_48_Alaska.ndpi.ndpa,4,pol,4892936,1230451,11850,441150294.3987127
C_418114_W_Nassichuk_L_2025_01_14_16_15_48_Alaska.ndpi.ndpa,5,pol,4925377,1205234,13003,531174230.9579889
C_418114_W_Nassichuk_L_2025_01_14_16_15_48_Alaska.ndpi.ndpa,6,pol,4902428,1255526,12253,471666182.91369104
C_418114_W_Nassichuk_L_2025_01_14_16_15_48_Alaska.ndpi.ndpa,7,pol,4873670,1267285,16729,879204363.8833462
C_418114_W_Nassichuk_L_2025_01_14_16_15_48_Alaska.ndpi.ndpa,8,pol,5019158,1240085,9884,306913043.6733977
C_418114_W_Nassichuk_L_2025_01_14_16_15_48_Alaska.ndpi.ndpa,9,pol,4921269,1265585,13606,581581798.2263695
C_418114_W_Nassichuk_L_2025_01_14_16_15_48_Alaska.ndpi.ndpa,10,pol,5375581,1254960,15613,765812749.0870665
C_418114_W_Nassichuk_L_2025_01_14_16_15_48_Alaska.ndpi.ndpa,11,pol,5398105,1257651,15166,722590048.1997429
C_418114_W_Nassichuk_L_2025_01_14_16_15_48_Alaska.ndpi.ndpa,12,bipol,5401788,1176193,29889,2806549088.7209907
C_418114_W_Nassichuk_L_2025_01_14_16_15_48_Alaska.ndpi.ndpa,13,pol,5386914,1188659,11638,425506872.0102391
C_418114_W_Nassichuk_L_2025_01_14_16_15_48_Alaska.ndpi.ndpa,14,pol,5444146,1175484,12474,488833940.61520565
C_418114_W_Nassichuk_L_2025_01_14_16_15_48_Alaska.ndpi.ndpa,15,pol,5450379,1177184,11421,409786961.26542854
C_418114_W_Nassichuk_L_2025_01_14_16_15_48_Alaska.ndpi.ndpa,16,paly,5411563,1151401,15942,798427491.6716111
C_418114_W_Nassichuk_L_2025_01_14_16_15_48_Alaska.ndpi.ndpa,17,pol,5562858,1257226,12390,482272485.5971417
C_418114_W_Nassichuk_L_2025_01_14_16_15_48_Alaska.ndpi.ndpa,18,pol,5853550,1212034,9251,268860644.02846074
C_418114_W_Nassichuk_L_2025_01_14_16_15_48_Alaska.ndpi.ndpa,19,pol,5842642,1254960,12753,510945515.8615242
C_418114_W_Nassichuk_L_2025_01_14_16_15_48_Alaska.ndpi.ndpa,20,pol,5896899,1193476,15017,708461467.2313111
C_418114_W_Nassichuk_L_2025_01_14_16_15_48_Alaska.ndpi.ndpa,21,pol,5882449,1266151,16676,873642284.0459083
C_418114_W_Nassichuk_L_2025_01_14_16_15_48_Alaska.ndpi.ndpa,22,pol,5854995,1281508,20204,1282403198.0090818
C_418114_W_Nassichuk_L_2025_01_14_16_15_48_Alaska.ndpi.ndpa,23,pol,6086188,1149474,17850,1000982105.2684139
C_418114_W_Nassichuk_L_2025_01_14_16_15_48_Alaska.ndpi.ndpa,24,pol,6079955,1174691,11536,418080938.65850157
C_418114_W_Nassichuk_L_2025_01_14_16_15_48_Alaska.ndpi.ndpa,25,pol,6263409,1248783,11235,396548239.5577187
C_418114_W_Nassichuk_L_2025_01_14_16_15_48_Alaska.ndpi.ndpa,26,pol,6445322,1283490,16030,807266475.6998215
C_418114_W_Nassichuk_L_2025_01_14_16_15_48_Alaska.ndpi.ndpa,27,pol,6374915,1338910,17998,1017649837.6584051
C_418114_W_Nassichuk_L_2025_01_14_16_15_48_Alaska.ndpi.ndpa,28,paly,6365560,1384669,13319,557305219.5355707
C_418114_W_Nassichuk_L_2025_01_14_16_15_48_Alaska.ndpi.ndpa,29,bipol,6068339,1347694,19498,1194345574.8669095
C_418114_W_Nassichuk_L_2025_01_14_16_15_48_Alaska.ndpi.ndpa,30,pol,6028957,1353219,9718,296690514.80691695
C_418114_W_Nassichuk_L_2025_01_14_16_15_48_Alaska.ndpi.ndpa,31,paly,5804564,1301510,18906,1122920938.0999796
C_418114_W_Nassichuk_L_2025_01_14_16_15_48_Alaska.ndpi.ndpa,32,pol,5852163,1338202,14128,627063100.0281017
C_418114_W_Nassichuk_L_2025_01_14_16_15_48_Alaska.ndpi.ndpa,33,paly,5884887,1296694,16133,817673909.2851145
C_418114_W_Nassichuk_L_2025_01_14_16_15_48_Alaska.ndpi.ndpa,34,paly,5760225,1340610,14602,669845371.6165406
C_418114_W_Nassichuk_L_2025_01_14_16_15_48_Alaska.ndpi.ndpa,35,paly,5670551,1376310,14475,658244164.23881
C_418114_W_Nassichuk_L_2025_01_14_16_15_48_Alaska.ndpi.ndpa,36,paly,5548439,1289610,19208,1159082014.144454
C_418114_W_Nassichuk_L_2025_01_14_16_15_48_Alaska.ndpi.ndpa,37,paly,5522514,1318794,13816,599673036.5131848
C_418114_W_Nassichuk_L_2025_01_14_16_15_48_Alaska.ndpi.ndpa,38,pol,5440491,1356335,11880,443386794.2088033
C_418114_W_Nassichuk_L_2025_01_14_16_15_48_Alaska.ndpi.ndpa,39,paly,5510048,1387502,19246,1163672672.6926973
C_418114_W_Nassichuk_L_2025_01_14_16_15_48_Alaska.ndpi.ndpa,40,paly,5466841,1296269,13927,609347486.2669129
C_418114_W_Nassichuk_L_2025_01_14_16_15_48_Alaska.ndpi.ndpa,41,pol,5402809,1309019,12985,529704644.1801221
C_418114_W_Nassichuk_L_2025_01_14_16_15_48_Alaska.ndpi.ndpa,42,pol,5404792,1339194,10886,372294424.84728783
C_418114_W_Nassichuk_L_2025_01_14_16_15_48_Alaska.ndpi.ndpa,43,pol,5410317,1324744,10438,342282312.7054612
C_418114_W_Nassichuk_L_2025_01_14_16_15_48_Alaska.ndpi.ndpa,44,paly,5381134,1317519,16973,905038585.0524993
C_418114_W_Nassichuk_L_2025_01_14_16_15_48_Alaska.ndpi.ndpa,45,paly,5382126,1339902,17290,939160588.3940125
C_418114_W_Nassichuk_L_2025_01_14_16_15_48_Alaska.ndpi.ndpa,46,paly,5371076,1272469,12094,459504534.2561159
C_418114_W_Nassichuk_L_2025_01_14_16_15_48_Alaska.ndpi.ndpa,47,pol,4988729,1369794,12044,455712946.0824984
C_418114_W_Nassichuk_L_2025_01_14_16_15_48_Alaska.ndpi.ndpa,48,bipol,4941980,1296836,35014,3851530377.200175
C_418114_W_Nassichuk_L_2025_01_14_16_15_48_Alaska.ndpi.ndpa,49,pol,4762636,1355486,13089,538223688.4124908
C_418114_W_Nassichuk_L_2025_01_14_16_15_48_Alaska.ndpi.ndpa,50,paly,4850468,1361719,20345,1300364968.12105
C_418114_W_Nassichuk_L_2025_01_14_16_15_48_Alaska.ndpi.ndpa,51,pol,4893816,1409460,14010,616632120.2058699
C_418114_W_Nassichuk_L_2025_01_14_16_15_48_Alaska.ndpi.ndpa,52,pol,4979381,1409885,12887,521739274.2370219
C_418114_W_Nassichuk_L_2025_01_14_16_15_48_Alaska.ndpi.ndpa,53,paly,5160003,1445162,14078,622632511.908744
C_418114_W_Nassichuk_L_2025_01_14_16_15_48_Alaska.ndpi.ndpa,54,pol,5295625,1443573,15097,716029940.9249274
C_418114_W_Nassichuk_L_2025_01_14_16_15_48_Alaska.ndpi.ndpa,55,paly,5236689,1414170,16134,817775279.0552679
C_418114_W_Nassichuk_L_2025_01_14_16_15_48_Alaska.ndpi.ndpa,56,pol,5397739,1466486,9568,287602201.41934705
C_418114_W_Nassichuk_L_2025_01_14_16_15_48_Alaska.ndpi.ndpa,57,paly,5382509,1425958,15681,772498033.1211643
C_418114_W_Nassichuk_L_2025_01_14_16_15_48_Alaska.ndpi.ndpa,58,paly,5514289,1417746,14141,628217625.903518
C_418114_W_Nassichuk_L_2025_01_14_16_15_48_Alaska.ndpi.ndpa,59,pol,5647528,1451784,13025,532973157.1769169
C_418114_W_Nassichuk_L_2025_01_14_16_15_48_Alaska.ndpi.ndpa,60,paly,5642230,1470459,14690,677943442.4333284
C_418114_W_Nassichuk_L_2025_01_14_16_15_48_Alaska.ndpi.ndpa,61,paly,5721032,1451387,17662,980008028.465329
C_418114_W_Nassichuk_L_2025_01_14_16_15_48_Alaska.ndpi.ndpa,62,paly,5812154,1475359,14348,646744298.3568988
C_418114_W_Nassichuk_L_2025_01_14_16_15_48_Alaska.ndpi.ndpa,63,paly,6120482,1426620,15228,728510153.3607619
C_418114_W_Nassichuk_L_2025_01_14_16_15_48_Alaska.ndpi.ndpa,64,paly,6375436,1551649,16045,808777974.4652798
C_418114_W_Nassichuk_L_2025_01_14_16_15_48_Alaska.ndpi.ndpa,65,pol,6361000,1576283,13863,603759975.2369442
C_418114_W_Nassichuk_L_2025_01_14_16_15_48_Alaska.ndpi.ndpa,66,spo,5975059,1557476,13620,582779260.2485824
C_418114_W_Nassichuk_L_2025_01_14_16_15_48_Alaska.ndpi.ndpa,67,pol,5962478,1570323,14609,670487755.0575687
C_418114_W_Nassichuk_L_2025_01_14_16_15_48_Alaska.ndpi.ndpa,68,pol,5591902,1534828,10983,378958663.35219926
C_418114_W_Nassichuk_L_2025_01_14_16_15_48_Alaska.ndpi.ndpa,69,paly,5595875,1572045,14365,648277775.7045616
C_418114_W_Nassichuk_L_2025_01_14_16_15_48_Alaska.ndpi.ndpa,70,din,5226094,1527014,19112,1147524974.41784
C_418114_W_Nassichuk_L_2025_01_14_16_15_48_Alaska.ndpi.ndpa,71,paly,5204374,1558536,13690,588785042.92445
C_418114_W_Nassichuk_L_2025_01_14_16_15_48_Alaska.ndpi.ndpa,72,pol,5102525,1495757,11390,407565412.2947764
C_418114_W_Nassichuk_L_2025_01_14_16_15_48_Alaska.ndpi.ndpa,73,pol,5054977,1503174,12087,458972766.29242074
C_418114_W_Nassichuk_L_2025_01_14_16_15_48_Alaska.ndpi.ndpa,74,paly,5014847,1552841,18909,1123277336.078566
C_418114_W_Nassichuk_L_2025_01_14_16_15_48_Alaska.ndpi.ndpa,75,paly,4950877,1566880,9131,261930793.28946623
C_418114_W_Nassichuk_L_2025_01_14_16_15_48_Alaska.ndpi.ndpa,76,pol,4989814,1471255,10873,371405771.95814484
C_418114_W_Nassichuk_L_2025_01_14_16_15_48_Alaska.ndpi.ndpa,77,spo,4879624,1497214,14295,641975112.5229298
C_418114_W_Nassichuk_L_2025_01_14_16_15_48_Alaska.ndpi.ndpa,78,pol,5025839,1606085,10947,376478438.7840432
C_418114_W_Nassichuk_L_2025_01_14_16_15_48_Alaska.ndpi.ndpa,79,pol,5013389,1595224,12906,523278865.1239887
C_418114_W_Nassichuk_L_2025_01_14_16_15_48_Alaska.ndpi.ndpa,80,pol,5034846,1650056,15895,793726604.0619311
C_418114_W_Nassichuk_L_2025_01_14_16_15_48_Alaska.ndpi.ndpa,81,paly,5127821,1601449,17670,980896018.4784222
C_418114_W_Nassichuk_L_2025_01_14_16_15_48_Alaska.ndpi.ndpa,82,pol,5172983,1640785,10925,374966754.66461825
C_418114_W_Nassichuk_L_2025_01_14_16_15_48_Alaska.ndpi.ndpa,83,pol,5111266,1638004,10763,363928907.10630727
C_418114_W_Nassichuk_L_2025_01_14_16_15_48_Alaska.ndpi.ndpa,84,pol,5627130,1597741,12367,480483628.18266845
C_418114_W_Nassichuk_L_2025_01_14_16_15_48_Alaska.ndpi.ndpa,85,pol,5543958,1622640,9176,264518884.4413833
C_418114_W_Nassichuk_L_2025_01_14_16_15_48_Alaska.ndpi.ndpa,86,pol,5982610,1588735,13969,613028276.7508236
C_418114_W_Nassichuk_L_2025_01_14_16_15_48_Alaska.ndpi.ndpa,87,paly,6237829,1656414,19407,1183223221.6078095
C_418114_W_Nassichuk_L_2025_01_14_16_15_48_Alaska.ndpi.ndpa,88,pol,6348152,1665817,15813,785558287.233409
C_418114_W_Nassichuk_L_2025_01_14_16_15_48_Alaska.ndpi.ndpa,89,pol,6304579,1639328,13244,551046460.1112728
C_418114_W_Nassichuk_L_2025_01_14_16_15_48_Alaska.ndpi.ndpa,90,pol,6445101,1587940,13302,555883469.7890401
C_418114_W_Nassichuk_L_2025_01_14_16_15_48_Alaska.ndpi.ndpa,91,pol,6393581,1716148,20634,1337570633.1476207
C_418114_W_Nassichuk_L_2025_01_14_16_15_48_Alaska.ndpi.ndpa,92,paly,6435962,1771642,20014,1258396969.0740876
C_418114_W_Nassichuk_L_2025_01_14_16_15_48_Alaska.ndpi.ndpa,93,pol,6153596,1694692,14576,667462071.464933
C_418114_W_Nassichuk_L_2025_01_14_16_15_48_Alaska.ndpi.ndpa,94,pol,6115847,1762106,13741,593180071.3565618
C_418114_W_Nassichuk_L_2025_01_14_16_15_48_Alaska.ndpi.ndpa,95,pol,6095848,1754424,8710,238334099.2312014
C_418114_W_Nassichuk_L_2025_01_14_16_15_48_Alaska.ndpi.ndpa,96,pol,6010954,1698003,10623,354522853.0377533
C_418114_W_Nassichuk_L_2025_01_14_16_15_48_Alaska.ndpi.ndpa,97,pol,5914799,1765417,10382,338619466.99878776
C_418114_W_Nassichuk_L_2025_01_14_16_15_48_Alaska.ndpi.ndpa,98,pol,5620244,1718929,16354,840229372.7238295
C_418114_W_Nassichuk_L_2025_01_14_16_15_48_Alaska.ndpi.ndpa,99,pol,5570271,1751461,14294,641885297.5305563
C_418114_W_Nassichuk_L_2025_01_14_16_15_48_Alaska.ndpi.ndpa,100,paly,5542060,1741263,13700,589645525.1522683
C_418114_W_Nassichuk_L_2025_01_14_16_15_48_Alaska.ndpi.ndpa,101,pol,5398095,1754772,17632,976681647.3318552
C_418114_W_Nassichuk_L_2025_01_14_16_15_48_Alaska.ndpi.ndpa,102,pol,5448953,1743515,9832,303692182.35397255
C_418114_W_Nassichuk_L_2025_01_14_16_15_48_Alaska.ndpi.ndpa,103,paly,5464051,1710139,14701,678959122.4798266
C_418114_W_Nassichuk_L_2025_01_14_16_15_48_Alaska.ndpi.ndpa,104,pol,5222606,1717026,11628,424775949.0634549
C_418114_W_Nassichuk_L_2025_01_14_16_15_48_Alaska.ndpi.ndpa,105,pol,5171219,1783645,11216,395208133.5210695
C_418114_W_Nassichuk_L_2025_01_14_16_15_48_Alaska.ndpi.ndpa,106,paly,5093741,1717423,13984,614345530.8425106
C_418114_W_Nassichuk_L_2025_01_14_16_15_48_Alaska.ndpi.ndpa,107,pol,4680783,1797024,12356,479629262.6357468
C_418114_W_Nassichuk_L_2025_01_14_16_15_48_Alaska.ndpi.ndpa,108,pol,4622774,1885496,17378,948744908.9961017
C_418114_W_Nassichuk_L_2025_01_14_16_15_48_Alaska.ndpi.ndpa,109,pol,4910571,1805103,14853,693071810.1310239
C_418114_W_Nassichuk_L_2025_01_14_16_15_48_Alaska.ndpi.ndpa,110,pol,4889645,1882053,16060,810290886.9474324
C_418114_W_Nassichuk_L_2025_01_14_16_15_48_Alaska.ndpi.ndpa,111,pol,4903816,1900198,11781,436027805.0549211
C_418114_W_Nassichuk_L_2025_01_14_16_15_48_Alaska.ndpi.ndpa,112,pol,5191085,1819804,11431,410504878.01862687
C_418114_W_Nassichuk_L_2025_01_14_16_15_48_Alaska.ndpi.ndpa,113,pol,5117051,1827751,15322,737531864.9840757
C_418114_W_Nassichuk_L_2025_01_14_16_15_48_Alaska.ndpi.ndpa,114,pol,5148704,1860994,16582,863820873.729438
C_418114_W_Nassichuk_L_2025_01_14_16_15_48_Alaska.ndpi.ndpa,115,pol,5280750,1888277,9689,294922417.03669864
C_418114_W_Nassichuk_L_2025_01_14_16_15_48_Alaska.ndpi.ndpa,116,pol,5288829,1812255,12609,499472017.36675465
C_418114_W_Nassichuk_L_2025_01_14_16_15_48_Alaska.ndpi.ndpa,117,paly,5337435,1805500,16866,893663591.195383
C_418114_W_Nassichuk_L_2025_01_14_16_15_48_Alaska.ndpi.ndpa,118,bipol,5276247,1783779,26384,2186911202.619909
C_418114_W_Nassichuk_L_2025_01_14_16_15_48_Alaska.ndpi.ndpa,119,paly,5550536,1831724,20313,1296277580.149541
C_418114_W_Nassichuk_L_2025_01_14_16_15_48_Alaska.ndpi.ndpa,120,pol,5580335,1812255,12323,477070727.58751464
C_418114_W_Nassichuk_L_2025_01_14_16_15_48_Alaska.ndpi.ndpa,121,pol,5768406,1839141,15581,762676786.1675119
C_418114_W_Nassichuk_L_2025_01_14_16_15_48_Alaska.ndpi.ndpa,122,pol,5914094,1879006,11076,385403599.84033424
C_418114_W_Nassichuk_L_2025_01_14_16_15_48_Alaska.ndpi.ndpa,123,pol,6014618,1804970,11257,398102775.0009386
C_418114_W_Nassichuk_L_2025_01_14_16_15_48_Alaska.ndpi.ndpa,124,pol,6002566,1848942,9314,272535035.0881361
C_418114_W_Nassichuk_L_2025_01_14_16_15_48_Alaska.ndpi.ndpa,125,pol,6030644,1879536,12000,452389342.1169302
C_418114_W_Nassichuk_L_2025_01_14_16_15_48_Alaska.ndpi.ndpa,126,pol,6093950,1867616,12159,464457082.2869043
C_418114_W_Nassichuk_L_2025_01_14_16_15_48_Alaska.ndpi.ndpa,127,pol,6091833,1877814,11519,416849638.54181683
C_418114_W_Nassichuk_L_2025_01_14_16_15_48_Alaska.ndpi.ndpa,128,pol,6332746,1843644,16365,841360060.1941903
C_418114_W_Nassichuk_L_2025_01_14_16_15_48_Alaska.ndpi.ndpa,129,pol,6296192,1824837,13887,605852275.9442351
C_418114_W_Nassichuk_L_2025_01_14_16_15_48_Alaska.ndpi.ndpa,130,paly,6232886,1822850,17558,968500751.5663481
C_418114_W_Nassichuk_L_2025_01_14_16_15_48_Alaska.ndpi.ndpa,131,pol,6431284,1935827,10632,355123824.0044218
C_418114_W_Nassichuk_L_2025_01_14_16_15_48_Alaska.ndpi.ndpa,132,pol,6156199,1955429,18907,1123039731.1429899
C_418114_W_Nassichuk_L_2025_01_14_16_15_48_Alaska.ndpi.ndpa,133,pol,6074879,1891988,11057,384082475.3064981
C_418114_W_Nassichuk_L_2025_01_14_16_15_48_Alaska.ndpi.ndpa,134,paly,6071700,1919272,20263,1289903916.973938
C_418114_W_Nassichuk_L_2025_01_14_16_15_48_Alaska.ndpi.ndpa,135,paly,6036868,1931191,16555,861010093.9238638
C_418114_W_Nassichuk_L_2025_01_14_16_15_48_Alaska.ndpi.ndpa,136,din,5852243,1956356,20242,1287231662.5548313
C_418114_W_Nassichuk_L_2025_01_14_16_15_48_Alaska.ndpi.ndpa,137,paly,5799795,1933575,20368,1303306752.3402789
C_418114_W_Nassichuk_L_2025_01_14_16_15_48_Alaska.ndpi.ndpa,138,pol,5706556,1947747,13556,577315201.2435292
C_418114_W_Nassichuk_L_2025_01_14_16_15_48_Alaska.ndpi.ndpa,139,bipol,5747612,1902054,27066,2301431365.461952
C_418114_W_Nassichuk_L_2025_01_14_16_15_48_Alaska.ndpi.ndpa,140,paly,5634639,1983242,13896,606637821.7624872
C_418114_W_Nassichuk_L_2025_01_14_16_15_48_Alaska.ndpi.ndpa,141,paly,5495175,1917020,15920,796225348.3187802
C_418114_W_Nassichuk_L_2025_01_14_16_15_48_Alaska.ndpi.ndpa,142,pol,5337701,1940198,17635,977014030.9761976
C_418114_W_Nassichuk_L_2025_01_14_16_15_48_Alaska.ndpi.ndpa,143,pol,5221152,1982977,15937,797926737.5105921
C_418114_W_Nassichuk_L_2025_01_14_16_15_48_Alaska.ndpi.ndpa,144,pol,5163141,1935165,13749,593870970.4129392
C_418114_W_Nassichuk_L_2025_01_14_16_15_48_Alaska.ndpi.ndpa,145,pol,5118111,1989202,13982,614169815.28221
C_418114_W_Nassichuk_L_2025_01_14_16_15_48_Alaska.ndpi.ndpa,146,pol,5169631,1987877,16589,864550342.1188235
C_418114_W_Nassichuk_L_2025_01_14_16_15_48_Alaska.ndpi.ndpa,147,paly,5237573,1958342,15069,713376400.973258
C_418114_W_Nassichuk_L_2025_01_14_16_15_48_Alaska.ndpi.ndpa,148,pol,5056921,1956621,13561,577741154.0834662
C_418114_W_Nassichuk_L_2025_01_14_16_15_48_Alaska.ndpi.ndpa,149,pol,4926596,1935165,13392,563431020.4755834
C_418114_W_Nassichuk_L_2025_01_14_16_15_48_Alaska.ndpi.ndpa,150,pol,4914676,1981520,16125,816863177.3185586
C_418114_W_Nassichuk_L_2025_01_14_16_15_48_Alaska.ndpi.ndpa,151,pol,4616417,2040195,14178,631509396.1107273
C_418114_W_Nassichuk_L_2025_01_14_16_15_48_Alaska.ndpi.ndpa,152,paly,4743957,2106682,14328,644942532.138212
C_418114_W_Nassichuk_L_2025_01_14_16_15_48_Alaska.ndpi.ndpa,153,pol,4831633,2103503,16674,873432739.8159138
C_418114_W_Nassichuk_L_2025_01_14_16_15_48_Alaska.ndpi.ndpa,154,paly,4786073,2109463,21971,1516524814.190901
C_418114_W_Nassichuk_L_2025_01_14_16_15_48_Alaska.ndpi.ndpa,155,pol,4953085,2047082,16033,807568662.3555776
C_418114_W_Nassichuk_L_2025_01_14_16_15_48_Alaska.ndpi.ndpa,156,bipol,4954807,2087080,32374,3292627472.446287
C_418114_W_Nassichuk_L_2025_01_14_16_15_48_Alaska.ndpi.ndpa,157,pol,4987520,2001786,9454,280789632.61729634
C_418114_W_Nassichuk_L_2025_01_14_16_15_48_Alaska.ndpi.ndpa,158,pol,5156254,2058472,16510,856335639.6747712
C_418114_W_Nassichuk_L_2025_01_14_16_15_48_Alaska.ndpi.ndpa,159,paly,5390678,2081120,21224,1415156096.4710581
C_418114_W_Nassichuk_L_2025_01_14_16_15_48_Alaska.ndpi.ndpa,160,pol,5512923,2045095,12526,492918011.0648724
C_418114_W_Nassichuk_L_2025_01_14_16_15_48_Alaska.ndpi.ndpa,161,din,5762447,1990661,17382,949181716.0386568
C_418114_W_Nassichuk_L_2025_01_14_16_15_48_Alaska.ndpi.ndpa,162,paly,5916081,2021123,17989,1016632329.2049825
C_418114_W_Nassichuk_L_2025_01_14_16_15_48_Alaska.ndpi.ndpa,163,pol,6106534,2010130,15486,753404799.56545
C_418114_W_Nassichuk_L_2025_01_14_16_15_48_Alaska.ndpi.ndpa,164,pol,6132227,2014898,16486,853847799.8860228
C_418114_W_Nassichuk_L_2025_01_14_16_15_48_Alaska.ndpi.ndpa,165,paly,6156729,2022845,11601,422805595.5581985
C_418114_W_Nassichuk_L_2025_01_14_16_15_48_Alaska.ndpi.ndpa,166,pol,6258975,2049863,14037,619011150.9330612
C_418114_W_Nassichuk_L_2025_01_14_16_15_48_Alaska.ndpi.ndpa,167,paly,6212489,2098603,13286,554547011.1414617
C_418114_W_Nassichuk_L_2025_01_14_16_15_48_Alaska.ndpi.ndpa,168,paly,6457110,2091053,17455,957171103.4575937
C_418114_W_Nassichuk_L_2025_01_14_16_15_48_Alaska.ndpi.ndpa,169,pol,6392744,2125093,14198,633292312.7734926
C_418114_W_Nassichuk_L_2025_01_14_16_15_48_Alaska.ndpi.ndpa,170,din,6341089,2165886,17926,1009524020.2953008
C_418114_W_Nassichuk_L_2025_01_14_16_15_48_Alaska.ndpi.ndpa,171,pol,6275001,2155158,12140,463006668.64900225
C_418114_W_Nassichuk_L_2025_01_14_16_15_48_Alaska.ndpi.ndpa,172,bipol,6248116,2184428,32831,3386242802.328923
C_418114_W_Nassichuk_L_2025_01_14_16_15_48_Alaska.ndpi.ndpa,173,paly,6280167,2114895,13733,592489574.4240439
C_418114_W_Nassichuk_L_2025_01_14_16_15_48_Alaska.ndpi.ndpa,174,pol,6195799,2133967,11043,383110466.5394774
C_418114_W_Nassichuk_L_2025_01_14_16_15_48_Alaska.ndpi.ndpa,175,pol,6145472,2157807,12972,528644542.01350206
C_418114_W_Nassichuk_L_2025_01_14_16_15_48_Alaska.ndpi.ndpa,176,paly,6161365,2144960,15774,781688181.2346004
C_418114_W_Nassichuk_L_2025_01_14_16_15_48_Alaska.ndpi.ndpa,177,pol,5964553,2181779,14342,646203504.5975097
C_418114_W_Nassichuk_L_2025_01_14_16_15_48_Alaska.ndpi.ndpa,178,paly,5851293,2133411,21867,1502201815.7611017
C_418114_W_Nassichuk_L_2025_01_14_16_15_48_Alaska.ndpi.ndpa,179,pol,5769623,2190278,13518,574083093.0224042
C_418114_W_Nassichuk_L_2025_01_14_16_15_48_Alaska.ndpi.ndpa,180,pol,5786247,2191069,21274,1421831666.700671
C_418114_W_Nassichuk_L_2025_01_14_16_15_48_Alaska.ndpi.ndpa,181,pol,5801552,2219436,17988,1016519304.1260843
C_418114_W_Nassichuk_L_2025_01_14_16_15_48_Alaska.ndpi.ndpa,182,paly,5545454,2141459,17217,931246881.9421006
C_418114_W_Nassichuk_L_2025_01_14_16_15_48_Alaska.ndpi.ndpa,183,pol,5407843,2114015,16108,815141707.0665048
C_418114_W_Nassichuk_L_2025_01_14_16_15_48_Alaska.ndpi.ndpa,184,pol,5399399,2164681,13394,563599321.8772216
C_418114_W_Nassichuk_L_2025_01_14_16_15_48_Alaska.ndpi.ndpa,185,pol,5281706,2174972,14014,616984280.1759667
C_418114_W_Nassichuk_L_2025_01_14_16_15_48_Alaska.ndpi.ndpa,186,pol,5288171,2151223,13512,573573589.525845
C_418114_W_Nassichuk_L_2025_01_14_16_15_48_Alaska.ndpi.ndpa,187,pol,5194496,2117314,11224,395772112.23424196
C_418114_W_Nassichuk_L_2025_01_14_16_15_48_Alaska.ndpi.ndpa,188,paly,5292789,2100294,13279,553962816.2795634
C_418114_W_Nassichuk_L_2025_01_14_16_15_48_Alaska.ndpi.ndpa,189,pol,5012820,2176159,10406,340186845.27277553
C_418114_W_Nassichuk_L_2025_01_14_16_15_48_Alaska.ndpi.ndpa,190,pol,5067574,2150167,14103,624845842.4730144
C_418114_W_Nassichuk_L_2025_01_14_16_15_48_Alaska.ndpi.ndpa,191,paly,5057679,2182097,15531,757789724.6355877
C_418114_W_Nassichuk_L_2025_01_14_16_15_48_Alaska.ndpi.ndpa,192,paly,4778767,2136445,18052,1023765576.0771483
C_418114_W_Nassichuk_L_2025_01_14_16_15_48_Alaska.ndpi.ndpa,193,paly,4907274,2153730,12753,510945515.8615242
C_418114_W_Nassichuk_L_2025_01_14_16_15_48_Alaska.ndpi.ndpa,194,pol,4701322,2178138,15582,762774687.6193758
C_418114_W_Nassichuk_L_2025_01_14_16_15_48_Alaska.ndpi.ndpa,195,paly,4702905,2255456,14407,652074151.6653832
C_418114_W_Nassichuk_L_2025_01_14_16_15_48_Alaska.ndpi.ndpa,196,pol,4849749,2300051,10912,374074916.2005245
C_418114_W_Nassichuk_L_2025_01_14_16_15_48_Alaska.ndpi.ndpa,197,pol,4930098,2289364,9445,280255275.9812546
C_418114_W_Nassichuk_L_2025_01_14_16_15_48_Alaska.ndpi.ndpa,198,paly,4920730,2251497,22128,1538275766.016514
C_418114_W_Nassichuk_L_2025_01_14_16_15_48_Alaska.ndpi.ndpa,199,paly,5158214,2218776,13472,570182680.0792663
C_418114_W_Nassichuk_L_2025_01_14_16_15_48_Alaska.ndpi.ndpa,200,pol,5476845,2259942,17162,925306617.1810236
C_418114_W_Nassichuk_L_2025_01_14_16_15_48_Alaska.ndpi.ndpa,201,pol,5398078,2290288,14883,695874362.1054382
C_418114_W_Nassichuk_L_2025_01_14_16_15_48_Alaska.ndpi.ndpa,202,paly,5446895,2291211,17187,928004381.3324775
C_418114_W_Nassichuk_L_2025_01_14_16_15_48_Alaska.ndpi.ndpa,203,pol,5422355,2245956,14391,650626606.301574
C_418114_W_Nassichuk_L_2025_01_14_16_15_48_Alaska.ndpi.ndpa,204,pol,5492677,2278677,10017,315228314.78147674
C_418114_W_Nassichuk_L_2025_01_14_16_15_48_Alaska.ndpi.ndpa,205,din,5606388,2312807,19789,1230261886.28615
C_418114_W_Nassichuk_L_2025_01_14_16_15_48_Alaska.ndpi.ndpa,206,pol,5776954,2252709,15535,758180111.5050933
C_418114_W_Nassichuk_L_2025_01_14_16_15_48_Alaska.ndpi.ndpa,207,pol,5805235,2256244,13577,579105258.7463961
C_418114_W_Nassichuk_L_2025_01_14_16_15_48_Alaska.ndpi.ndpa,208,pol,5919094,2232972,16095,813826513.8595986
C_418114_W_Nassichuk_L_2025_01_14_16_15_48_Alaska.ndpi.ndpa,209,pol,5966817,2238421,11683,428803800.7125856
C_418114_W_Nassichuk_L_2025_01_14_16_15_48_Alaska.ndpi.ndpa,210,pol,6180682,2302496,15109,717168680.2972593
C_418114_W_Nassichuk_L_2025_01_14_16_15_48_Alaska.ndpi.ndpa,211,pol,6208521,2290270,12990,530112658.52600706
C_418114_W_Nassichuk_L_2025_01_14_16_15_48_Alaska.ndpi.ndpa,212,pol,6421791,2236801,11934,447426744.131243
C_418114_W_Nassichuk_L_2025_01_14_16_15_48_Alaska.ndpi.ndpa,213,pol,6437846,2288650,19037,1138536328.0572054
C_418114_W_Nassichuk_L_2025_01_14_16_15_48_Alaska.ndpi.ndpa,214,pol,6398813,2304116,16286,833256544.9973339
C_418114_W_Nassichuk_L_2025_01_14_16_15_48_Alaska.ndpi.ndpa,215,bipol,6423264,2297635,32089,3234910273.5862045
C_418114_W_Nassichuk_L_2025_01_14_16_15_48_Alaska.ndpi.ndpa,216,pol,6422380,2266997,13777,596292283.8356551
C_418114_W_Nassichuk_L_2025_01_14_16_15_48_Alaska.ndpi.ndpa,217,pol,6400139,2277455,14912,698588870.9457358
C_418114_W_Nassichuk_L_2025_01_14_16_15_48_Alaska.ndpi.ndpa,218,pol,6291436,2337101,14312,643502928.7206309
C_418114_W_Nassichuk_L_2025_01_14_16_15_48_Alaska.ndpi.ndpa,219,pol,6373184,2364793,17289,939051955.261644
C_418114_W_Nassichuk_L_2025_01_14_16_15_48_Alaska.ndpi.ndpa,220,pol,6404263,2413106,15297,735127054.347569
C_418114_W_Nassichuk_L_2025_01_14_16_15_48_Alaska.ndpi.ndpa,221,pol,6322515,2442713,14970,704033741.1028609
C_418114_W_Nassichuk_L_2025_01_14_16_15_48_Alaska.ndpi.ndpa,222,paly,6337391,2422680,19015,1135906362.6168087
C_418114_W_Nassichuk_L_2025_01_14_16_15_48_Alaska.ndpi.ndpa,223,pol,6214852,2350799,13072,536826505.92051136
C_418114_W_Nassichuk_L_2025_01_14_16_15_48_Alaska.ndpi.ndpa,224,paly,5645274,2343287,18171,1037307527.4493754
C_418114_W_Nassichuk_L_2025_01_14_16_15_48_Alaska.ndpi.ndpa,225,paly,5398555,2361110,21296,1424773893.884464
C_418114_W_Nassichuk_L_2025_01_14_16_15_48_Alaska.ndpi.ndpa,226,pol,5405478,2417967,18539,1079748182.252663
C_418114_W_Nassichuk_L_2025_01_14_16_15_48_Alaska.ndpi.ndpa,227,pol,5481776,2431960,18122,1031720654.1627153
C_418114_W_Nassichuk_L_2025_01_14_16_15_48_Alaska.ndpi.ndpa,228,paly,5252881,2366855,24129,1829062389.4220972
C_418114_W_Nassichuk_L_2025_01_14_16_15_48_Alaska.ndpi.ndpa,229,paly,5107354,2375103,16011,805353940.0657617
C_418114_W_Nassichuk_L_2025_01_14_16_15_48_Alaska.ndpi.ndpa,230,pol,5068174,2437999,15050,711578590.0197221
C_418114_W_Nassichuk_L_2025_01_14_16_15_48_Alaska.ndpi.ndpa,231,pol,5051677,2422386,13042,534365319.403836
C_418114_W_Nassichuk_L_2025_01_14_16_15_48_Alaska.ndpi.ndpa,232,pol,4866969,2320898,12313,476296764.82137626
C_418114_W_Nassichuk_L_2025_01_14_16_15_48_Alaska.ndpi.ndpa,233,pol,4850178,2421649,13840,601758249.7874491
C_418114_W_Nassichuk_L_2025_01_14_16_15_48_Alaska.ndpi.ndpa,234,pol,4738676,2361110,17200,929408770.6380044
C_418114_W_Nassichuk_L_2025_01_14_16_15_48_Alaska.ndpi.ndpa,235,pol,4708922,2599721,13148,543086820.4331728
C_418114_W_Nassichuk_L_2025_01_14_16_15_48_Alaska.ndpi.ndpa,236,pol,4858426,2510165,18877,1119478673.038293
C_418114_W_Nassichuk_L_2025_01_14_16_15_48_Alaska.ndpi.ndpa,237,paly,4931042,2575270,17005,908454426.1783768
C_418114_W_Nassichuk_L_2025_01_14_16_15_48_Alaska.ndpi.ndpa,238,pol,4922057,2462883,15429,747868826.3629634
C_418114_W_Nassichuk_L_2025_01_14_16_15_48_Alaska.ndpi.ndpa,239,pol,5480745,2550083,12465,488128807.0025148
C_418114_W_Nassichuk_L_2025_01_14_16_15_48_Alaska.ndpi.ndpa,240,pol,5919241,2506925,19079,1143565615.7717428
C_418114_W_Nassichuk_L_2025_01_14_16_15_48_Alaska.ndpi.ndpa,241,paly,5927784,2485861,11071,385055715.57783896
C_418114_W_Nassichuk_L_2025_01_14_16_15_48_Alaska.ndpi.ndpa,242,paly,6003199,2468480,20598,1332907403.8090794
C_418114_W_Nassichuk_L_2025_01_14_16_15_48_Alaska.ndpi.ndpa,243,spo,6241365,2557153,13469,569928767.1362252
C_418114_W_Nassichuk_L_2025_01_14_16_15_48_Alaska.ndpi.ndpa,244,pol,6385419,2502506,14802,688320449.6937714
C_418114_W_Nassichuk_L_2025_01_14_16_15_48_Alaska.ndpi.ndpa,245,pol,6299988,2569673,11761,434548617.56990486
C_418114_W_Nassichuk_L_2025_01_14_16_15_48_Alaska.ndpi.ndpa,246,pol,6300135,2528136,25156,1988076284.990439
C_418114_W_Nassichuk_L_2025_01_14_16_15_48_Alaska.ndpi.ndpa,247,pol,6280712,2502547,12416,484298674.62863034
C_418114_W_Nassichuk_L_2025_01_14_16_15_48_Alaska.ndpi.ndpa,248,paly,6297892,2476474,18624,1089672017.9144182
C_418114_W_Nassichuk_L_2025_01_14_16_15_48_Alaska.ndpi.ndpa,249,pol,6380850,2672759,14856,693351810.8594604
C_418114_W_Nassichuk_L_2025_01_14_16_15_48_Alaska.ndpi.ndpa,250,bipol,6376258,2639871,35057,3860996162.3698516
C_418114_W_Nassichuk_L_2025_01_14_16_15_48_Alaska.ndpi.ndpa,251,pol,6301891,2610391,13435,567055039.2386512
C_418114_W_Nassichuk_L_2025_01_14_16_15_48_Alaska.ndpi.ndpa,252,paly,6354486,2696462,14865,694192152.3367765
C_418114_W_Nassichuk_L_2025_01_14_16_15_48_Alaska.ndpi.ndpa,253,paly,6062654,2688166,16536,859034883.5163649
C_418114_W_Nassichuk_L_2025_01_14_16_15_48_Alaska.ndpi.ndpa,254,pol,5622222,2626390,16231,827638010.739911
C_418114_W_Nassichuk_L_2025_01_14_16_15_48_Alaska.ndpi.ndpa,255,pol,5503117,2681352,14352,647104953.1935308
C_418114_W_Nassichuk_L_2025_01_14_16_15_48_Alaska.ndpi.ndpa,256,pol,5328307,2646982,12734,509424190.1942454
C_418114_W_Nassichuk_L_2025_01_14_16_15_48_Alaska.ndpi.ndpa,257,pol,5198829,2687425,14509,661340065.5688459
C_418114_W_Nassichuk_L_2025_01_14_16_15_48_Alaska.ndpi.ndpa,258,pol,5083723,2671426,15795,783770896.9427052
C_418114_W_Nassichuk_L_2025_01_14_16_15_48_Alaska.ndpi.ndpa,259,pol,5059725,2613205,12605,499155168.8980842
C_418114_W_Nassichuk_L_2025_01_14_16_15_48_Alaska.ndpi.ndpa,260,pol,5043429,2650538,16981,905891942.1481792
C_418114_W_Nassichuk_L_2025_01_14_16_15_48_Alaska.ndpi.ndpa,261,pol,4713675,2656463,15226,728318805.235417
D3202_C_L_2024_02_20_12_31_51_Louisiana.ndpi.ndpa,2,pol,4653417,9466277,14127,626974334.3276745
D3202_C_L_2024_02_20_12_31_51_Louisiana.ndpi.ndpa,3,paly,4731336,9544425,12111,460797252.5091783
D3202_C_L_2024_02_20_12_31_51_Louisiana.ndpi.ndpa,4,pol,4972152,9520958,13401,564188574.7032921
D3202_C_L_2024_02_20_12_31_51_Louisiana.ndpi.ndpa,5,pol,5016807,9442354,11492,414897776.45091945
D3202_C_L_2024_02_20_12_31_51_Louisiana.ndpi.ndpa,6,pol,4906791,9399530,9383,276587981.7793837
D3202_C_L_2024_02_20_12_31_51_Louisiana.ndpi.ndpa,7,pol,4871432,9353087,12459,487659000.6707263
D3202_C_L_2024_02_20_12_31_51_Louisiana.ndpi.ndpa,8,pol,5215927,9459167,7677,185153938.21595109
D3202_C_L_2024_02_20_12_31_51_Louisiana.ndpi.ndpa,9,pol,5719788,9440828,10473,344581597.24473375
D3202_C_L_2024_02_20_12_31_51_Louisiana.ndpi.ndpa,10,pol,5786681,9428821,11184,392956239.9069764
D3202_C_L_2024_02_20_12_31_51_Louisiana.ndpi.ndpa,11,din,5847768,9395704,41209,5334995093.490366
D3202_C_L_2024_02_20_12_31_51_Louisiana.ndpi.ndpa,12,pol,6076020,9443862,10824,368065778.3037029
D3202_C_L_2024_02_20_12_31_51_Louisiana.ndpi.ndpa,13,spo,6242789,9503773,22456,1584217009.5491023
D3202_C_L_2024_02_20_12_31_51_Louisiana.ndpi.ndpa,14,pol,6319312,9568688,19381,1180054963.115776
D3202_C_L_2024_02_20_12_31_51_Louisiana.ndpi.ndpa,15,pol,6183285,9553119,16281,832744983.7575866
D3202_C_L_2024_02_20_12_31_51_Louisiana.ndpi.ndpa,16,pol,6115337,9560904,9624,290978634.40697795
D3202_C_L_2024_02_20_12_31_51_Louisiana.ndpi.ndpa,17,pol,6002267,9476725,10739,362307694.50060755
D3202_C_L_2024_02_20_12_31_51_Louisiana.ndpi.ndpa,18,pol,5993559,9478705,13809,599065531.0337968
D3202_C_L_2024_02_20_12_31_51_Louisiana.ndpi.ndpa,19,pol,5900411,9533988,11874,442939041.8574431
D3202_C_L_2024_02_20_12_31_51_Louisiana.ndpi.ndpa,20,pol,5877454,9548501,14161,629995893.009156
D3202_C_L_2024_02_20_12_31_51_Louisiana.ndpi.ndpa,21,pol,5862941,9556549,8886,248063284.95373303
D3202_C_L_2024_02_20_12_31_51_Louisiana.ndpi.ndpa,22,pol,5855552,9563278,10811,367182189.6619175
D3202_C_L_2024_02_20_12_31_51_Louisiana.ndpi.ndpa,23,pol,5070133,9521190,18557,1081845911.632059
D3202_C_L_2024_02_20_12_31_51_Louisiana.ndpi.ndpa,24,paly,4985468,9649027,41918,5520151274.803472
D3202_C_L_2024_02_20_12_31_51_Louisiana.ndpi.ndpa,25,din,5028438,9676811,37394,4392924306.449663
D3202_C_L_2024_02_20_12_31_51_Louisiana.ndpi.ndpa,26,din,4921569,9653473,32117,3240558128.3278637
D3202_C_L_2024_02_20_12_31_51_Louisiana.ndpi.ndpa,27,paly,5105667,9630876,22265,1557382433.0224152
D3202_C_L_2024_02_20_12_31_51_Louisiana.ndpi.ndpa,28,pol,5208647,9600500,16199,824377791.5477216
D3202_C_L_2024_02_20_12_31_51_Louisiana.ndpi.ndpa,29,pol,5132709,9709780,19918,1246353761.6011455
D3202_C_L_2024_02_20_12_31_51_Louisiana.ndpi.ndpa,30,pol,5346815,9577903,9389,276941825.6431428
D3202_C_L_2024_02_20_12_31_51_Louisiana.ndpi.ndpa,31,fun,5327923,9674774,13155,543665253.6141444
D3202_C_L_2024_02_20_12_31_51_Louisiana.ndpi.ndpa,32,pol,5686686,9667920,11528,417501277.11480236
D3202_C_L_2024_02_20_12_31_51_Louisiana.ndpi.ndpa,33,din,5818930,9721078,37424,4399975736.824352
D3202_C_L_2024_02_20_12_31_51_Louisiana.ndpi.ndpa,34,paly,5848009,9683664,13853,602889251.4170753
D3202_C_L_2024_02_20_12_31_51_Louisiana.ndpi.ndpa,35,pol,5958768,9716077,9626,291099585.7241412
D3202_C_L_2024_02_20_12_31_51_Louisiana.ndpi.ndpa,36,pol,5944322,9693851,7754,188886737.76624197
D3202_C_L_2024_02_20_12_31_51_Louisiana.ndpi.ndpa,37,spo,6173249,9664030,38186,4580978032.07425
D3202_C_L_2024_02_20_12_31_51_Louisiana.ndpi.ndpa,38,pol,6284748,9592905,12344,478698094.57322276
D3202_C_L_2024_02_20_12_31_51_Louisiana.ndpi.ndpa,39,pol,6252706,9743132,14178,631509396.1107273
D3202_C_L_2024_02_20_12_31_51_Louisiana.ndpi.ndpa,40,pol,6201772,9812404,16694,875529313.0892135
D3202_C_L_2024_02_20_12_31_51_Louisiana.ndpi.ndpa,41,pol,5678471,9838055,11233,396407068.950237
D3202_C_L_2024_02_20_12_31_51_Louisiana.ndpi.ndpa,42,fun,5656576,9837683,10627,354789888.41330844
D3202_C_L_2024_02_20_12_31_51_Louisiana.ndpi.ndpa,43,spo,5571591,9808179,29629,2757933947.7163377
D3202_C_L_2024_02_20_12_31_51_Louisiana.ndpi.ndpa,44,pol,5607960,9779787,13303,555967051.8615888
D3202_C_L_2024_02_20_12_31_51_Louisiana.ndpi.ndpa,45,pol,5548953,9750653,11015,381170143.5183967
D3202_C_L_2024_02_20_12_31_51_Louisiana.ndpi.ndpa,46,pol,5375273,9732097,10724,361296274.4537476
D3202_C_L_2024_02_20_12_31_51_Louisiana.ndpi.ndpa,47,pol,5352449,9727274,12403,483285049.18372756
D3202_C_L_2024_02_20_12_31_51_Louisiana.ndpi.ndpa,48,din,5053330,9757519,43389,5914379046.0626545
D3202_C_L_2024_02_20_12_31_51_Louisiana.ndpi.ndpa,49,pol,5013065,9735994,11631,424995159.97404444
D3202_C_L_2024_02_20_12_31_51_Louisiana.ndpi.ndpa,50,pol,4956099,9755294,11456,412302418.7951946
D3202_C_L_2024_02_20_12_31_51_Louisiana.ndpi.ndpa,51,pol,4957398,9795188,12321,476915884.76880455
D3202_C_L_2024_02_20_12_31_51_Louisiana.ndpi.ndpa,52,pol,4736399,9837868,14474,658153218.2730812
D3202_C_L_2024_02_20_12_31_51_Louisiana.ndpi.ndpa,53,pol,4802087,9795003,8723,239046075.23269182
D3202_C_L_2024_02_20_12_31_51_Louisiana.ndpi.ndpa,54,paly,4792068,9701479,32304,3278404037.3708653
D3202_C_L_2024_02_20_12_31_51_Louisiana.ndpi.ndpa,55,pol,4725267,9833786,15035,710160867.7949734
D3202_C_L_2024_02_20_12_31_51_Louisiana.ndpi.ndpa,56,pol,4538781,9797801,8064,204291788.6705318
D3202_C_L_2024_02_20_12_31_51_Louisiana.ndpi.ndpa,57,pol,4602984,9925851,7102,158456919.46519405
D3202_C_L_2024_02_20_12_31_51_Louisiana.ndpi.ndpa,58,fun,4958697,9948491,7359,170132576.30562946
D3202_C_L_2024_02_20_12_31_51_Louisiana.ndpi.ndpa,59,paly,5059825,9878719,16266,831211242.5161407
D3202_C_L_2024_02_20_12_31_51_Louisiana.ndpi.ndpa,60,pol,5253733,9953502,9966,312026614.0356458
D3202_C_L_2024_02_20_12_31_51_Louisiana.ndpi.ndpa,61,pol,5250578,9996551,18378,1061075695.9178584
D3202_C_L_2024_02_20_12_31_51_Louisiana.ndpi.ndpa,62,din,5262825,10016407,31925,3201928903.9973936
D3202_C_L_2024_02_20_12_31_51_Louisiana.ndpi.ndpa,63,paly,5453578,9848658,26457,2199029560.1307178
D3202_C_L_2024_02_20_12_31_51_Louisiana.ndpi.ndpa,64,pol,5504792,9931419,14865,694192152.3367765
D3202_C_L_2024_02_20_12_31_51_Louisiana.ndpi.ndpa,65,pol,5668638,9932161,11215,395137664.45625687
D3202_C_L_2024_02_20_12_31_51_Louisiana.ndpi.ndpa,66,pol,5681071,9918986,7054,156322244.9561916
D3202_C_L_2024_02_20_12_31_51_Louisiana.ndpi.ndpa,67,paly,5711132,9928264,9729,297362554.88259494
D3202_C_L_2024_02_20_12_31_51_Louisiana.ndpi.ndpa,68,pol,5772179,9865359,12498,490716785.0570963
D3202_C_L_2024_02_20_12_31_51_Louisiana.ndpi.ndpa,69,pol,5818940,9943666,12744,510224605.17052704
D3202_C_L_2024_02_20_12_31_51_Louisiana.ndpi.ndpa,70,paly,5856979,9911379,13847,602367118.7180487
D3202_C_L_2024_02_20_12_31_51_Louisiana.ndpi.ndpa,71,pol,5991325,9866100,10629,354923443.80019784
D3202_C_L_2024_02_20_12_31_51_Louisiana.ndpi.ndpa,72,paly,5974624,9955171,21413,1440472284.7195976
D3202_C_L_2024_02_20_12_31_51_Louisiana.ndpi.ndpa,73,pol,6281539,9914719,10090,319839579.03593504
D3202_C_L_2024_02_20_12_31_51_Louisiana.ndpi.ndpa,74,pol,6301022,9879090,10111,321172308.61303353
D3202_C_L_2024_02_20_12_31_51_Louisiana.ndpi.ndpa,75,paly,6182079,9994882,22344,1568453754.2504501
D3202_C_L_2024_02_20_12_31_51_Louisiana.ndpi.ndpa,76,paly,6326444,10156165,24997,1963024197.8699162
D3202_C_L_2024_02_20_12_31_51_Louisiana.ndpi.ndpa,77,pol,5937141,10163217,13817,599759848.1429814
D3202_C_L_2024_02_20_12_31_51_Louisiana.ndpi.ndpa,78,pol,5885927,10041487,12097,459732529.05976486
D3202_C_L_2024_02_20_12_31_51_Louisiana.ndpi.ndpa,79,paly,5834156,10124619,12061,457000323.6280497
D3202_C_L_2024_02_20_12_31_51_Louisiana.ndpi.ndpa,80,paly,5820981,10127960,7876,194877315.13366622
D3202_C_L_2024_02_20_12_31_51_Louisiana.ndpi.ndpa,81,paly,5797229,9990828,6795,145053694.54136428
D3202_C_L_2024_02_20_12_31_51_Louisiana.ndpi.ndpa,82,pol,5730799,10083052,9958,311525869.2994048
D3202_C_L_2024_02_20_12_31_51_Louisiana.ndpi.ndpa,83,spo,5695860,10176577,25072,1974821428.0628603
D3202_C_L_2024_02_20_12_31_51_Louisiana.ndpi.ndpa,84,pol,5482654,10106060,9100,260155287.64377075
D3202_C_L_2024_02_20_12_31_51_Louisiana.ndpi.ndpa,85,pol,5325302,10163956,8633,234138781.84407842
D3202_C_L_2024_02_20_12_31_51_Louisiana.ndpi.ndpa,86,pol,5296355,10098823,9278,270432329.4259766
D3202_C_L_2024_02_20_12_31_51_Louisiana.ndpi.ndpa,87,pol,5339405,10085649,11735,432629431.1841975
D3202_C_L_2024_02_20_12_31_51_Louisiana.ndpi.ndpa,88,pol,4951775,10083422,13692,588957089.1045312
D3202_C_L_2024_02_20_12_31_51_Louisiana.ndpi.ndpa,89,pol,4948621,10028309,11881,443461441.5918453
D3202_C_L_2024_02_20_12_31_51_Louisiana.ndpi.ndpa,90,pol,4853800,10132410,8798,243174363.59895784
D3202_C_L_2024_02_20_12_31_51_Louisiana.ndpi.ndpa,91,pol,4680675,10177131,11233,396407068.950237
D3202_C_L_2024_02_20_12_31_51_Louisiana.ndpi.ndpa,92,din,4690881,10149297,34695,3781670244.149955
D3202_C_L_2024_02_20_12_31_51_Louisiana.ndpi.ndpa,93,pol,4801103,10175832,7387,171429702.21318486
D3202_C_L_2024_02_20_12_31_51_Louisiana.ndpi.ndpa,94,paly,4547447,10181776,16278,832438122.4119619
D3202_C_L_2024_02_20_12_31_51_Louisiana.ndpi.ndpa,95,paly,4627608,10196808,10808,366978435.3871836
D3202_C_L_2024_02_20_12_31_51_Louisiana.ndpi.ndpa,96,pol,4760280,10223175,7580,180504604.1417166
D3202_C_L_2024_02_20_12_31_51_Louisiana.ndpi.ndpa,97,pol,4776053,10213525,9992,313656811.59633476
D3202_C_L_2024_02_20_12_31_51_Louisiana.ndpi.ndpa,98,pol,4822257,10306122,14454,656335618.4274203
D3202_C_L_2024_02_20_12_31_51_Louisiana.ndpi.ndpa,99,pol,4917262,10234865,9714,296446325.09313875
D3202_C_L_2024_02_20_12_31_51_Louisiana.ndpi.ndpa,100,spo,4978496,10297771,25526,2046988498.5720568
D3202_C_L_2024_02_20_12_31_51_Louisiana.ndpi.ndpa,101,pol,4964949,10240061,15921,796325379.7704631
D3202_C_L_2024_02_20_12_31_51_Louisiana.ndpi.ndpa,102,din,5078697,10257689,28879,2620077720.484164
D3202_C_L_2024_02_20_12_31_51_Louisiana.ndpi.ndpa,103,paly,5110613,10152475,10500,346360590.0582747
D3202_C_L_2024_02_20_12_31_51_Louisiana.ndpi.ndpa,104,pol,5295983,10278658,14575,667370490.8974882
D3202_C_L_2024_02_20_12_31_51_Louisiana.ndpi.ndpa,105,pol,5280582,10271977,12989,530031043.09045947
D3202_C_L_2024_02_20_12_31_51_Louisiana.ndpi.ndpa,106,pol,5382639,10292946,10027,315858015.61296225
D3202_C_L_2024_02_20_12_31_51_Louisiana.ndpi.ndpa,107,pol,5490076,10197938,27538,2382399909.3830757
D3202_C_L_2024_02_20_12_31_51_Louisiana.ndpi.ndpa,108,pol,5561517,10310389,9456,280908447.6514551
D3202_C_L_2024_02_20_12_31_51_Louisiana.ndpi.ndpa,109,pol,5603638,10219277,14705,679328649.1741124
D3202_C_L_2024_02_20_12_31_51_Louisiana.ndpi.ndpa,110,pol,5714415,10238390,10914,374212053.003039
D3202_C_L_2024_02_20_12_31_51_Louisiana.ndpi.ndpa,111,paly,5794205,10272534,17613,974577864.1034155
D3202_C_L_2024_02_20_12_31_51_Louisiana.ndpi.ndpa,112,pol,5965105,10195897,7874,194778354.96507812
D3202_C_L_2024_02_20_12_31_51_Louisiana.ndpi.ndpa,113,pol,5908695,10245999,9378,276293284.68051374
D3202_C_L_2024_02_20_12_31_51_Louisiana.ndpi.ndpa,114,din,6163467,10241174,18764,1106116119.1729565
D3202_C_L_2024_02_20_12_31_51_Louisiana.ndpi.ndpa,115,pol,6124871,10149876,21378,1435767168.5262058
D3202_C_L_2024_02_20_12_31_51_Louisiana.ndpi.ndpa,116,paly,6148437,10212041,7828,192509207.72413144
D3202_C_L_2024_02_20_12_31_51_Louisiana.ndpi.ndpa,117,pol,6191672,10328596,13778,596378850.4212248
D3202_C_L_2024_02_20_12_31_51_Louisiana.ndpi.ndpa,118,pol,6232495,10329154,12770,512308624.639583
D3202_C_L_2024_02_20_12_31_51_Louisiana.ndpi.ndpa,119,paly,6309502,10411173,18228,1043825524.8162622
D3202_C_L_2024_02_20_12_31_51_Louisiana.ndpi.ndpa,120,din,6062523,10319689,13556,577315201.2435292
D3202_C_L_2024_02_20_12_31_51_Louisiana.ndpi.ndpa,121,pol,5831502,10336948,14461,656971492.4884701
D3202_C_L_2024_02_20_12_31_51_Louisiana.ndpi.ndpa,122,pol,5858594,10345669,15339,739169379.3140548
D3202_C_L_2024_02_20_12_31_51_Louisiana.ndpi.ndpa,123,pol,5929663,10319505,10245,329741643.46060103
D3202_C_L_2024_02_20_12_31_51_Louisiana.ndpi.ndpa,124,pol,5630171,10366638,12163,464762721.5529867
D3202_C_L_2024_02_20_12_31_51_Louisiana.ndpi.ndpa,125,fun,5397668,10370164,11867,442416949.99912095
D3202_C_L_2024_02_20_12_31_51_Louisiana.ndpi.ndpa,126,pol,5350722,10330083,11866,442342390.5806733
D3202_C_L_2024_02_20_12_31_51_Louisiana.ndpi.ndpa,127,paly,5491561,10349566,13590,580214778.1654571
D3202_C_L_2024_02_20_12_31_51_Louisiana.ndpi.ndpa,128,pol,5127572,10421938,11537,418153424.6257978
D3202_C_L_2024_02_20_12_31_51_Louisiana.ndpi.ndpa,129,pol,4985063,10426021,12388,482116800.83160037
D3202_C_L_2024_02_20_12_31_51_Louisiana.ndpi.ndpa,130,pol,4895998,10398742,19758,1226410428.781333
D3202_C_L_2024_02_20_12_31_51_Louisiana.ndpi.ndpa,131,pol,4721944,10344373,10551,349733407.07276136
D3202_C_L_2024_02_20_12_31_51_Louisiana.ndpi.ndpa,132,pol,4784849,10344930,9765,299567274.34140176
D3202_C_L_2024_02_20_12_31_51_Louisiana.ndpi.ndpa,133,pol,4528779,10373320,14734,682010724.2118543
D3202_C_L_2024_02_20_12_31_51_Louisiana.ndpi.ndpa,134,paly,4547335,10542202,15904,794625699.6050547
D3202_C_L_2024_02_20_12_31_51_Louisiana.ndpi.ndpa,135,pol,4780024,10425669,22099,1534246412.6860948
D3202_C_L_2024_02_20_12_31_51_Louisiana.ndpi.ndpa,136,pol,5150768,10453317,14435,654611226.4941987
D3202_C_L_2024_02_20_12_31_51_Louisiana.ndpi.ndpa,137,pol,5175262,10547770,12209,468284798.77603805
D3202_C_L_2024_02_20_12_31_51_Louisiana.ndpi.ndpa,138,pol,5148725,10532924,5065,80595124.79353961
D3202_C_L_2024_02_20_12_31_51_Louisiana.ndpi.ndpa,139,pol,5303852,10462967,10346,336275185.42793787
D3202_C_L_2024_02_20_12_31_51_Louisiana.ndpi.ndpa,140,pol,5361932,10452204,8562,230303384.16090658
D3202_C_L_2024_02_20_12_31_51_Louisiana.ndpi.ndpa,141,din,5557508,10477255,35290,3912489539.457536
D3202_C_L_2024_02_20_12_31_51_Louisiana.ndpi.ndpa,142,pol,5593321,10466492,11379,406778572.14035094
D3202_C_L_2024_02_20_12_31_51_Louisiana.ndpi.ndpa,143,pol,5830649,10468534,19744,1224673040.0793035
D3202_C_L_2024_02_20_12_31_51_Louisiana.ndpi.ndpa,144,pol,5728962,10490987,8308,216841722.4721274
D3202_C_L_2024_02_20_12_31_51_Louisiana.ndpi.ndpa,145,pol,5679975,10487647,9390,277000821.6115846
D3202_C_L_2024_02_20_12_31_51_Louisiana.ndpi.ndpa,146,din,5931758,10464039,32611,3341012538.9129543
D3202_C_L_2024_02_20_12_31_51_Louisiana.ndpi.ndpa,147,pol,6001944,10464848,13933,609872634.894887
D3202_C_L_2024_02_20_12_31_51_Louisiana.ndpi.ndpa,148,pol,6231516,10463231,15336,738880274.2501082
D3202_C_L_2024_02_20_12_31_51_Louisiana.ndpi.ndpa,149,paly,6130788,10519058,15170,722971261.6187001
D3202_C_L_2024_02_20_12_31_51_Louisiana.ndpi.ndpa,150,din,6313838,10511978,23292,1704368251.0280344
D3202_C_L_2024_02_20_12_31_51_Louisiana.ndpi.ndpa,151,pol,6355303,10637007,14899,697371368.7039857
D3202_C_L_2024_02_20_12_31_51_Louisiana.ndpi.ndpa,152,pol,6102066,10648335,14530,663255868.4592654
D3202_C_L_2024_02_20_12_31_51_Louisiana.ndpi.ndpa,153,pol,6057163,10631142,11500,415475628.43725014
D3202_C_L_2024_02_20_12_31_51_Louisiana.ndpi.ndpa,154,pol,6050286,10701734,14611,670671349.7322444
D3202_C_L_2024_02_20_12_31_51_Louisiana.ndpi.ndpa,155,pol,6184186,10642064,14050,620158243.8002591
D3202_C_L_2024_02_20_12_31_51_Louisiana.ndpi.ndpa,156,pol,5955221,10589271,13875,604805673.2012476
D3202_C_L_2024_02_20_12_31_51_Louisiana.ndpi.ndpa,157,paly,6123506,10566818,11343,404208774.48245573
D3202_C_L_2024_02_20_12_31_51_Louisiana.ndpi.ndpa,158,din,5657890,10650760,35249,3903403742.485682
D3202_C_L_2024_02_20_12_31_51_Louisiana.ndpi.ndpa,159,pol,5711693,10605858,8791,242787561.2866699
D3202_C_L_2024_02_20_12_31_51_Louisiana.ndpi.ndpa,160,pol,5589931,10710835,16131,817471188.5943637
D3202_C_L_2024_02_20_12_31_51_Louisiana.ndpi.ndpa,161,paly,5188843,10613340,17097,918310808.704267
D3202_C_L_2024_02_20_12_31_51_Louisiana.ndpi.ndpa,162,pol,5252962,10646513,8706,238115243.32058173
D3202_C_L_2024_02_20_12_31_51_Louisiana.ndpi.ndpa,163,pol,4816879,10692428,10042,316803744.95743567
D3202_C_L_2024_02_20_12_31_51_Louisiana.ndpi.ndpa,164,pol,4770156,10615970,16265,831109043.3655268
D3202_C_L_2024_02_20_12_31_51_Louisiana.ndpi.ndpa,165,pol,4897180,10604036,11139,389800400.13070256
D3202_C_L_2024_02_20_12_31_51_Louisiana.ndpi.ndpa,166,pol,4589131,10611115,11733,432481977.39140856
D3202_C_L_2024_02_20_12_31_51_Louisiana.ndpi.ndpa,167,pol,4715143,10767301,9324,273120565.1269122
D3202_C_L_2024_02_20_12_31_51_Louisiana.ndpi.ndpa,168,pol,4983951,10770536,16646,870501759.5338207
D3202_C_L_2024_02_20_12_31_51_Louisiana.ndpi.ndpa,169,pol,4965343,10775189,12885,521577343.9852853
D3202_C_L_2024_02_20_12_31_51_Louisiana.ndpi.ndpa,170,fun,4936014,10827577,7600,181458391.67134646
D3202_C_L_2024_02_20_12_31_51_Louisiana.ndpi.ndpa,171,pol,4899202,10870458,14815,689530028.8388492
D3202_C_L_2024_02_20_12_31_51_Louisiana.ndpi.ndpa,172,pol,5059801,10841736,9158,263482121.16658682
D3202_C_L_2024_02_20_12_31_51_Louisiana.ndpi.ndpa,173,pol,5114814,10711474,14194,632935528.3790097
D3202_C_L_2024_02_20_12_31_51_Louisiana.ndpi.ndpa,174,pol,5146974,10868233,7701,186313412.09979677
D3202_C_L_2024_02_20_12_31_51_Louisiana.ndpi.ndpa,175,paly,5212306,10671829,6965,152402508.0766415
D3202_C_L_2024_02_20_12_31_51_Louisiana.ndpi.ndpa,176,pol,5434997,10823532,7688,185684914.49829754
D3202_C_L_2024_02_20_12_31_51_Louisiana.ndpi.ndpa,177,pol,5639485,10832229,14654,674624714.2195586
D3202_C_L_2024_02_20_12_31_51_Louisiana.ndpi.ndpa,178,pol,5703603,10756581,10998,379994493.57397765
D3202_C_L_2024_02_20_12_31_51_Louisiana.ndpi.ndpa,179,pol,6028239,10778628,19820,1234119381.9320471
D3202_C_L_2024_02_20_12_31_51_Louisiana.ndpi.ndpa,180,fun,5791385,10763457,10066,318319852.43931687
D3202_C_L_2024_02_20_12_31_51_Louisiana.ndpi.ndpa,181,pol,5781474,10856906,9011,255091420.4188951
D3202_C_L_2024_02_20_12_31_51_Louisiana.ndpi.ndpa,182,paly,5937826,10704395,13041,534283377.2426524
D3202_C_L_2024_02_20_12_31_51_Louisiana.ndpi.ndpa,183,pol,6086693,10797236,14738,682381080.2866007
D3202_C_L_2024_02_20_12_31_51_Louisiana.ndpi.ndpa,184,pol,6056151,10827577,15236,729275797.1895535
D3202_C_L_2024_02_20_12_31_51_Louisiana.ndpi.ndpa,185,pol,6217155,10777617,12303,475523430.3737686
D3202_C_L_2024_02_20_12_31_51_Louisiana.ndpi.ndpa,186,pol,6305747,10818879,11769,435139990.9710166
D3202_C_L_2024_02_20_12_31_51_Louisiana.ndpi.ndpa,187,pol,6200772,10779033,7930,197558739.8617288
D3202_C_L_2024_02_20_12_31_51_Louisiana.ndpi.ndpa,188,pol,6282891,10774582,13301,555799893.9996767
D3202_C_L_2024_02_20_12_31_51_Louisiana.ndpi.ndpa,189,pol,6205828,10804923,16020,806259595.2543459
D3202_C_L_2024_02_20_12_31_51_Louisiana.ndpi.ndpa,190,paly,6268531,10857126,17014,909416290.742719
D3202_C_L_2024_02_20_12_31_51_Louisiana.ndpi.ndpa,191,pol,6225650,10859351,10313,334133414.06113094
D3202_C_L_2024_02_20_12_31_51_Louisiana.ndpi.ndpa,192,paly,5803723,10847620,6151,118861532.87163176
D3202_C_L_2024_02_20_12_31_51_Louisiana.ndpi.ndpa,193,paly,5681961,10805547,22727,1622684532.9640994
D3202_C_L_2024_02_20_12_31_51_Louisiana.ndpi.ndpa,194,paly,5278851,10778241,8135,207905025.4876124
D3202_C_L_2024_02_20_12_31_51_Louisiana.ndpi.ndpa,195,fun,5019953,10895355,7524,177847369.67708665
D3202_C_L_2024_02_20_12_31_51_Louisiana.ndpi.ndpa,196,paly,4861986,10896367,18115,1030923760.9117985
D3202_C_L_2024_02_20_12_31_51_Louisiana.ndpi.ndpa,197,paly,4670240,10860363,36984,4297121501.310296
USNMPAL_792719_D1357_2023_11_09_10_41_27_Colorado.ndpi.ndpa,2,paly,4119922,1112798,8432,223362914.83874294
USNMPAL_792719_D1357_2023_11_09_10_41_27_Colorado.ndpi.ndpa,3,pol,4201249,1156397,13525,574677799.6533214
USNMPAL_792719_D1357_2023_11_09_10_41_27_Colorado.ndpi.ndpa,4,paly,4217012,1148013,12628,500978420.46892893
USNMPAL_792719_D1357_2023_11_09_10_41_27_Colorado.ndpi.ndpa,5,pol,4351663,1164111,14230,636150207.0440927
USNMPAL_792719_D1357_2023_11_09_10_41_27_Colorado.ndpi.ndpa,6,pol,4610065,1077080,15148,720875831.8851264
USNMPAL_792719_D1357_2023_11_09_10_41_27_Colorado.ndpi.ndpa,7,paly,4575019,1160254,12624,500661094.4781751
USNMPAL_792719_D1357_2023_11_09_10_41_27_Colorado.ndpi.ndpa,8,paly,4833252,1202008,12924,524739517.21234876
USNMPAL_792719_D1357_2023_11_09_10_41_27_Colorado.ndpi.ndpa,9,pol,4996408,1082782,11471,413382828.21672744
USNMPAL_792719_D1357_2023_11_09_10_41_27_Colorado.ndpi.ndpa,10,paly,5058619,1067857,12576,496861024.0043929
USNMPAL_792719_D1357_2023_11_09_10_41_27_Colorado.ndpi.ndpa,11,paly,5166273,1171321,13661,586293197.6050683
USNMPAL_792719_D1357_2023_11_09_10_41_27_Colorado.ndpi.ndpa,12,pol,5195286,1127722,13723,591627018.7450743
USNMPAL_792719_D1357_2023_11_09_10_41_27_Colorado.ndpi.ndpa,13,paly,5360293,1190684,11094,386657283.80467576
USNMPAL_792719_D1357_2023_11_09_10_41_27_Colorado.ndpi.ndpa,14,paly,5617286,1155775,10602,353122566.652232
USNMPAL_792719_D1357_2023_11_09_10_41_27_Colorado.ndpi.ndpa,15,paly,5805688,1159985,16101,814433394.1620485
USNMPAL_792719_D1357_2023_11_09_10_41_27_Colorado.ndpi.ndpa,16,paly,5620970,1055783,19741,1224300902.7215223
USNMPAL_792719_D1357_2023_11_09_10_41_27_Colorado.ndpi.ndpa,17,pol,5875092,1116152,12178,465909764.1547021
USNMPAL_792719_D1357_2023_11_09_10_41_27_Colorado.ndpi.ndpa,18,pol,5618802,1284736,17223,931896060.6480384
USNMPAL_792719_D1357_2023_11_09_10_41_27_Colorado.ndpi.ndpa,19,paly,5538635,1313856,10670,357666867.859279
USNMPAL_792719_D1357_2023_11_09_10_41_27_Colorado.ndpi.ndpa,20,paly,5589331,1276316,13380,562421739.8533206
USNMPAL_792719_D1357_2023_11_09_10_41_27_Colorado.ndpi.ndpa,21,paly,5761420,1216496,12820,516328292.4398511
USNMPAL_792719_D1357_2023_11_09_10_41_27_Colorado.ndpi.ndpa,22,pol,5693797,1375386,12770,512308624.639583
USNMPAL_792719_D1357_2023_11_09_10_41_27_Colorado.ndpi.ndpa,23,paly,5277172,1304514,13062,536005482.0964222
USNMPAL_792719_D1357_2023_11_09_10_41_27_Colorado.ndpi.ndpa,24,paly,5112013,1304690,14828,690740669.8422439
USNMPAL_792719_D1357_2023_11_09_10_41_27_Colorado.ndpi.ndpa,25,pol,4719946,1424329,13038,534037588.4582135
USNMPAL_792719_D1357_2023_11_09_10_41_27_Colorado.ndpi.ndpa,26,pol,4604168,1431522,14253,638208292.6657932
USNMPAL_792719_D1357_2023_11_09_10_41_27_Colorado.ndpi.ndpa,27,pol,4522247,1325214,11094,386657283.80467576
USNMPAL_792719_D1357_2023_11_09_10_41_27_Colorado.ndpi.ndpa,28,paly,4695738,1270833,12893,522225215.7886792
USNMPAL_792719_D1357_2023_11_09_10_41_27_Colorado.ndpi.ndpa,29,paly,4576978,1425206,15580,762578890.9988334
USNMPAL_792719_D1357_2023_11_09_10_41_27_Colorado.ndpi.ndpa,30,paly,4462778,1292936,17030,911127528.8275
USNMPAL_792719_D1357_2023_11_09_10_41_27_Colorado.ndpi.ndpa,31,pol,4424887,1412751,9951,311088047.5224226
USNMPAL_792719_D1357_2023_11_09_10_41_27_Colorado.ndpi.ndpa,32,paly,4388750,1332407,15479,752723843.649821
USNMPAL_792719_D1357_2023_11_09_10_41_27_Colorado.ndpi.ndpa,33,pol,4355420,1329074,17808,996277143.0130622
USNMPAL_792719_D1357_2023_11_09_10_41_27_Colorado.ndpi.ndpa,34,paly,4329458,1354861,16276,832233579.597472
USNMPAL_792719_D1357_2023_11_09_10_41_27_Colorado.ndpi.ndpa,35,pol,4255430,1382403,14201,633559967.0428005
USNMPAL_792719_D1357_2023_11_09_10_41_27_Colorado.ndpi.ndpa,36,pol,4305425,1278551,9951,311088047.5224226
USNMPAL_792719_D1357_2023_11_09_10_41_27_Colorado.ndpi.ndpa,37,alg,4101586,1326091,13728,592058218.0447428
USNMPAL_792719_D1357_2023_11_09_10_41_27_Colorado.ndpi.ndpa,38,pol,4157545,1531690,11456,412302418.7951946
USNMPAL_792719_D1357_2023_11_09_10_41_27_Colorado.ndpi.ndpa,39,pol,4098780,1494850,13342,559231653.5755299
USNMPAL_792719_D1357_2023_11_09_10_41_27_Colorado.ndpi.ndpa,40,pol,4490494,1484615,18420,1065931077.6294639
USNMPAL_792719_D1357_2023_11_09_10_41_27_Colorado.ndpi.ndpa,41,pol,4451902,1503736,12654,503043489.8510984
USNMPAL_792719_D1357_2023_11_09_10_41_27_Colorado.ndpi.ndpa,42,pol,4472777,1505841,11921,446452489.125475
USNMPAL_792719_D1357_2023_11_09_10_41_27_Colorado.ndpi.ndpa,43,pol,4781693,1553031,20732,1350306235.0750434
USNMPAL_792719_D1357_2023_11_09_10_41_27_Colorado.ndpi.ndpa,44,pol,5207902,1529024,16215,826007096.896097
USNMPAL_792719_D1357_2023_11_09_10_41_27_Colorado.ndpi.ndpa,45,pol,5255324,1518215,12280,473747145.61309505
USNMPAL_792719_D1357_2023_11_09_10_41_27_Colorado.ndpi.ndpa,46,spo,5600186,1503569,16716,877838446.521455
USNMPAL_792719_D1357_2023_11_09_10_41_27_Colorado.ndpi.ndpa,47,pol,5637321,1474627,10498,346228655.73319453
USNMPAL_792719_D1357_2023_11_09_10_41_27_Colorado.ndpi.ndpa,48,pol,5724977,1430922,15298,735223171.3748056
USNMPAL_792719_D1357_2023_11_09_10_41_27_Colorado.ndpi.ndpa,49,paly,5800307,1513130,19264,1165850361.8883128
USNMPAL_792719_D1357_2023_11_09_10_41_27_Colorado.ndpi.ndpa,50,paly,5748814,1476855,16219,826414674.5606031
USNMPAL_792719_D1357_2023_11_09_10_41_27_Colorado.ndpi.ndpa,51,pol,5774675,1500428,10855,370177082.50495523
USNMPAL_792719_D1357_2023_11_09_10_41_27_Colorado.ndpi.ndpa,52,paly,5866448,1625731,10518,347549129.9573514
USNMPAL_792719_D1357_2023_11_09_10_41_27_Colorado.ndpi.ndpa,53,pol,5443516,1618407,20149,1275430700.1498148
USNMPAL_792719_D1357_2023_11_09_10_41_27_Colorado.ndpi.ndpa,54,paly,5392366,1575724,15241,729754528.7860708
USNMPAL_792719_D1357_2023_11_09_10_41_27_Colorado.ndpi.ndpa,55,paly,5174492,1608909,11326,402998089.4967639
USNMPAL_792719_D1357_2023_11_09_10_41_27_Colorado.ndpi.ndpa,56,pol,5062466,1579043,14505,660975464.8918408
USNMPAL_792719_D1357_2023_11_09_10_41_27_Colorado.ndpi.ndpa,57,paly,4802253,1612571,16086,812916617.5209321
USNMPAL_792719_D1357_2023_11_09_10_41_27_Colorado.ndpi.ndpa,58,paly,4723296,1582132,12948,526690220.05555695
USNMPAL_792719_D1357_2023_11_09_10_41_27_Colorado.ndpi.ndpa,59,paly,4345221,1608795,16138,818180820.9677346
USNMPAL_792719_D1357_2023_11_09_10_41_27_Colorado.ndpi.ndpa,60,paly,4192000,1611999,13921,608822563.8336099
USNMPAL_792719_D1357_2023_11_09_10_41_27_Colorado.ndpi.ndpa,61,paly,4146686,1653423,14151,629106445.2970716
USNMPAL_792719_D1357_2023_11_09_10_41_27_Colorado.ndpi.ndpa,62,pol,4349684,1649075,11015,381170143.5183967
USNMPAL_792719_D1357_2023_11_09_10_41_27_Colorado.ndpi.ndpa,63,paly,4415023,1680429,9881,306726762.9370031
USNMPAL_792719_D1357_2023_11_09_10_41_27_Colorado.ndpi.ndpa,64,paly,4607150,1720481,15373,742449855.4956745
USNMPAL_792719_D1357_2023_11_09_10_41_27_Colorado.ndpi.ndpa,65,paly,4567901,1635572,14656,674808874.380912
USNMPAL_792719_D1357_2023_11_09_10_41_27_Colorado.ndpi.ndpa,66,pol,4859467,1696450,15140,720114611.4187909
USNMPAL_792719_D1357_2023_11_09_10_41_27_Colorado.ndpi.ndpa,67,pol,5128835,1672190,14333,645392738.0734346
USNMPAL_792719_D1357_2023_11_09_10_41_27_Colorado.ndpi.ndpa,68,pol,5094506,1659832,13351,559986380.3698504
USNMPAL_792719_D1357_2023_11_09_10_41_27_Colorado.ndpi.ndpa,69,paly,5371082,1636602,16858,892816014.6301857
USNMPAL_792719_D1357_2023_11_09_10_41_27_Colorado.ndpi.ndpa,70,paly,5386759,1608108,9936,310150894.7258935
USNMPAL_792719_D1357_2023_11_09_10_41_27_Colorado.ndpi.ndpa,71,paly,5673291,1694390,14028,618217631.7526543
USNMPAL_792719_D1357_2023_11_09_10_41_27_Colorado.ndpi.ndpa,72,pol,5651778,1704804,10190,326210728.9374151
USNMPAL_792719_D1357_2023_11_09_10_41_27_Colorado.ndpi.ndpa,73,pol,5831890,1667956,16721,878363673.6892455
USNMPAL_792719_D1357_2023_11_09_10_41_27_Colorado.ndpi.ndpa,74,paly,5753963,1763622,13157,543830576.785947
USNMPAL_792719_D1357_2023_11_09_10_41_27_Colorado.ndpi.ndpa,75,paly,5760486,1748860,11965,449754252.73891544
USNMPAL_792719_D1357_2023_11_09_10_41_27_Colorado.ndpi.ndpa,76,pol,5457362,1703888,13327,557974906.5583512
USNMPAL_792719_D1357_2023_11_09_10_41_27_Colorado.ndpi.ndpa,77,pol,5240861,1768314,11467,413094580.8075752
USNMPAL_792719_D1357_2023_11_09_10_41_27_Colorado.ndpi.ndpa,78,paly,5177925,1765110,12131,462320422.29134476
USNMPAL_792719_D1357_2023_11_09_10_41_27_Colorado.ndpi.ndpa,79,paly,4869423,1747372,12092,459352569.1362765
USNMPAL_792719_D1357_2023_11_09_10_41_27_Colorado.ndpi.ndpa,80,paly,4800994,1780214,11669,427776726.10953283
USNMPAL_792719_D1357_2023_11_09_10_41_27_Colorado.ndpi.ndpa,81,paly,4627976,1772662,11552,419241468.11747885
USNMPAL_792719_D1357_2023_11_09_10_41_27_Colorado.ndpi.ndpa,82,spo,4566642,1748059,10023,315606059.8821444
USNMPAL_792719_D1357_2023_11_09_10_41_27_Colorado.ndpi.ndpa,83,paly,4509450,1778979,9950,311025526.6870235
USNMPAL_792719_D1357_2023_11_09_10_41_27_Colorado.ndpi.ndpa,84,paly,4415275,1662601,11826,439365166.0547193
USNMPAL_792719_D1357_2023_11_09_10_41_27_Colorado.ndpi.ndpa,85,pol,4202550,1804154,8372,220195435.46168756
USNMPAL_792719_D1357_2023_11_09_10_41_27_Colorado.ndpi.ndpa,86,paly,4396051,1789735,14446,655609282.2059102
USNMPAL_792719_D1357_2023_11_09_10_41_27_Colorado.ndpi.ndpa,87,paly,4569297,1783556,10646,356059679.3231849
USNMPAL_792719_D1357_2023_11_09_10_41_27_Colorado.ndpi.ndpa,88,paly,4707871,1821547,11585,421640140.08194035
USNMPAL_792719_D1357_2023_11_09_10_41_27_Colorado.ndpi.ndpa,89,paly,4731329,1854389,13076,537155091.3793356
USNMPAL_792719_D1357_2023_11_09_10_41_27_Colorado.ndpi.ndpa,90,paly,4960303,1823950,10383,338684702.17023957
USNMPAL_792719_D1357_2023_11_09_10_41_27_Colorado.ndpi.ndpa,91,paly,5086747,1840429,19215,1159926980.0461562
USNMPAL_792719_D1357_2023_11_09_10_41_27_Colorado.ndpi.ndpa,92,pol,5455554,1849011,15465,751362855.4468036
USNMPAL_792719_D1357_2023_11_09_10_41_27_Colorado.ndpi.ndpa,93,pol,5438618,1817542,13171,544988542.7053189
USNMPAL_792719_D1357_2023_11_09_10_41_27_Colorado.ndpi.ndpa,94,pol,5477753,1806556,10990,379441874.8598406
USNMPAL_792719_D1357_2023_11_09_10_41_27_Colorado.ndpi.ndpa,95,paly,5558312,1801979,13188,546396299.7981704
USNMPAL_792719_D1357_2023_11_09_10_41_27_Colorado.ndpi.ndpa,96,paly,5625138,1826925,13921,608822563.8336099
USNMPAL_792719_D1357_2023_11_09_10_41_27_Colorado.ndpi.ndpa,97,paly,5795753,1863658,13030,533382428.1598633
USNMPAL_792719_D1357_2023_11_09_10_41_27_Colorado.ndpi.ndpa,98,paly,5835117,1873957,11390,407565412.2947764
USNMPAL_792719_D1357_2023_11_09_10_41_27_Colorado.ndpi.ndpa,99,pol,5596531,1877047,16479,853122861.6732436
USNMPAL_792719_D1357_2023_11_09_10_41_27_Colorado.ndpi.ndpa,100,pol,5558083,1876474,18839,1114976117.3144267
USNMPAL_792719_D1357_2023_11_09_10_41_27_Colorado.ndpi.ndpa,101,paly,5013284,1931059,10855,370177082.50495523
USNMPAL_792719_D1357_2023_11_09_10_41_27_Colorado.ndpi.ndpa,102,paly,4704896,1895241,13187,546313440.291932
USNMPAL_792719_D1357_2023_11_09_10_41_27_Colorado.ndpi.ndpa,103,paly,4737966,1880480,13251,551629115.5927708
USNMPAL_792719_D1357_2023_11_09_10_41_27_Colorado.ndpi.ndpa,104,paly,4473977,1903023,11208,394644556.9317568
USNMPAL_792719_D1357_2023_11_09_10_41_27_Colorado.ndpi.ndpa,105,paly,4324303,1914695,11921,446452489.125475
USNMPAL_792719_D1357_2023_11_09_10_41_27_Colorado.ndpi.ndpa,106,alg,4243516,1912063,10900,373252623.1730033
USNMPAL_792719_D1357_2023_11_09_10_41_27_Colorado.ndpi.ndpa,107,paly,4289974,1964931,14186,632222261.1829387
USNMPAL_792719_D1357_2023_11_09_10_41_27_Colorado.ndpi.ndpa,108,paly,4108953,2018106,14004,616104068.746284
USNMPAL_792719_D1357_2023_11_09_10_41_27_Colorado.ndpi.ndpa,109,paly,4257140,2020852,10746,362780174.3277442
USNMPAL_792719_D1357_2023_11_09_10_41_27_Colorado.ndpi.ndpa,110,paly,4303369,1975079,14534,663621097.4548011
USNMPAL_792719_D1357_2023_11_09_10_41_27_Colorado.ndpi.ndpa,111,paly,4738431,1951163,12899,522711383.53500754
USNMPAL_792719_D1357_2023_11_09_10_41_27_Colorado.ndpi.ndpa,112,paly,4677668,2018678,16030,807266475.6998215
USNMPAL_792719_D1357_2023_11_09_10_41_27_Colorado.ndpi.ndpa,113,paly,4983996,1971989,13107,539705037.3132528
USNMPAL_792719_D1357_2023_11_09_10_41_27_Colorado.ndpi.ndpa,114,paly,5177497,1957228,13618,582608118.8471855
USNMPAL_792719_D1357_2023_11_09_10_41_27_Colorado.ndpi.ndpa,115,paly,5279568,2018220,12575,496782009.8075625
USNMPAL_792719_D1357_2023_11_09_10_41_27_Colorado.ndpi.ndpa,116,paly,5310578,1939033,13388,563094493.0705309
USNMPAL_792719_D1357_2023_11_09_10_41_27_Colorado.ndpi.ndpa,117,paly,5405784,1947959,16138,818180820.9677346
USNMPAL_792719_D1357_2023_11_09_10_41_27_Colorado.ndpi.ndpa,118,pol,5873457,2138145,13716,591023603.6193213
USNMPAL_792719_D1357_2023_11_09_10_41_27_Colorado.ndpi.ndpa,119,paly,5755709,2109537,14625,671957216.1717293
USNMPAL_792719_D1357_2023_11_09_10_41_27_Colorado.ndpi.ndpa,120,paly,5422033,2088138,11054,383874084.0410075
USNMPAL_792719_D1357_2023_11_09_10_41_27_Colorado.ndpi.ndpa,121,paly,5357609,2085964,12701,506787278.6924916
USNMPAL_792719_D1357_2023_11_09_10_41_27_Colorado.ndpi.ndpa,122,paly,5233910,2060445,12218,468975455.9297812
USNMPAL_792719_D1357_2023_11_09_10_41_27_Colorado.ndpi.ndpa,123,paly,5329917,2079785,10347,336340194.4047186
USNMPAL_792719_D1357_2023_11_09_10_41_27_Colorado.ndpi.ndpa,124,paly,5198666,2134941,12627,500899079.54646254
USNMPAL_792719_D1357_2023_11_09_10_41_27_Colorado.ndpi.ndpa,125,paly,5159760,2056326,12128,462091786.60279447
USNMPAL_792719_D1357_2023_11_09_10_41_27_Colorado.ndpi.ndpa,126,pol,4955503,2098895,17514,963652746.3142933
USNMPAL_792719_D1357_2023_11_09_10_41_27_Colorado.ndpi.ndpa,127,paly,5025992,2059530,13516,573913233.3908099
USNMPAL_792719_D1357_2023_11_09_10_41_27_Colorado.ndpi.ndpa,128,paly,5087097,2064794,13643,584749192.7804233
USNMPAL_792719_D1357_2023_11_09_10_41_27_Colorado.ndpi.ndpa,129,paly,5067530,2105875,12006,452841844.55638266
USNMPAL_792719_D1357_2023_11_09_10_41_27_Colorado.ndpi.ndpa,130,paly,4716002,2148215,11602,422878489.93253976
USNMPAL_792719_D1357_2023_11_09_10_41_27_Colorado.ndpi.ndpa,131,paly,4580975,2123727,13027,533136846.7205395
USNMPAL_792719_D1357_2023_11_09_10_41_27_Colorado.ndpi.ndpa,132,paly,4530398,2137115,14162,630084872.3378836
USNMPAL_792719_D1357_2023_11_09_10_41_27_Colorado.ndpi.ndpa,133,paly,4431759,2124070,11986,451334382.73748416
USNMPAL_792719_D1357_2023_11_09_10_41_27_Colorado.ndpi.ndpa,134,paly,4223955,2137344,20881,1369785168.2440245
USNMPAL_792719_D1357_2023_11_09_10_41_27_Colorado.ndpi.ndpa,135,paly,4075998,2089626,16048,809080443.8643749
USNMPAL_792719_D1357_2023_11_09_10_41_27_Colorado.ndpi.ndpa,136,paly,4066729,2208407,10930,375310052.20183927
USNMPAL_792719_D1357_2023_11_09_10_41_27_Colorado.ndpi.ndpa,137,paly,4207020,2166639,15524,757106789.516587
USNMPAL_792719_D1357_2023_11_09_10_41_27_Colorado.ndpi.ndpa,138,paly,4163994,2220994,12164,464839147.0774706
USNMPAL_792719_D1357_2023_11_09_10_41_27_Colorado.ndpi.ndpa,140,paly,4525820,2250288,12536,493705357.01571506
USNMPAL_792719_D1357_2023_11_09_10_41_27_Colorado.ndpi.ndpa,141,paly,4546303,2196505,16878,894935710.0254158
USNMPAL_792719_D1357_2023_11_09_10_41_27_Colorado.ndpi.ndpa,142,paly,5041898,2231750,10052,317435016.585248
USNMPAL_792719_D1357_2023_11_09_10_41_27_Colorado.ndpi.ndpa,143,paly,5122342,2216073,10795,366096153.6479421
USNMPAL_792719_D1357_2023_11_09_10_41_27_Colorado.ndpi.ndpa,144,pol,5422834,2221337,6335,126079103.23221263
USNMPAL_792719_D1357_2023_11_09_10_41_27_Colorado.ndpi.ndpa,145,pol,5416426,2228318,8188,210622876.98249334
USNMPAL_792719_D1357_2023_11_09_10_41_27_Colorado.ndpi.ndpa,146,pol,5506138,2223054,6635,138303040.24733052
USNMPAL_792719_D1357_2023_11_09_10_41_27_Colorado.ndpi.ndpa,147,pol,5473869,2220880,13047,534775124.45753354
USNMPAL_792719_D1357_2023_11_09_10_41_27_Colorado.ndpi.ndpa,148,pol,5412192,2247256,12699,506627685.7856892
USNMPAL_792719_D1357_2023_11_09_10_41_27_Colorado.ndpi.ndpa,149,fun,5631439,2230320,12134,462549114.52856284
USNMPAL_792719_D1357_2023_11_09_10_41_27_Colorado.ndpi.ndpa,150,pol,5809835,2236728,9582,288444462.4097745
USNMPAL_792719_D1357_2023_11_09_10_41_27_Colorado.ndpi.ndpa,151,paly,5879179,2336742,10031,316110071.8747451
USNMPAL_792719_D1357_2023_11_09_10_41_27_Colorado.ndpi.ndpa,152,paly,5356465,2348414,15454,750294371.5109837
USNMPAL_792719_D1357_2023_11_09_10_41_27_Colorado.ndpi.ndpa,153,spo,5187452,2334568,18903,1122564596.6700609
USNMPAL_792719_D1357_2023_11_09_10_41_27_Colorado.ndpi.ndpa,154,paly,5131954,2271744,16740,880360969.4930991
USNMPAL_792719_D1357_2023_11_09_10_41_27_Colorado.ndpi.ndpa,155,paly,4705246,2264535,12666,503998031.3629651
USNMPAL_792719_D1357_2023_11_09_10_41_27_Colorado.ndpi.ndpa,156,paly,4439769,2267739,12236,470358297.0512971
USNMPAL_792719_D1357_2023_11_09_10_41_27_Colorado.ndpi.ndpa,157,paly,4344221,2316030,12232,470050823.095105
USNMPAL_792719_D1357_2023_11_09_10_41_27_Colorado.ndpi.ndpa,158,paly,4248901,2329304,14605,670120641.1064408
USNMPAL_792719_D1357_2023_11_09_10_41_27_Colorado.ndpi.ndpa,159,paly,4248901,2275635,12908,523441059.26950824
USNMPAL_792719_D1357_2023_11_09_10_41_27_Colorado.ndpi.ndpa,160,paly,4198552,2275978,15049,711484031.2224417
USNMPAL_792719_D1357_2023_11_09_10_41_27_Colorado.ndpi.ndpa,161,pol,4083092,2443736,12069,457606776.67389864
USNMPAL_792719_D1357_2023_11_09_10_41_27_Colorado.ndpi.ndpa,162,pol,4173148,2391097,10286,332386145.05020595
USNMPAL_792719_D1357_2023_11_09_10_41_27_Colorado.ndpi.ndpa,163,paly,4209766,2407118,13770,595686493.6658561
USNMPAL_792719_D1357_2023_11_09_10_41_27_Colorado.ndpi.ndpa,164,paly,4131839,2451517,12525,492839311.0273073
USNMPAL_792719_D1357_2023_11_09_10_41_27_Colorado.ndpi.ndpa,165,paly,4322136,2400709,12604,499075972.48887986
USNMPAL_792719_D1357_2023_11_09_10_41_27_Colorado.ndpi.ndpa,166,paly,4367564,2367066,11828,439513788.51997536
USNMPAL_792719_D1357_2023_11_09_10_41_27_Colorado.ndpi.ndpa,167,paly,4399948,2410894,12363,480172861.83737534
USNMPAL_792719_D1357_2023_11_09_10_41_27_Colorado.ndpi.ndpa,168,paly,4449381,2370728,14965,703563523.2224348
USNMPAL_792719_D1357_2023_11_09_10_41_27_Colorado.ndpi.ndpa,169,paly,4492636,2462389,14745,683029445.3200412
USNMPAL_792719_D1357_2023_11_09_10_41_27_Colorado.ndpi.ndpa,170,paly,4916712,2403685,15364,741580787.2951341
USNMPAL_792719_D1357_2023_11_09_10_41_27_Colorado.ndpi.ndpa,171,paly,5200268,2439388,12176,465756743.4597311
USNMPAL_792719_D1357_2023_11_09_10_41_27_Colorado.ndpi.ndpa,172,paly,5027136,2397505,14832,691113388.3946658
USNMPAL_792719_D1357_2023_11_09_10_41_27_Colorado.ndpi.ndpa,173,pol,5417685,2406088,9445,280255275.9812546
USNMPAL_792719_D1357_2023_11_09_10_41_27_Colorado.ndpi.ndpa,174,pol,5701470,2395903,12814,515845102.9233584
USNMPAL_792719_D1357_2023_11_09_10_41_27_Colorado.ndpi.ndpa,175,paly,5835009,2522466,8649,235007469.91190785
USNMPAL_792719_D1357_2023_11_09_10_41_27_Colorado.ndpi.ndpa,176,paly,5824710,2542033,12058,456773007.4084139
USNMPAL_792719_D1357_2023_11_09_10_41_27_Colorado.ndpi.ndpa,177,paly,5826083,2561258,10098,320346958.8158604
USNMPAL_792719_D1357_2023_11_09_10_41_27_Colorado.ndpi.ndpa,178,paly,5728246,2505987,12665,503918451.67945707
USNMPAL_792719_D1357_2023_11_09_10_41_27_Colorado.ndpi.ndpa,179,alg,5676982,2562517,38405,4633673313.39616
USNMPAL_792719_D1357_2023_11_09_10_41_27_Colorado.ndpi.ndpa,180,paly,5425237,2562975,13629,583549707.5725415
USNMPAL_792719_D1357_2023_11_09_10_41_27_Colorado.ndpi.ndpa,181,paly,5312295,2523267,16086,812916617.5209321
USNMPAL_792719_D1357_2023_11_09_10_41_27_Colorado.ndpi.ndpa,182,paly,5244324,2512739,16176,822038483.1180423
USNMPAL_792719_D1357_2023_11_09_10_41_27_Colorado.ndpi.ndpa,183,paly,5304971,2488365,10747,362847696.5786478
USNMPAL_792719_D1357_2023_11_09_10_41_27_Colorado.ndpi.ndpa,184,paly,5219035,2467310,11804,437731977.6978241
USNMPAL_792719_D1357_2023_11_09_10_41_27_Colorado.ndpi.ndpa,185,paly,5073824,2551303,15087,715081682.5983678
USNMPAL_792719_D1357_2023_11_09_10_41_27_Colorado.ndpi.ndpa,186,paly,4841761,2462046,11761,434548617.56990486
USNMPAL_792719_D1357_2023_11_09_10_41_27_Colorado.ndpi.ndpa,187,paly,4605578,2502555,14463,657153227.340295
USNMPAL_792719_D1357_2023_11_09_10_41_27_Colorado.ndpi.ndpa,188,paly,4706619,2505530,13520,574252977.7867397
USNMPAL_792719_D1357_2023_11_09_10_41_27_Colorado.ndpi.ndpa,189,paly,4525706,2514227,12386,481961141.1988003
USNMPAL_792719_D1357_2023_11_09_10_41_27_Colorado.ndpi.ndpa,190,alg,4308862,2525098,38541,4666548999.8081045
USNMPAL_792719_D1357_2023_11_09_10_41_27_Colorado.ndpi.ndpa,191,paly,4269842,2465593,11839,440331661.326633
USNMPAL_792719_D1357_2023_11_09_10_41_27_Colorado.ndpi.ndpa,192,paly,4132412,2528416,12156,464227918.81078815
USNMPAL_792719_D1357_2023_11_09_10_41_27_Colorado.ndpi.ndpa,193,paly,4092704,2473832,12759,511426405.73219454
USNMPAL_792719_D1357_2023_11_09_10_41_27_Colorado.ndpi.ndpa,194,paly,4086525,2541462,11584,421567352.5217494
USNMPAL_792719_D1357_2023_11_09_10_41_27_Colorado.ndpi.ndpa,195,paly,4797591,2573503,8262,214447137.7197082
USNMPAL_792719_D1357_2023_11_09_10_41_27_Colorado.ndpi.ndpa,196,paly,4838556,2580598,16228,827332091.8720824
USNMPAL_792719_D1357_2023_11_09_10_41_27_Colorado.ndpi.ndpa,197,paly,5053226,2618475,12190,466828416.1120943
D3094-1_R_2024_02_20_17_15_37_Colorado.ndpi.ndpa,2,paly,21294038,3406351,10091,319902979.5172771
D3094-1_R_2024_02_20_17_15_37_Colorado.ndpi.ndpa,3,paly,21408010,3397426,11227,395983707.9242392
D3094-1_R_2024_02_20_17_15_37_Colorado.ndpi.ndpa,4,pol,21488682,3455557,8651,235116169.01772204
D3094-1_R_2024_02_20_17_15_37_Colorado.ndpi.ndpa,5,paly,21506762,3469861,14853,693071810.1310239
D3094-1_R_2024_02_20_17_15_37_Colorado.ndpi.ndpa,6,pol,21530220,3491489,7874,194778354.96507812
D3094-1_R_2024_02_20_17_15_37_Colorado.ndpi.ndpa,7,pol,21622222,3416192,18220,1042909486.6639578
D3094-1_R_2024_02_20_17_15_37_Colorado.ndpi.ndpa,8,pol,21638700,3454641,9865,305734220.72039855
D3094-1_R_2024_02_20_17_15_37_Colorado.ndpi.ndpa,9,pol,21613640,3494921,20172,1278344159.7696788
D3094-1_R_2024_02_20_17_15_37_Colorado.ndpi.ndpa,10,paly,21710562,3446173,11692,429464713.2670846
D3094-1_R_2024_02_20_17_15_37_Colorado.ndpi.ndpa,11,paly,21789174,3490802,14981,705068773.3601052
D3094-1_R_2024_02_20_17_15_37_Colorado.ndpi.ndpa,12,pol,21858518,3446860,14763,684698083.4084395
D3094-1_R_2024_02_20_17_15_37_Colorado.ndpi.ndpa,13,pol,21871678,3435989,18240,1045200336.0269556
D3094-1_R_2024_02_20_17_15_37_Colorado.ndpi.ndpa,14,pol,21907724,3425118,7567,179885989.99070558
D3094-1_R_2024_02_20_17_15_37_Colorado.ndpi.ndpa,15,paly,21971804,3407609,17474,959256024.5637412
D3094-1_R_2024_02_20_17_15_37_Colorado.ndpi.ndpa,16,paly,22193568,3427292,17746,989351979.5303069
D3094-1_R_2024_02_20_17_15_37_Colorado.ndpi.ndpa,17,pol,22169652,3458646,19137,1150529043.853019
D3094-1_R_2024_02_20_17_15_37_Colorado.ndpi.ndpa,18,pol,22596818,3437591,8203,211395284.6602682
D3094-1_R_2024_02_20_17_15_37_Colorado.ndpi.ndpa,19,pol,22611808,3462880,7756,188984189.97035632
D3094-1_R_2024_02_20_17_15_37_Colorado.ndpi.ndpa,20,pol,22750384,3407037,15816,785856383.5355303
D3094-1_R_2024_02_20_17_15_37_Colorado.ndpi.ndpa,21,paly,22862752,3417794,15404,745447208.20576
D3094-1_R_2024_02_20_17_15_37_Colorado.ndpi.ndpa,22,paly,22892390,3396739,8255,214083909.9186928
D3094-1_R_2024_02_20_17_15_37_Colorado.ndpi.ndpa,23,pol,23019522,3510141,17680,982006571.4814662
D3094-1_R_2024_02_20_17_15_37_Colorado.ndpi.ndpa,24,paly,22739168,3532684,17289,939051955.261644
D3094-1_R_2024_02_20_17_15_37_Colorado.ndpi.ndpa,25,pol,22672112,3553396,9089,259526720.9272332
D3094-1_R_2024_02_20_17_15_37_Colorado.ndpi.ndpa,26,pol,22643964,3585323,18730,1102111229.4245307
D3094-1_R_2024_02_20_17_15_37_Colorado.ndpi.ndpa,27,pol,22572216,3528107,11881,443461441.5918453
D3094-1_R_2024_02_20_17_15_37_Colorado.ndpi.ndpa,28,pol,22500354,3507852,18131,1032745683.5889506
D3094-1_R_2024_02_20_17_15_37_Colorado.ndpi.ndpa,29,paly,22506534,3554312,21177,1408895382.9761295
D3094-1_R_2024_02_20_17_15_37_Colorado.ndpi.ndpa,30,paly,22437076,3509683,11466,413022534.66325045
D3094-1_R_2024_02_20_17_15_37_Colorado.ndpi.ndpa,31,pol,21732876,3578114,7891,195620317.50420347
D3094-1_R_2024_02_20_17_15_37_Colorado.ndpi.ndpa,32,pol,21501956,3537834,14687,677666570.7311748
D3094-1_R_2024_02_20_17_15_37_Colorado.ndpi.ndpa,33,pol,21423000,3521355,12141,463082949.6602241
D3094-1_R_2024_02_20_17_15_37_Colorado.ndpi.ndpa,34,paly,21538802,3690829,7997,200911161.65670833
D3094-1_R_2024_02_20_17_15_37_Colorado.ndpi.ndpa,35,paly,21836092,3597681,15524,757106789.516587
D3094-1_R_2024_02_20_17_15_37_Colorado.ndpi.ndpa,37,paly,21383068,3433440,17816,997172471.7865942
D3094-1_R_2024_02_20_17_15_37_Colorado.ndpi.ndpa,38,alg,22911318,3513423,24257,1848519554.4955814
D3094-1_R_2024_02_20_17_15_37_Colorado.ndpi.ndpa,39,pol,22967212,3668980,20071,1265575021.340679
D3094-1_R_2024_02_20_17_15_37_Colorado.ndpi.ndpa,40,paly,22928050,3651512,19204,1158599314.7164152
D3094-1_R_2024_02_20_17_15_37_Colorado.ndpi.ndpa,41,pol,22899000,3667326,12180,466062809.9824144
D3094-1_R_2024_02_20_17_15_37_Colorado.ndpi.ndpa,42,paly,22484604,3636803,9774,300119726.5511282
D3094-1_R_2024_02_20_17_15_37_Colorado.ndpi.ndpa,43,pol,22301672,3632390,18661,1094005986.3517148
D3094-1_R_2024_02_20_17_15_37_Colorado.ndpi.ndpa,44,paly,22328148,3642319,20806,1359962900.2727597
D3094-1_R_2024_02_20_17_15_37_Colorado.ndpi.ndpa,45,pol,22272254,3684241,14983,705257042.7246495
D3094-1_R_2024_02_20_17_15_37_Colorado.ndpi.ndpa,46,paly,21716486,3715139,17846,1000533536.1029637
D3094-1_R_2024_02_20_17_15_37_Colorado.ndpi.ndpa,47,paly,21443206,3608412,9368,275704361.72167176
D3094-1_R_2024_02_20_17_15_37_Colorado.ndpi.ndpa,48,alg,21385666,3562136,25983,2120940373.8412037
D3094-1_R_2024_02_20_17_15_37_Colorado.ndpi.ndpa,49,paly,21220578,3816659,8972,252888105.2520044
D3094-1_R_2024_02_20_17_15_37_Colorado.ndpi.ndpa,50,paly,21642280,3723690,7757,189032925.49719146
D3094-1_R_2024_02_20_17_15_37_Colorado.ndpi.ndpa,51,paly,21816548,3772884,11341,404066246.7069477
D3094-1_R_2024_02_20_17_15_37_Colorado.ndpi.ndpa,52,pol,21940780,3752248,13413,565199438.6882524
D3094-1_R_2024_02_20_17_15_37_Colorado.ndpi.ndpa,53,paly,21940780,3824163,8046,203380789.63284385
D3094-1_R_2024_02_20_17_15_37_Colorado.ndpi.ndpa,54,pol,22384990,3830833,15251,730712463.2180034
D3094-1_R_2024_02_20_17_15_37_Colorado.ndpi.ndpa,55,pol,22490660,3777678,14247,637671080.3220294
D3094-1_R_2024_02_20_17_15_37_Colorado.ndpi.ndpa,56,pol,22512338,3724941,12305,475678046.9978077
D3094-1_R_2024_02_20_17_15_37_Colorado.ndpi.ndpa,57,pol,22539852,3799357,7846,193395551.54267403
D3094-1_R_2024_02_20_17_15_37_Colorado.ndpi.ndpa,58,pol,22525888,3709307,18959,1129225627.6088731
D3094-1_R_2024_02_20_17_15_37_Colorado.ndpi.ndpa,59,paly,22654908,3783515,23873,1790456890.3993473
D3094-1_R_2024_02_20_17_15_37_Colorado.ndpi.ndpa,60,paly,22654450,3780325,8576,231057152.7694677
D3094-1_R_2024_02_20_17_15_37_Colorado.ndpi.ndpa,61,alg,22868460,3721091,49900,7822597123.365121
D3094-1_R_2024_02_20_17_15_37_Colorado.ndpi.ndpa,62,pol,23002112,3732602,12918,524252406.9882243
D3094-1_R_2024_02_20_17_15_37_Colorado.ndpi.ndpa,63,pol,22764012,3909111,21077,1395620897.3776512
D3094-1_R_2024_02_20_17_15_37_Colorado.ndpi.ndpa,64,pol,22857162,3940873,20233,1286087258.890945
D3094-1_R_2024_02_20_17_15_37_Colorado.ndpi.ndpa,65,pol,22901712,3920409,11740,432998175.6219126
D3094-1_R_2024_02_20_17_15_37_Colorado.ndpi.ndpa,66,paly,23022788,3880547,13728,592058218.0447428
D3094-1_R_2024_02_20_17_15_37_Colorado.ndpi.ndpa,67,pol,22561920,3888860,16323,837046980.2064475
D3094-1_R_2024_02_20_17_15_37_Colorado.ndpi.ndpa,68,pol,22525258,3828961,19313,1171788829.658392
D3094-1_R_2024_02_20_17_15_37_Colorado.ndpi.ndpa,69,paly,22049680,3986277,21017,1387686365.3080387
D3094-1_R_2024_02_20_17_15_37_Colorado.ndpi.ndpa,70,pol,21503536,3915293,9761,299321903.3887858
D3094-1_R_2024_02_20_17_15_37_Colorado.ndpi.ndpa,71,pol,21333212,3999280,18336,1056231397.7451348
D3094-1_R_2024_02_20_17_15_37_Colorado.ndpi.ndpa,72,spo,21241240,3869541,12999,530847480.1892744
D3094-1_R_2024_02_20_17_15_37_Colorado.ndpi.ndpa,73,pol,21403558,4154501,18794,1109655877.279462
D3094-1_R_2024_02_20_17_15_37_Colorado.ndpi.ndpa,74,pol,21405160,4113420,18680,1096234880.365991
D3094-1_R_2024_02_20_17_15_37_Colorado.ndpi.ndpa,75,alg,21386206,4166737,32997,3420572392.6882076
D3094-1_R_2024_02_20_17_15_37_Colorado.ndpi.ndpa,76,pol,21656646,4144200,20997,1385046547.8330803
D3094-1_R_2024_02_20_17_15_37_Colorado.ndpi.ndpa,77,pol,21805590,4071878,20278,1291814366.5904758
D3094-1_R_2024_02_20_17_15_37_Colorado.ndpi.ndpa,78,paly,21961092,4151166,18494,1074512765.2193453
D3094-1_R_2024_02_20_17_15_37_Colorado.ndpi.ndpa,79,alg,21818294,4152396,35642,3990929025.894296
D3094-1_R_2024_02_20_17_15_37_Colorado.ndpi.ndpa,80,spo,22056772,4170220,14989,705822001.6147299
D3094-1_R_2024_02_20_17_15_37_Colorado.ndpi.ndpa,81,pol,22118438,4058970,22083,1532025583.1401603
D3094-1_R_2024_02_20_17_15_37_Colorado.ndpi.ndpa,82,pol,22132576,4117156,7217,163630132.96397054
D3094-1_R_2024_02_20_17_15_37_Colorado.ndpi.ndpa,83,pol,22016412,4064707,9739,297974160.14039576
D3094-1_R_2024_02_20_17_15_37_Colorado.ndpi.ndpa,84,spo,21993260,4053849,16437,848779697.7942501
D3094-1_R_2024_02_20_17_15_37_Colorado.ndpi.ndpa,85,spo,22181952,4183538,19421,1184930966.2415597
D3094-1_R_2024_02_20_17_15_37_Colorado.ndpi.ndpa,86,pol,22299960,4039712,11603,422951390.5900663
D3094-1_R_2024_02_20_17_15_37_Colorado.ndpi.ndpa,87,pol,22613390,4080483,20459,1314978576.437677
D3094-1_R_2024_02_20_17_15_37_Colorado.ndpi.ndpa,88,pol,22594336,4042375,9504,283767548.2936341
D3094-1_R_2024_02_20_17_15_37_Colorado.ndpi.ndpa,89,paly,22419586,4096668,21251,1418758953.4660113
D3094-1_R_2024_02_20_17_15_37_Colorado.ndpi.ndpa,90,paly,22942804,4032336,23384,1717858853.0683384
D3094-1_R_2024_02_20_17_15_37_Colorado.ndpi.ndpa,91,pol,22934200,4164893,19334,1174338505.415341
D3094-1_R_2024_02_20_17_15_37_Colorado.ndpi.ndpa,92,paly,23010004,4155264,21308,1426380026.8454266
D3094-1_R_2024_02_20_17_15_37_Colorado.ndpi.ndpa,93,pol,22937274,4290282,16523,857684730.6664096
D3094-1_R_2024_02_20_17_15_37_Colorado.ndpi.ndpa,94,paly,22958376,4301960,8268,214758720.87909123
D3094-1_R_2024_02_20_17_15_37_Colorado.ndpi.ndpa,95,pol,22675052,4231687,16190,823462014.1476076
D3094-1_R_2024_02_20_17_15_37_Colorado.ndpi.ndpa,96,pol,22669726,4188252,18362,1059228942.0923722
D3094-1_R_2024_02_20_17_15_37_Colorado.ndpi.ndpa,97,pol,22366330,4271433,22493,1589441833.131992
D3094-1_R_2024_02_20_17_15_37_Colorado.ndpi.ndpa,98,pol,22343590,4247053,18489,1073931837.6138067
D3094-1_R_2024_02_20_17_15_37_Colorado.ndpi.ndpa,99,paly,22302830,4282907,24388,1868539337.972619
D3094-1_R_2024_02_20_17_15_37_Colorado.ndpi.ndpa,100,paly,22272918,4282702,7261,165631428.01527217
D3094-1_R_2024_02_20_17_15_37_Colorado.ndpi.ndpa,101,paly,22374332,4306877,9276,270315751.2057872
D3094-1_R_2024_02_20_17_15_37_Colorado.ndpi.ndpa,102,pol,22236858,4300526,20919,1374775274.0149865
D3094-1_R_2024_02_20_17_15_37_Colorado.ndpi.ndpa,103,pol,22220468,4305239,17196,928976537.7543529
D3094-1_R_2024_02_20_17_15_37_Colorado.ndpi.ndpa,104,paly,21724754,4196302,26787,2254228976.6824703
D3094-1_R_2024_02_20_17_15_37_Colorado.ndpi.ndpa,105,paly,21637106,4311802,21888,1505088483.878816
D3094-1_R_2024_02_20_17_15_37_Colorado.ndpi.ndpa,106,pol,21396198,4219186,16729,879204363.8833462
D3094-1_R_2024_02_20_17_15_37_Colorado.ndpi.ndpa,107,pol,21236232,4284168,16123,816660557.1587726
D3094-1_R_2024_02_20_17_15_37_Colorado.ndpi.ndpa,108,paly,21285884,4299929,8496,226766491.1869009
D3094-1_R_2024_02_20_17_15_37_Colorado.ndpi.ndpa,109,pol,21207088,4354759,21624,1469000481.2794642
D3094-1_R_2024_02_20_17_15_37_Colorado.ndpi.ndpa,110,pol,21622220,4452987,18445,1068826447.9588286
D3094-1_R_2024_02_20_17_15_37_Colorado.ndpi.ndpa,111,paly,21415836,4356054,16476,852812268.1155466
D3094-1_R_2024_02_20_17_15_37_Colorado.ndpi.ndpa,112,pol,21754550,4468747,21605,1466420131.0118456
D3094-1_R_2024_02_20_17_15_37_Colorado.ndpi.ndpa,113,spo,21769448,4354759,19213,1159685529.8011718
D3094-1_R_2024_02_20_17_15_37_Colorado.ndpi.ndpa,114,paly,21806574,4434421,8670,236150064.0184258
D3094-1_R_2024_02_20_17_15_37_Colorado.ndpi.ndpa,115,paly,22185222,4446295,13042,534365319.403836
D3094-1_R_2024_02_20_17_15_37_Colorado.ndpi.ndpa,116,pol,22448808,4397504,23014,1663926315.1700726
D3094-1_R_2024_02_20_17_15_37_Colorado.ndpi.ndpa,117,paly,22254080,4370302,18290,1050938455.0087373
D3094-1_R_2024_02_20_17_15_37_Colorado.ndpi.ndpa,118,pol,22364828,4415639,10890,372568070.1337861
D3094-1_R_2024_02_20_17_15_37_Colorado.ndpi.ndpa,119,pol,22590660,4349361,20358,1302027307.3161778
D3094-1_R_2024_02_20_17_15_37_Colorado.ndpi.ndpa,120,pol,22586558,4427729,18522,1077768862.641973
D3094-1_R_2024_02_20_17_15_37_Colorado.ndpi.ndpa,121,pol,22492650,4448022,16493,854573045.974882
D3094-1_R_2024_02_20_17_15_37_Colorado.ndpi.ndpa,122,pol,22697306,4339646,18160,1036052018.2197021
D3094-1_R_2024_02_20_17_15_37_Colorado.ndpi.ndpa,123,paly,22529134,4341374,19184,1156187325.5406952
D3094-1_R_2024_02_20_17_15_37_Colorado.ndpi.ndpa,124,pol,22518556,4360803,14311,643413006.9141072
D3094-1_R_2024_02_20_17_15_37_Colorado.ndpi.ndpa,125,pol,22733792,4369870,12335,478000312.28734124
D3094-1_R_2024_02_20_17_15_37_Colorado.ndpi.ndpa,126,pol,22765310,4358213,12788,513753895.490311
D3094-1_R_2024_02_20_17_15_37_Colorado.ndpi.ndpa,127,pol,22762516,4459248,17411,952351573.601351
D3094-1_R_2024_02_20_17_15_37_Colorado.ndpi.ndpa,128,paly,22700558,4394914,28842,2613368293.3105235
D3094-1_R_2024_02_20_17_15_37_Colorado.ndpi.ndpa,129,pol,23018992,4444568,16812,887950253.0964527
D3094-1_R_2024_02_20_17_15_37_Colorado.ndpi.ndpa,130,pol,22976894,4413480,24747,1923955351.6298735
D3094-1_R_2024_02_20_17_15_37_Colorado.ndpi.ndpa,131,pol,23011868,4383904,17254,935253754.0354906
D3094-1_R_2024_02_20_17_15_37_Colorado.ndpi.ndpa,132,paly,22992006,4511918,7822,192214212.17395937
D3094-1_R_2024_02_20_17_15_37_Colorado.ndpi.ndpa,133,paly,22998914,4603455,20763,1354347407.0770254
D3094-1_R_2024_02_20_17_15_37_Colorado.ndpi.ndpa,134,pol,22558286,4599569,17961,1013470002.039879
D3094-1_R_2024_02_20_17_15_37_Colorado.ndpi.ndpa,135,paly,22670114,4514725,21528,1455986144.6854444
D3094-1_R_2024_02_20_17_15_37_Colorado.ndpi.ndpa,136,paly,22563236,4447799,18522,1077768862.641973
D3094-1_R_2024_02_20_17_15_37_Colorado.ndpi.ndpa,137,paly,22554602,4626987,16027,806964345.5927331
D3094-1_R_2024_02_20_17_15_37_Colorado.ndpi.ndpa,138,pol,22535598,4522713,10890,372568070.1337861
D3094-1_R_2024_02_20_17_15_37_Colorado.ndpi.ndpa,139,pol,22314534,4537177,18627,1090023100.318235
D3094-1_R_2024_02_20_17_15_37_Colorado.ndpi.ndpa,140,pol,22376276,4486012,22088,1532719419.585669
D3094-1_R_2024_02_20_17_15_37_Colorado.ndpi.ndpa,141,paly,22012080,4503283,10620,354322642.47953266
D3094-1_R_2024_02_20_17_15_37_Colorado.ndpi.ndpa,142,paly,22047702,4505873,24555,1894217085.836475
D3094-1_R_2024_02_20_17_15_37_Colorado.ndpi.ndpa,143,paly,22096706,4565890,8670,236150064.0184258
D3094-1_R_2024_02_20_17_15_37_Colorado.ndpi.ndpa,144,paly,22072528,4634111,26620,2226209209.194475
D3094-1_R_2024_02_20_17_15_37_Colorado.ndpi.ndpa,145,bipol,21790596,4537825,49625,7736613695.931777
D3094-1_R_2024_02_20_17_15_37_Colorado.ndpi.ndpa,146,paly,21949054,4539120,14007,616368066.2017431
D3094-1_R_2024_02_20_17_15_37_Colorado.ndpi.ndpa,147,paly,21416060,4585536,17970,1014485927.1306043
D3094-1_R_2024_02_20_17_15_37_Colorado.ndpi.ndpa,148,pol,21207300,4769034,21381,1436170162.6070304
D3094-1_R_2024_02_20_17_15_37_Colorado.ndpi.ndpa,149,pol,22266604,4735572,17405,951695307.4623867
D3094-1_R_2024_02_20_17_15_37_Colorado.ndpi.ndpa,150,paly,22187374,4758456,9111,260784614.6257305
D3094-1_R_2024_02_20_17_15_37_Colorado.ndpi.ndpa,151,paly,22357494,4785442,17288,938943328.4124608
D3094-1_R_2024_02_20_17_15_37_Colorado.ndpi.ndpa,152,paly,22928468,4672038,20102,1269487444.5925314
D3094-1_R_2024_02_20_17_15_37_Colorado.ndpi.ndpa,153,pol,22911974,4843393,23065,1671309149.0121953
D3094-1_R_2024_02_20_17_15_37_Colorado.ndpi.ndpa,154,pol,22734038,4812963,23229,1695160799.0222623
D3094-1_R_2024_02_20_17_15_37_Colorado.ndpi.ndpa,155,pol,22753318,4911457,13816,599673036.5131848
D3094-1_R_2024_02_20_17_15_37_Colorado.ndpi.ndpa,156,pol,22272124,4943282,20410,1308687282.6798582
D3094-1_R_2024_02_20_17_15_37_Colorado.ndpi.ndpa,157,pol,22380604,4923071,19392,1181394861.80731
D3094-1_R_2024_02_20_17_15_37_Colorado.ndpi.ndpa,158,pol,22380140,4950947,16597,865384397.2692398
D3094-1_R_2024_02_20_17_15_37_Colorado.ndpi.ndpa,159,paly,22301336,4868017,12372,480872227.4859542
D3094-1_R_2024_02_20_17_15_37_Colorado.ndpi.ndpa,160,alg,22237094,4798096,27972,2458085086.1422095
D3094-1_R_2024_02_20_17_15_37_Colorado.ndpi.ndpa,161,pol,21948660,4804600,17729,987457363.5407432
D3094-1_R_2024_02_20_17_15_37_Colorado.ndpi.ndpa,162,pol,21880366,4834799,22053,1527865863.1393952
D3094-1_R_2024_02_20_17_15_37_Colorado.ndpi.ndpa,163,paly,22045292,4876379,17461,957829254.5521501
D3094-1_R_2024_02_20_17_15_37_Colorado.ndpi.ndpa,164,pol,21943548,4931202,19331,1173974096.3754876
D3094-1_R_2024_02_20_17_15_37_Colorado.ndpi.ndpa,165,paly,22020902,4892872,18633,1090725434.7718713
D3094-1_R_2024_02_20_17_15_37_Colorado.ndpi.ndpa,166,paly,22116838,4931898,21190,1410625681.10354
D3094-1_R_2024_02_20_17_15_37_Colorado.ndpi.ndpa,167,pol,21770478,4892040,23449,1727422316.6368005
D3094-1_R_2024_02_20_17_15_37_Colorado.ndpi.ndpa,168,paly,21646122,4900995,13804,598631787.044079
D3094-1_R_2024_02_20_17_15_37_Colorado.ndpi.ndpa,169,pol,21656402,4702684,10827,368269834.1713315
D3094-1_R_2024_02_20_17_15_37_Colorado.ndpi.ndpa,170,pol,21400144,4855232,17811,996612844.1792469
D3094-1_R_2024_02_20_17_15_37_Colorado.ndpi.ndpa,171,paly,21364992,4940458,20261,1289649297.17255
D3094-1_R_2024_02_20_17_15_37_Colorado.ndpi.ndpa,172,paly,21380910,4809135,21215,1413956162.0154269
D3094-1_R_2024_02_20_17_15_37_Colorado.ndpi.ndpa,173,paly,21520624,4914569,19872,1240603578.903574
USNM_792877_D1727_L_2024_03_14_10_25_59_Washington.ndpi.ndpa,2,fun,16504736,2719103,13963,612501770.9548231
USNM_792877_D1727_L_2024_03_14_10_25_59_Washington.ndpi.ndpa,3,pol,16819298,2758425,19660,1214274569.457851
USNM_792877_D1727_L_2024_03_14_10_25_59_Washington.ndpi.ndpa,4,pol,16868842,2779264,17144,923366658.5846907
USNM_792877_D1727_L_2024_03_14_10_25_59_Washington.ndpi.ndpa,5,paly,16390648,2973059,16427,847747244.7845744
USNM_792877_D1727_L_2024_03_14_10_25_59_Washington.ndpi.ndpa,6,pol,16438080,2915086,15268,732342393.7433168
USNM_792877_D1727_L_2024_03_14_10_25_59_Washington.ndpi.ndpa,7,pol,16320094,3148296,17901,1006710174.2952968
USNM_792877_D1727_L_2024_03_14_10_25_59_Washington.ndpi.ndpa,8,pol,16418646,3161208,17523,964643394.1505277
USNM_792877_D1727_L_2024_03_14_10_25_59_Washington.ndpi.ndpa,9,pol,16348026,3163580,13260,552378696.4583247
USNM_792877_D1727_L_2024_03_14_10_25_59_Washington.ndpi.ndpa,10,paly,16426815,3148428,17147,923689843.6457434
USNM_792877_D1727_L_2024_03_14_10_25_59_Washington.ndpi.ndpa,11,pol,16373674,3315129,10418,340971891.5777958
USNM_792877_D1727_L_2024_03_14_10_25_59_Washington.ndpi.ndpa,12,pol,16322753,3253908,13663,586464879.3604017
USNM_792877_D1727_L_2024_03_14_10_25_59_Washington.ndpi.ndpa,13,pol,16349415,3291556,9416,278536922.18911326
USNM_792877_D1727_L_2024_03_14_10_25_59_Washington.ndpi.ndpa,14,pol,16569134,3372123,15569,761502458.8336002
USNM_792877_D1727_L_2024_03_14_10_25_59_Washington.ndpi.ndpa,15,fun,16946418,3281750,29829,2795292510.9157662
USNM_792877_D1727_L_2024_03_14_10_25_59_Washington.ndpi.ndpa,16,fun,16851312,3297897,10063,318130141.0837445
USNM_792877_D1727_L_2024_03_14_10_25_59_Washington.ndpi.ndpa,17,fun,16902704,3207120,10165,324612050.9758196
USNM_792877_D1727_L_2024_03_14_10_25_59_Washington.ndpi.ndpa,18,pol,16336686,2832035,13602,581239892.4146941
USNM_792877_D1727_L_2024_03_14_10_25_59_Washington.ndpi.ndpa,19,pol,16358648,2823290,7730,187719271.67068556
USNM_792877_D1727_L_2024_03_14_10_25_59_Washington.ndpi.ndpa,20,pol,16562616,2785464,13480,570860057.7208627
USNM_792877_D1727_L_2024_03_14_10_25_59_Washington.ndpi.ndpa,21,pol,16776555,2878403,18398,1063386400.1464268
USNM_792877_D1727_L_2024_03_14_10_25_59_Washington.ndpi.ndpa,22,fun,16795468,2694558,10547,349468281.78553957
USNM_792877_D1727_L_2024_03_14_10_25_59_Washington.ndpi.ndpa,23,pol,16652297,2754755,13142,542591265.6079955
USNM_792877_D1727_L_2024_03_14_10_25_59_Washington.ndpi.ndpa,24,pol,16861558,2708997,13667,586808318.2692921
USNM_792877_D1727_L_2024_03_14_10_25_59_Washington.ndpi.ndpa,25,fun,17114128,2735638,9363,275410135.8616998
USNM_792877_D1727_L_2024_03_14_10_25_59_Washington.ndpi.ndpa,26,paly,17134870,2732994,20531,1324250296.0043633
USNM_792877_D1727_L_2024_03_14_10_25_59_Washington.ndpi.ndpa,27,pol,17181848,2806614,12432,485547671.33673275
USNM_792877_D1727_L_2024_03_14_10_25_59_Washington.ndpi.ndpa,28,pol,17148088,2881047,14314,643682791.1832342
USNM_792877_D1727_L_2024_03_14_10_25_59_Washington.ndpi.ndpa,29,fun,17196490,2698219,9486,282693689.09278405
USNM_792877_D1727_L_2024_03_14_10_25_59_Washington.ndpi.ndpa,30,paly,17397002,2806614,18960,1129344753.6607046
USNM_792877_D1727_L_2024_03_14_10_25_59_Washington.ndpi.ndpa,31,paly,17490336,2819020,16746,880992165.7226877
USNM_792877_D1727_L_2024_03_14_10_25_59_Washington.ndpi.ndpa,32,fun,17685364,2776312,9221,267119699.04354742
USNM_792877_D1727_L_2024_03_14_10_25_59_Washington.ndpi.ndpa,33,paly,17636956,2767974,13195,546976492.271028
USNM_792877_D1727_L_2024_03_14_10_25_59_Washington.ndpi.ndpa,34,fun,18094318,2854609,12511,491738170.23585343
USNM_792877_D1727_L_2024_03_14_10_25_59_Washington.ndpi.ndpa,35,fun,17916576,2903422,10496,346096746.5408556
USNM_792877_D1727_L_2024_03_14_10_25_59_Washington.ndpi.ndpa,36,fun,17996500,2996565,10102,320600799.50227046
USNM_792877_D1727_L_2024_03_14_10_25_59_Washington.ndpi.ndpa,37,pol,18011752,3024223,12977,529052147.9523421
USNM_792877_D1727_L_2024_03_14_10_25_59_Washington.ndpi.ndpa,38,pol,17577372,2893253,16280,832642690.359193
USNM_792877_D1727_L_2024_03_14_10_25_59_Washington.ndpi.ndpa,39,pol,17752672,3019952,14644,673704290.4039098
USNM_792877_D1727_L_2024_03_14_10_25_59_Washington.ndpi.ndpa,40,pol,17564976,2908303,11563,420040265.1735439
USNM_792877_D1727_L_2024_03_14_10_25_59_Washington.ndpi.ndpa,41,pol,17435636,2952840,11768,435066047.30472904
USNM_792877_D1727_L_2024_03_14_10_25_59_Washington.ndpi.ndpa,42,pol,17217842,3045373,13962,612414041.9799716
USNM_792877_D1727_L_2024_03_14_10_25_59_Washington.ndpi.ndpa,43,fun,17073250,3027273,14767,685069168.3326815
USNM_792877_D1727_L_2024_03_14_10_25_59_Washington.ndpi.ndpa,44,fun,16981126,2972567,11477,413815387.8260149
USNM_792877_D1727_L_2024_03_14_10_25_59_Washington.ndpi.ndpa,45,paly,16913618,2993311,13218,548885006.6664912
USNM_792877_D1727_L_2024_03_14_10_25_59_Washington.ndpi.ndpa,46,pol,16920532,2937181,11735,432629431.1841975
USNM_792877_D1727_L_2024_03_14_10_25_59_Washington.ndpi.ndpa,47,fun,16643150,3026460,5826,106632804.92771715
USNM_792877_D1727_L_2024_03_14_10_25_59_Washington.ndpi.ndpa,48,pol,16350108,2895897,11022,381654762.45954674
USNM_792877_D1727_L_2024_03_14_10_25_59_Washington.ndpi.ndpa,49,pol,16762930,3096423,13834,601236607.1768764
USNM_792877_D1727_L_2024_03_14_10_25_59_Washington.ndpi.ndpa,50,pol,16772080,3137301,13649,585263634.8606339
USNM_792877_D1727_L_2024_03_14_10_25_59_Washington.ndpi.ndpa,51,pol,16721036,3151943,11749,433662311.4504741
USNM_792877_D1727_L_2024_03_14_10_25_59_Washington.ndpi.ndpa,52,pol,17380328,3123878,10097,320283514.35222113
USNM_792877_D1727_L_2024_03_14_10_25_59_Washington.ndpi.ndpa,53,pol,17145442,3224343,13055,535431139.2690855
USNM_792877_D1727_L_2024_03_14_10_25_59_Washington.ndpi.ndpa,54,pol,17135680,3220275,11541,418443431.326836
USNM_792877_D1727_L_2024_03_14_10_25_59_Washington.ndpi.ndpa,55,pol,17877130,3074256,17448,956403546.3988761
USNM_792877_D1727_L_2024_03_14_10_25_59_Washington.ndpi.ndpa,56,paly,17841134,3182855,10951,376753617.16775644
USNM_792877_D1727_L_2024_03_14_10_25_59_Washington.ndpi.ndpa,57,pol,18083538,3198108,12635,501533982.8553824
USNM_792877_D1727_L_2024_03_14_10_25_59_Washington.ndpi.ndpa,58,fun,18069506,3361823,14352,647104953.1935308
USNM_792877_D1727_L_2024_03_14_10_25_59_Washington.ndpi.ndpa,59,fun,18013988,3312608,10732,361835522.54955095
USNM_792877_D1727_L_2024_03_14_10_25_59_Washington.ndpi.ndpa,60,fun,17816120,3291661,9782,300611222.438597
USNM_792877_D1727_L_2024_03_14_10_25_59_Washington.ndpi.ndpa,61,pol,17757758,3275595,18131,1032745683.5889506
USNM_792877_D1727_L_2024_03_14_10_25_59_Washington.ndpi.ndpa,62,pol,17716272,3325624,13312,556719573.2578665
USNM_792877_D1727_L_2024_03_14_10_25_59_Washington.ndpi.ndpa,63,pol,17734778,3228616,12667,504077617.3296585
USNM_792877_D1727_L_2024_03_14_10_25_59_Washington.ndpi.ndpa,64,pol,17858828,3207059,12014,453445533.0006965
USNM_792877_D1727_L_2024_03_14_10_25_59_Washington.ndpi.ndpa,65,pol,17247124,3393752,14008,616456077.9199334
USNM_792877_D1727_L_2024_03_14_10_25_59_Washington.ndpi.ndpa,66,fun,17100096,3342707,8307,216789524.91018802
USNM_792877_D1727_L_2024_03_14_10_25_59_Washington.ndpi.ndpa,67,fun,17002074,3349824,10235,329098245.2851458
USNM_792877_D1727_L_2024_03_14_10_25_59_Washington.ndpi.ndpa,68,pol,17094808,3346367,12137,462777863.31444865
USNM_792877_D1727_L_2024_03_14_10_25_59_Washington.ndpi.ndpa,69,paly,16986828,3351451,13570,578508265.0360271
USNM_792877_D1727_L_2024_03_14_10_25_59_Washington.ndpi.ndpa,70,pol,16978896,3288611,9261,269442215.66049325
USNM_792877_D1727_L_2024_03_14_10_25_59_Washington.ndpi.ndpa,71,pol,16908938,3288000,15136,719734151.9820706
USNM_792877_D1727_L_2024_03_14_10_25_59_Washington.ndpi.ndpa,72,pol,16750320,3274374,13595,580641799.1468962
USNM_792877_D1727_L_2024_03_14_10_25_59_Washington.ndpi.ndpa,73,pol,16744219,3232277,13312,556719573.2578665
USNM_792877_D1727_L_2024_03_14_10_25_59_Washington.ndpi.ndpa,74,fun,16360480,3389278,17405,951695307.4623867
USNM_792877_D1727_L_2024_03_14_10_25_59_Washington.ndpi.ndpa,75,fun,16313706,3324200,12370,480716768.915084
USNM_792877_D1727_L_2024_03_14_10_25_59_Washington.ndpi.ndpa,76,pol,16495106,3482618,10192,326338792.82034606
USNM_792877_D1727_L_2024_03_14_10_25_59_Washington.ndpi.ndpa,77,pol,16501411,3609520,12605,499155168.8980842
USNM_792877_D1727_L_2024_03_14_10_25_59_Washington.ndpi.ndpa,78,fun,16625456,3602606,16395,844447617.4541384
USNM_792877_D1727_L_2024_03_14_10_25_59_Washington.ndpi.ndpa,79,pol,16764370,3514442,9902,308031915.61378837
USNM_792877_D1727_L_2024_03_14_10_25_59_Washington.ndpi.ndpa,80,pol,16797948,3541616,12862,519716952.5060898
USNM_792877_D1727_L_2024_03_14_10_25_59_Washington.ndpi.ndpa,81,pol,16843030,3521738,13889,606026797.6993272
USNM_792877_D1727_L_2024_03_14_10_25_59_Washington.ndpi.ndpa,82,pol,16980532,3432185,15082,714607789.054537
USNM_792877_D1727_L_2024_03_14_10_25_59_Washington.ndpi.ndpa,83,pol,16978892,3439768,13206,547888845.3351496
USNM_792877_D1727_L_2024_03_14_10_25_59_Washington.ndpi.ndpa,84,fun,16918034,3549608,11759,434400837.05148
USNM_792877_D1727_L_2024_03_14_10_25_59_Washington.ndpi.ndpa,85,fun,17070904,3572764,12055,456545747.73744583
USNM_792877_D1727_L_2024_03_14_10_25_59_Washington.ndpi.ndpa,86,pol,17129306,3605962,11211,394855851.02885926
USNM_792877_D1727_L_2024_03_14_10_25_59_Washington.ndpi.ndpa,87,fun,17215170,3543460,17894,1005923001.13205
USNM_792877_D1727_L_2024_03_14_10_25_59_Washington.ndpi.ndpa,88,pol,17257384,3415792,13770,595686493.6658561
USNM_792877_D1727_L_2024_03_14_10_25_59_Washington.ndpi.ndpa,89,pol,17345912,3489975,10448,342938465.7470899
USNM_792877_D1727_L_2024_03_14_10_25_59_Washington.ndpi.ndpa,90,pol,17361896,3488130,13600,581068977.2079681
USNM_792877_D1727_L_2024_03_14_10_25_59_Washington.ndpi.ndpa,91,pol,17461076,3553911,15082,714607789.054537
USNM_792877_D1727_L_2024_03_14_10_25_59_Washington.ndpi.ndpa,92,pol,17420092,3515795,12216,468821932.57998556
USNM_792877_D1727_L_2024_03_14_10_25_59_Washington.ndpi.ndpa,93,pol,17460464,3494278,19185,1156307865.3092206
USNM_792877_D1727_L_2024_03_14_10_25_59_Washington.ndpi.ndpa,94,pol,17514154,3516205,9205,266193507.2637867
USNM_792877_D1727_L_2024_03_14_10_25_59_Washington.ndpi.ndpa,95,pol,17658828,3472761,14783,686554513.3392988
USNM_792877_D1727_L_2024_03_14_10_25_59_Washington.ndpi.ndpa,96,paly,17642434,3591002,21123,1401719357.0368
USNM_792877_D1727_L_2024_03_14_10_25_59_Washington.ndpi.ndpa,97,fun,17633212,3569896,9077,258841878.86149183
USNM_792877_D1727_L_2024_03_14_10_25_59_Washington.ndpi.ndpa,98,paly,17731372,3485056,8449,224264479.6736922
USNM_792877_D1727_L_2024_03_14_10_25_59_Washington.ndpi.ndpa,99,pol,17913752,3596536,14114,625820951.9919841
USNM_792877_D1727_L_2024_03_14_10_25_59_Washington.ndpi.ndpa,100,pol,17911702,3555346,10655,356661950.90921193
USNM_792877_D1727_L_2024_03_14_10_25_59_Washington.ndpi.ndpa,101,pol,17886496,3481368,7251,165175520.0893832
USNM_792877_D1727_L_2024_03_14_10_25_59_Washington.ndpi.ndpa,102,pol,17991416,3457596,14723,680992763.3690896
USNM_792877_D1727_L_2024_03_14_10_25_59_Washington.ndpi.ndpa,103,paly,16616386,3516000,11882,443536095.2580725
USNM_792877_D1727_L_2024_03_14_10_25_59_Washington.ndpi.ndpa,104,fun,16332571,3740805,10983,378958663.35219926
USNM_792877_D1727_L_2024_03_14_10_25_59_Washington.ndpi.ndpa,105,fun,16326834,3735067,12582,497335241.132267
USNM_792877_D1727_L_2024_03_14_10_25_59_Washington.ndpi.ndpa,106,pol,16366793,3769904,17687,982784332.4331228
USNM_792877_D1727_L_2024_03_14_10_25_59_Washington.ndpi.ndpa,107,pol,16292612,3654531,13025,532973157.1769169
USNM_792877_D1727_L_2024_03_14_10_25_59_Washington.ndpi.ndpa,108,pol,16445688,3651662,9622,290857708.222556
USNM_792877_D1727_L_2024_03_14_10_25_59_Washington.ndpi.ndpa,109,pol,16511057,3669081,20008,1257642572.1469958
USNM_792877_D1727_L_2024_03_14_10_25_59_Washington.ndpi.ndpa,110,pol,16401219,3773183,13658,586035722.0959581
USNM_792877_D1727_L_2024_03_14_10_25_59_Washington.ndpi.ndpa,111,pol,16522738,3735887,13754,594302986.5266976
USNM_792877_D1727_L_2024_03_14_10_25_59_Washington.ndpi.ndpa,112,pol,16537902,3748182,12686,505590944.5020413
USNM_792877_D1727_L_2024_03_14_10_25_59_Washington.ndpi.ndpa,113,pol,16685651,3621948,19027,1137340512.229543
USNM_792877_D1727_L_2024_03_14_10_25_59_Washington.ndpi.ndpa,114,pol,16743439,3775232,14993,706198766.5384896
USNM_792877_D1727_L_2024_03_14_10_25_59_Washington.ndpi.ndpa,115,fun,17348164,3762937,7113,158948154.6004726
USNM_792877_D1727_L_2024_03_14_10_25_59_Washington.ndpi.ndpa,116,pol,17678500,3687319,12560,495597550.8373428
USNM_792877_D1727_L_2024_03_14_10_25_59_Washington.ndpi.ndpa,117,pol,17778298,3746748,18938,1126725431.9362183
USNM_792877_D1727_L_2024_03_14_10_25_59_Washington.ndpi.ndpa,118,pol,17743460,3765806,16378,842697307.3815247
USNM_792877_D1727_L_2024_03_14_10_25_59_Washington.ndpi.ndpa,119,pol,17895924,3698180,16318,836534256.5774183
USNM_792877_D1727_L_2024_03_14_10_25_59_Washington.ndpi.ndpa,120,pol,17977074,3744084,14573,667187348.6121546
USNM_792877_D1727_L_2024_03_14_10_25_59_Washington.ndpi.ndpa,121,fun,18096542,3674204,18156,1035595657.904471
USNM_792877_D1727_L_2024_03_14_10_25_59_Washington.ndpi.ndpa,122,pol,18065804,3820113,14664,675545766.353738
USNM_792877_D1727_L_2024_03_14_10_25_59_Washington.ndpi.ndpa,123,fun,18043058,3809867,10159,324228952.60127026
USNM_792877_D1727_L_2024_03_14_10_25_59_Washington.ndpi.ndpa,124,pol,17992032,3805563,12461,487815577.6485812
USNM_792877_D1727_L_2024_03_14_10_25_59_Washington.ndpi.ndpa,125,pol,18083018,3882615,11464,412878461.22415686
USNM_792877_D1727_L_2024_03_14_10_25_59_Washington.ndpi.ndpa,126,pol,17794284,3817449,11278,399589486.60036016
USNM_792877_D1727_L_2024_03_14_10_25_59_Washington.ndpi.ndpa,127,paly,17733010,3824826,14271,639821286.8651111
USNM_792877_D1727_L_2024_03_14_10_25_59_Washington.ndpi.ndpa,128,paly,17643048,3919706,15692,773582206.1706961
USNM_792877_D1727_L_2024_03_14_10_25_59_Washington.ndpi.ndpa,129,fun,17495916,3886304,18471,1071841798.8532265
USNM_792877_D1727_L_2024_03_14_10_25_59_Washington.ndpi.ndpa,130,pol,17407798,3968889,9776,300242562.82388353
USNM_792877_D1727_L_2024_03_14_10_25_59_Washington.ndpi.ndpa,131,fun,17227056,3901878,15139,720019487.1348329
USNM_792877_D1727_L_2024_03_14_10_25_59_Washington.ndpi.ndpa,132,pol,17223572,3946142,13669,586980075.4228492
USNM_792877_D1727_L_2024_03_14_10_25_59_Washington.ndpi.ndpa,133,pol,16994264,3894296,14619,671405979.7583599
USNM_792877_D1727_L_2024_03_14_10_25_59_Washington.ndpi.ndpa,134,pol,16973976,3867656,15826,786850446.2829791
USNM_792877_D1727_L_2024_03_14_10_25_59_Washington.ndpi.ndpa,135,pol,16984428,3870319,10059,317877280.5742424
USNM_792877_D1727_L_2024_03_14_10_25_59_Washington.ndpi.ndpa,136,fun,17070700,3822982,8075,204849512.47273096
USNM_792877_D1727_L_2024_03_14_10_25_59_Washington.ndpi.ndpa,137,fun,16491589,3939584,9735,297729442.63905174
USNM_792877_D1727_L_2024_03_14_10_25_59_Washington.ndpi.ndpa,138,fun,16407367,3878312,10532,348474957.3123643
USNM_792877_D1727_L_2024_03_14_10_25_59_Washington.ndpi.ndpa,139,fun,16510852,3958356,34356,3708130935.394448
USNM_792877_D1727_L_2024_03_14_10_25_59_Washington.ndpi.ndpa,140,pol,16610853,3971266,14092,623871493.2194667
USNM_792877_D1727_L_2024_03_14_10_25_59_Washington.ndpi.ndpa,141,fun,16281750,3945651,13934,609960181.6573646
USNM_792877_D1727_L_2024_03_14_10_25_59_Washington.ndpi.ndpa,142,pol,16352243,4067993,16200,824479576.0081053
USNM_792877_D1727_L_2024_03_14_10_25_59_Washington.ndpi.ndpa,143,fun,16355932,4088281,14271,639821286.8651111
USNM_792877_D1727_L_2024_03_14_10_25_59_Washington.ndpi.ndpa,144,fun,16551426,3977826,16517,857061941.3387619
USNM_792877_D1727_L_2024_03_14_10_25_59_Washington.ndpi.ndpa,145,pol,16780732,4142996,15396,744673119.7759155
USNM_792877_D1727_L_2024_03_14_10_25_59_Washington.ndpi.ndpa,146,fun,16842416,4137258,10837,368950428.8038052
USNM_792877_D1727_L_2024_03_14_10_25_59_Washington.ndpi.ndpa,147,pol,16651839,4103650,12862,519716952.5060898
USNM_792877_D1727_L_2024_03_14_10_25_59_Washington.ndpi.ndpa,148,pol,16870694,4015532,16204,824886776.681493
USNM_792877_D1727_L_2024_03_14_10_25_59_Washington.ndpi.ndpa,149,pol,16912292,4071887,13187,546313440.291932
USNM_792877_D1727_L_2024_03_14_10_25_59_Washington.ndpi.ndpa,150,pol,17215376,4067379,16485,853744218.4346412
USNM_792877_D1727_L_2024_03_14_10_25_59_Washington.ndpi.ndpa,151,fun,17216196,4015943,24003,1810009786.0841715
USNM_792877_D1727_L_2024_03_14_10_25_59_Washington.ndpi.ndpa,152,pol,17356976,4045861,14959,702999469.1110387
USNM_792877_D1727_L_2024_03_14_10_25_59_Washington.ndpi.ndpa,153,fun,17415176,4033771,10913,374143481.4601891
USNM_792877_D1727_L_2024_03_14_10_25_59_Washington.ndpi.ndpa,154,fun,17473374,4013483,10860,370518180.92731875
USNM_792877_D1727_L_2024_03_14_10_25_59_Washington.ndpi.ndpa,155,fun,17676244,4141561,9102,260269654.18273205
USNM_792877_D1727_L_2024_03_14_10_25_59_Washington.ndpi.ndpa,156,pol,17680140,4004262,14777,685997320.466258
USNM_792877_D1727_L_2024_03_14_10_25_59_Washington.ndpi.ndpa,157,pol,17853848,4124300,11598,422586950.1342866
USNM_792877_D1727_L_2024_03_14_10_25_59_Washington.ndpi.ndpa,158,pol,17874516,3981897,17318,942204867.0735646
USNM_792877_D1727_L_2024_03_14_10_25_59_Washington.ndpi.ndpa,159,fun,17966322,3970204,10268,331223843.732972
USNM_792877_D1727_L_2024_03_14_10_25_59_Washington.ndpi.ndpa,160,pol,18089956,4076736,13953,611624763.9496471
USNM_792877_D1727_L_2024_03_14_10_25_59_Washington.ndpi.ndpa,161,fun,18002698,4163997,10268,331223843.732972
USNM_792877_D1727_L_2024_03_14_10_25_59_Washington.ndpi.ndpa,162,pol,17692420,4164430,17258,935687444.6181334
USNM_792877_D1727_L_2024_03_14_10_25_59_Washington.ndpi.ndpa,163,fun,17363956,4228956,13081,537565964.5745354
USNM_792877_D1727_L_2024_03_14_10_25_59_Washington.ndpi.ndpa,164,pol,17421550,4239132,11958,449228158.49155265
USNM_792877_D1727_L_2024_03_14_10_25_59_Washington.ndpi.ndpa,165,pol,16852532,4222893,12811,515603592.9881137
USNM_792877_D1727_L_2024_03_14_10_25_59_Washington.ndpi.ndpa,166,fun,16865956,4249309,10873,371405771.95814484
USNM_792877_D1727_L_2024_03_14_10_25_59_Washington.ndpi.ndpa,167,fun,16336125,4193445,13108,539787394.1646667
D1911_1_2024_02_29_18_10_06_Wyoming.ndpi.ndpa,2,paly,18704762,174852,22252,1555564327.380337
D1911_1_2024_02_29_18_10_06_Wyoming.ndpi.ndpa,3,pol,18751880,241855,17087,917236886.6715639
D1911_1_2024_02_29_18_10_06_Wyoming.ndpi.ndpa,4,pol,19073912,228887,9867,305858200.5328798
D1911_1_2024_02_29_18_10_06_Wyoming.ndpi.ndpa,5,pol,19264758,132489,12363,480172861.83737534
D1911_1_2024_02_29_18_10_06_Wyoming.ndpi.ndpa,6,pol,19269730,257850,16165,820920858.3899351
D1911_1_2024_02_29_18_10_06_Wyoming.ndpi.ndpa,7,din,19369588,202950,15081,714513029.1953268
D1911_1_2024_02_29_18_10_06_Wyoming.ndpi.ndpa,8,paly,19804028,213757,23142,1682486744.0365162
D1911_1_2024_02_29_18_10_06_Wyoming.ndpi.ndpa,9,paly,19638036,150861,10678,358203401.6190297
D1911_1_2024_02_29_18_10_06_Wyoming.ndpi.ndpa,10,pol,20056050,218296,13935,610047734.7030275
D1911_1_2024_02_29_18_10_06_Wyoming.ndpi.ndpa,11,paly,20200868,343227,16146,818992206.3855624
D1911_1_2024_02_29_18_10_06_Wyoming.ndpi.ndpa,12,pol,20317148,326152,15735,777827631.9606439
D1911_1_2024_02_29_18_10_06_Wyoming.ndpi.ndpa,13,paly,20300074,423415,22315,1564385043.047267
D1911_1_2024_02_29_18_10_06_Wyoming.ndpi.ndpa,14,pol,19607128,466426,15612,765714652.8564582
D1911_1_2024_02_29_18_10_06_Wyoming.ndpi.ndpa,15,pol,19426862,480476,20321,1297298823.9566288
D1911_1_2024_02_29_18_10_06_Wyoming.ndpi.ndpa,16,paly,19427726,444164,20008,1257642572.1469958
D1911_1_2024_02_29_18_10_06_Wyoming.ndpi.ndpa,17,paly,19352512,399639,23543,1741299510.5026846
D1911_1_2024_02_29_18_10_06_Wyoming.ndpi.ndpa,18,pol,19255034,382997,13997,615488294.5950317
D1911_1_2024_02_29_18_10_06_Wyoming.ndpi.ndpa,19,pol,19055972,333284,24674,1912621324.14096
D1911_1_2024_02_29_18_10_06_Wyoming.ndpi.ndpa,20,paly,18970600,379322,15297,735127054.347569
D1911_1_2024_02_29_18_10_06_Wyoming.ndpi.ndpa,21,paly,18917000,428170,20921,1375038162.4882388
D1911_1_2024_02_29_18_10_06_Wyoming.ndpi.ndpa,22,paly,18710164,413904,14703,679143873.2605989
D1911_1_2024_02_29_18_10_06_Wyoming.ndpi.ndpa,23,paly,18568166,475504,27571,2388113200.358116
D1911_1_2024_02_29_18_10_06_Wyoming.ndpi.ndpa,24,paly,18495330,419956,14558,665814582.5782787
D1911_1_2024_02_29_18_10_06_Wyoming.ndpi.ndpa,25,din,18667154,554393,22079,1531470627.081089
D1911_1_2024_02_29_18_10_06_Wyoming.ndpi.ndpa,26,paly,19033714,597837,19305,1170818253.457621
D1911_1_2024_02_29_18_10_06_Wyoming.ndpi.ndpa,27,spo,19164904,670460,32607,3340192985.354227
D1911_1_2024_02_29_18_10_06_Wyoming.ndpi.ndpa,28,paly,19311444,558932,17178,927032733.848612
D1911_1_2024_02_29_18_10_06_Wyoming.ndpi.ndpa,29,paly,19877088,626584,23079,1673338668.131897
D1911_1_2024_02_29_18_10_06_Wyoming.ndpi.ndpa,30,paly,19821106,457995,17315,941878458.7384493
D1911_1_2024_02_29_18_10_06_Wyoming.ndpi.ndpa,31,paly,18650730,493442,17162,925306617.1810236
D1911_1_2024_02_29_18_10_06_Wyoming.ndpi.ndpa,32,pol,18693956,795170,20588,1331613507.458772
D1911_1_2024_02_29_18_10_06_Wyoming.ndpi.ndpa,33,pol,18626088,818945,23175,1687288545.8854146
D1911_1_2024_02_29_18_10_06_Wyoming.ndpi.ndpa,34,spo,18834442,832778,35087,3867607078.6226535
D1911_1_2024_02_29_18_10_06_Wyoming.ndpi.ndpa,35,paly,18788834,678023,30425,2908111451.0704083
D1911_1_2024_02_29_18_10_06_Wyoming.ndpi.ndpa,36,pol,19267786,768369,20916,1374380988.4289978
D1911_1_2024_02_29_18_10_06_Wyoming.ndpi.ndpa,37,pol,19855688,703744,20495,1319610364.7169409
D1911_1_2024_02_29_18_10_06_Wyoming.ndpi.ndpa,38,paly,19895674,810084,26493,2205018064.0469904
D1911_1_2024_02_29_18_10_06_Wyoming.ndpi.ndpa,39,paly,20068202,809436,14495,660064403.0222998
D1911_1_2024_02_29_18_10_06_Wyoming.ndpi.ndpa,40,paly,20020436,768153,19626,1210078268.7522275
D1911_1_2024_02_29_18_10_06_Wyoming.ndpi.ndpa,41,pol,19965106,946682,15859,790135311.2695359
D1911_1_2024_02_29_18_10_06_Wyoming.ndpi.ndpa,42,pol,19987152,845528,12739,509824319.1425699
D1911_1_2024_02_29_18_10_06_Wyoming.ndpi.ndpa,43,pol,19899394,839692,16575,863091713.2161324
D1911_1_2024_02_29_18_10_06_Wyoming.ndpi.ndpa,44,paly,19846226,1018872,21614,1467642119.447905
D1911_1_2024_02_29_18_10_06_Wyoming.ndpi.ndpa,45,pol,19891830,867358,23974,1805638784.5526745
D1911_1_2024_02_29_18_10_06_Wyoming.ndpi.ndpa,46,pol,19596580,984722,12182,466215880.94286793
D1911_1_2024_02_29_18_10_06_Wyoming.ndpi.ndpa,47,paly,19016248,876220,32438,3305658698.2424126
D1911_1_2024_02_29_18_10_06_Wyoming.ndpi.ndpa,48,pol,19104864,891134,24924,1951575502.2491467
D1911_1_2024_02_29_18_10_06_Wyoming.ndpi.ndpa,49,pol,18754514,924419,23662,1758947077.3669968
D1911_1_2024_02_29_18_10_06_Wyoming.ndpi.ndpa,50,pol,18485430,935875,20433,1311638460.2611213
D1911_1_2024_02_29_18_10_06_Wyoming.ndpi.ndpa,51,pol,18626782,1083712,18222,1043138458.502922
D1911_1_2024_02_29_18_10_06_Wyoming.ndpi.ndpa,52,pol,19534816,914759,24071,1820279752.9997215
D1911_1_2024_02_29_18_10_06_Wyoming.ndpi.ndpa,53,pol,19733420,1101445,14855,693258471.0001296
D1911_1_2024_02_29_18_10_06_Wyoming.ndpi.ndpa,54,paly,20031088,1059435,27499,2375656659.822926
D1911_1_2024_02_29_18_10_06_Wyoming.ndpi.ndpa,55,pol,20058496,1076060,14372,648909735.3411651
D1911_1_2024_02_29_18_10_06_Wyoming.ndpi.ndpa,56,din,20078044,1044833,21399,1438589314.6140006
D1911_1_2024_02_29_18_10_06_Wyoming.ndpi.ndpa,57,paly,20076246,1251288,26222,2160138009.67208
D1911_1_2024_02_29_18_10_06_Wyoming.ndpi.ndpa,58,pol,19409462,1171311,23914,1796612109.212968
D1911_1_2024_02_29_18_10_06_Wyoming.ndpi.ndpa,59,paly,19394632,1212198,19411,1183711022.9823177
D1911_1_2024_02_29_18_10_06_Wyoming.ndpi.ndpa,60,pol,18656214,1310372,11651,426458011.177262
D1911_1_2024_02_29_18_10_06_Wyoming.ndpi.ndpa,61,paly,18547710,1206582,20236,1286468670.2302392
D1911_1_2024_02_29_18_10_06_Wyoming.ndpi.ndpa,62,paly,18672164,1280493,16883,895466026.573305
D1911_1_2024_02_29_18_10_06_Wyoming.ndpi.ndpa,63,paly,19243216,1197820,11516,416632538.7814905
D1911_1_2024_02_29_18_10_06_Wyoming.ndpi.ndpa,64,paly,19354422,1264093,32124,3241970861.7034783
D1911_1_2024_02_29_18_10_06_Wyoming.ndpi.ndpa,65,pol,19591878,1327445,25157,1988234347.941619
D1911_1_2024_02_29_18_10_06_Wyoming.ndpi.ndpa,66,paly,20220872,1365652,21342,1430935650.352397
D1911_1_2024_02_29_18_10_06_Wyoming.ndpi.ndpa,67,paly,20135602,1480829,28180,2494777681.964559
D1911_1_2024_02_29_18_10_06_Wyoming.ndpi.ndpa,68,pol,20182124,1306905,22306,1563123413.9951043
D1911_1_2024_02_29_18_10_06_Wyoming.ndpi.ndpa,69,pol,19343788,1376709,20824,1362317021.3118007
D1911_1_2024_02_29_18_10_06_Wyoming.ndpi.ndpa,70,paly,19370308,1397476,23657,1758203792.2531207
D1911_1_2024_02_29_18_10_06_Wyoming.ndpi.ndpa,71,din,19421846,1493050,24955,1956433186.7481673
D1911_1_2024_02_29_18_10_06_Wyoming.ndpi.ndpa,72,paly,19116574,1392972,18751,1104583980.143764
D1911_1_2024_02_29_18_10_06_Wyoming.ndpi.ndpa,73,spo,18698420,1523574,45594,6530783133.765763
D1911_1_2024_02_29_18_10_06_Wyoming.ndpi.ndpa,74,pol,18749960,1508312,15778,782084675.3602247
D1911_1_2024_02_29_18_10_06_Wyoming.ndpi.ndpa,75,paly,18794994,1443762,12532,493390343.2371543
D1911_1_2024_02_29_18_10_06_Wyoming.ndpi.ndpa,76,paly,18761718,1476788,25175,1991080555.4875476
D1911_1_2024_02_29_18_10_06_Wyoming.ndpi.ndpa,77,paly,18497436,1613797,26648,2230894907.203675
D1911_1_2024_02_29_18_10_06_Wyoming.ndpi.ndpa,78,pol,19147242,1589028,16672,873223220.7186606
D1911_1_2024_02_29_18_10_06_Wyoming.ndpi.ndpa,79,pol,19393756,1665337,14086,623340350.4327096
D1911_1_2024_02_29_18_10_06_Wyoming.ndpi.ndpa,80,pol,19416022,1657831,22280,1559481566.6937275
D1911_1_2024_02_29_18_10_06_Wyoming.ndpi.ndpa,81,pol,19541916,1658332,15121,718308324.4482756
D1911_1_2024_02_29_18_10_06_Wyoming.ndpi.ndpa,82,pol,19559680,1597034,21598,1465470047.4199543
D1911_1_2024_02_29_18_10_06_Wyoming.ndpi.ndpa,83,pol,19706790,1626056,19941,1249233838.6574724
D1911_1_2024_02_29_18_10_06_Wyoming.ndpi.ndpa,84,paly,19792894,1605791,17748,989574994.9095999
D1911_1_2024_02_29_18_10_06_Wyoming.ndpi.ndpa,85,paly,19892718,1669840,10427,341561270.06757253
D1911_1_2024_02_29_18_10_06_Wyoming.ndpi.ndpa,86,pol,20156086,1633812,30952,3009728398.5921817
D3094_1_L_2024_02_20_11_32_26_Colorado.ndpi.ndpa,2,pol,2373168,-1109794,8178,210108723.92880684
D3094_1_L_2024_02_20_11_32_26_Colorado.ndpi.ndpa,3,paly,2559345,-1066996,8104,206323519.47146142
D3094_1_L_2024_02_20_11_32_26_Colorado.ndpi.ndpa,4,paly,2537031,-1022711,8321,217520862.54720247
D3094_1_L_2024_02_20_11_32_26_Colorado.ndpi.ndpa,5,paly,3167881,-1102699,10184,325826688.0850697
D3094_1_L_2024_02_20_11_32_26_Colorado.ndpi.ndpa,6,pol,3398342,-1099953,15044,711011331.4838194
D3094_1_L_2024_02_20_11_32_26_Colorado.ndpi.ndpa,7,pol,3902519,-1105674,17395,950602033.2189375
D3094_1_L_2024_02_20_11_32_26_Colorado.ndpi.ndpa,8,paly,3509454,-986207,16282,832847283.4391654
D3094_1_L_2024_02_20_11_32_26_Colorado.ndpi.ndpa,9,paly,3366760,-925558,7471,175350636.03953597
D3094_1_L_2024_02_20_11_32_26_Colorado.ndpi.ndpa,10,pol,2884097,-961947,13206,547888845.3351496
D3094_1_L_2024_02_20_11_32_26_Colorado.ndpi.ndpa,11,paly,2622396,-1011954,17532,965634550.924772
D3094_1_L_2024_02_20_11_32_26_Colorado.ndpi.ndpa,12,paly,2449150,-937458,7776,189960094.31226745
D3094_1_L_2024_02_20_11_32_26_Colorado.ndpi.ndpa,13,pol,2421572,-955539,19944,1249609745.9264379
D3094_1_L_2024_02_20_11_32_26_Colorado.ndpi.ndpa,14,paly,2411846,-885506,8540,229121378.77454937
D3094_1_L_2024_02_20_11_32_26_Colorado.ndpi.ndpa,15,pol,2515519,-847629,15305,735896166.4946502
D3094_1_L_2024_02_20_11_32_26_Colorado.ndpi.ndpa,16,paly,2825432,-902153,9109,260670134.9894337
D3094_1_L_2024_02_20_11_32_26_Colorado.ndpi.ndpa,17,paly,2766349,-879213,8831,245002007.11633226
D3094_1_L_2024_02_20_11_32_26_Colorado.ndpi.ndpa,18,pol,2948978,-843166,16230,827536031.5007828
D3094_1_L_2024_02_20_11_32_26_Colorado.ndpi.ndpa,19,paly,2898629,-892716,9519,284663986.0493727
D3094_1_L_2024_02_20_11_32_26_Colorado.ndpi.ndpa,20,pol,3033427,-847401,23801,1779673285.651306
D3094_1_L_2024_02_20_11_32_26_Colorado.ndpi.ndpa,21,pol,4154379,-792931,10508,346888578.6860076
D3094_1_L_2024_02_20_11_32_26_Colorado.ndpi.ndpa,22,pol,3939938,-766383,20661,1341073399.0006304
D3094_1_L_2024_02_20_11_32_26_Colorado.ndpi.ndpa,23,pol,3794384,-737546,17903,1006935137.4620351
D3094_1_L_2024_02_20_11_32_26_Colorado.ndpi.ndpa,24,pol,3744607,-736287,21576,1462486074.7529805
D3094_1_L_2024_02_20_11_32_26_Colorado.ndpi.ndpa,25,pol,2846335,-810096,15663,770725571.6787503
D3094_1_L_2024_02_20_11_32_26_Colorado.ndpi.ndpa,26,pol,2537375,-743725,18622,1089437994.394467
D3094_1_L_2024_02_20_11_32_26_Colorado.ndpi.ndpa,27,pol,2471807,-717520,14915,698869983.7979716
D3094_1_L_2024_02_20_11_32_26_Colorado.ndpi.ndpa,28,paly,2525360,-784692,19661,1214398100.0225828
D3094_1_L_2024_02_20_11_32_26_Colorado.ndpi.ndpa,29,paly,2395711,-781945,7791,190693671.90484396
D3094_1_L_2024_02_20_11_32_26_Colorado.ndpi.ndpa,30,paly,3055283,-673235,6235,122130121.26665026
D3094_1_L_2024_02_20_11_32_26_Colorado.ndpi.ndpa,31,paly,3070960,-609038,8751,240583168.553499
D3094_1_L_2024_02_20_11_32_26_Colorado.ndpi.ndpa,32,paly,3128747,-676439,18346,1057383796.7623246
D3094_1_L_2024_02_20_11_32_26_Colorado.ndpi.ndpa,33,pol,3251301,-629178,17913,1008060330.2868447
D3094_1_L_2024_02_20_11_32_26_Colorado.ndpi.ndpa,34,pol,3472036,-642109,19958,1251364727.5473273
D3094_1_L_2024_02_20_11_32_26_Colorado.ndpi.ndpa,35,paly,2639168,-998525,8400,221670777.6372958
D3094_1_L_2024_02_20_11_32_26_Colorado.ndpi.ndpa,36,paly,3275246,-1112551,18684,1096704410.2376258
D3094_1_L_2024_02_20_11_32_26_Colorado.ndpi.ndpa,37,alg,3853494,-1009552,28327,2520873412.4477897
D3094_1_L_2024_02_20_11_32_26_Colorado.ndpi.ndpa,38, pediastrum,4131653,-893621,37996,4535504797.882452
D3094_1_L_2024_02_20_11_32_26_Colorado.ndpi.ndpa,39,paly,3380675,-921513,16560,861530263.1274819
D3094_1_L_2024_02_20_11_32_26_Colorado.ndpi.ndpa,40,pol,2739334,-911163,14845,692325417.9820135
D3094_1_L_2024_02_20_11_32_26_Colorado.ndpi.ndpa,41,paly,2658289,-863799,6109,117243863.9824453
D3094_1_L_2024_02_20_11_32_26_Colorado.ndpi.ndpa,42,pol,3946760,-657849,14256,638476983.6606767
D3094_1_L_2024_02_20_11_32_26_Colorado.ndpi.ndpa,43,pol,3886590,-668023,8567,230572445.86372328
D3094_1_L_2024_02_20_11_32_26_Colorado.ndpi.ndpa,44,pol,3878871,-648727,8581,231326654.2952559
D3094_1_L_2024_02_20_11_32_26_Colorado.ndpi.ndpa,45,paly,3885186,-659428,11321,402642351.25263464
D3094_1_L_2024_02_20_11_32_26_Colorado.ndpi.ndpa,46,paly,3854839,-617677,12072,457834300.2386496
D3094_1_L_2024_02_20_11_32_26_Colorado.ndpi.ndpa,47,pol,3792038,-648025,8611,232946962.12227136
D3094_1_L_2024_02_20_11_32_26_Colorado.ndpi.ndpa,48,pol,3674898,-695883,21037,1390328696.05712
D3094_1_L_2024_02_20_11_32_26_Colorado.ndpi.ndpa,49,pol,3684371,-642379,22201,1548442013.2506056
D3094_1_L_2024_02_20_11_32_26_Colorado.ndpi.ndpa,50,pol,3692265,-635011,8311,216998352.85705742
D3094_1_L_2024_02_20_11_32_26_Colorado.ndpi.ndpa,51,paly,3848389,-567824,16844,891333723.2516277
D3094_1_L_2024_02_20_11_32_26_Colorado.ndpi.ndpa,52,paly,2929532,-535370,9539,285861435.505215
D3094_1_L_2024_02_20_11_32_26_Colorado.ndpi.ndpa,53,alg,2565533,-538001,18934,1126249518.3483112
D3094_1_L_2024_02_20_11_32_26_Colorado.ndpi.ndpa,54,pol,2544994,-432850,11032,382347609.30336946
D3094_1_L_2024_02_20_11_32_26_Colorado.ndpi.ndpa,55,paly,2563947,-411890,9720,296812647.3629179
D3094_1_L_2024_02_20_11_32_26_Colorado.ndpi.ndpa,56,pol,2830253,-448724,18833,1114266016.8437505
D3094_1_L_2024_02_20_11_32_26_Colorado.ndpi.ndpa,57,pol,2896830,-436549,18313,1053583264.4744223
D3094_1_L_2024_02_20_11_32_26_Colorado.ndpi.ndpa,58,pol,2985905,-482476,18678,1096000153.1292853
D3094_1_L_2024_02_20_11_32_26_Colorado.ndpi.ndpa,59,pol,3001624,-523162,17162,925306617.1810236
D3094_1_L_2024_02_20_11_32_26_Colorado.ndpi.ndpa,60,pol,3118442,-439631,22707,1619829830.5516353
D3094_1_L_2024_02_20_11_32_26_Colorado.ndpi.ndpa,61,pol,3107500,-402335,18412,1065005388.5045277
D3094_1_L_2024_02_20_11_32_26_Colorado.ndpi.ndpa,62,pol,3732770,-477390,27922,2449305277.153222
D3094_1_L_2024_02_20_11_32_26_Colorado.ndpi.ndpa,63,pol,3980141,-445333,7866,194382765.6181381
D3094_1_L_2024_02_20_11_32_26_Colorado.ndpi.ndpa,64,pol,4012043,-432233,21024,1388610895.1852858
D3094_1_L_2024_02_20_11_32_26_Colorado.ndpi.ndpa,65,pol,4055965,-483554,12353,479396385.79711413
D3094_1_L_2024_02_20_11_32_26_Colorado.ndpi.ndpa,66,pol,4026073,-360723,6096,116745403.18406348
D3094_1_L_2024_02_20_11_32_26_Colorado.ndpi.ndpa,67,pol,4020063,-357640,19417,1184442913.5396392
D3094_1_L_2024_02_20_11_32_26_Colorado.ndpi.ndpa,68,pol,3847291,-287516,8890,248286664.75777388
D3094_1_L_2024_02_20_11_32_26_Colorado.ndpi.ndpa,69,paly,3764680,-363035,42744,5739845400.04224
D3094_1_L_2024_02_20_11_32_26_Colorado.ndpi.ndpa,70,paly,3650938,-357332,22666,1613985547.7293108
D3094_1_L_2024_02_20_11_32_26_Colorado.ndpi.ndpa,71,pol,3580810,-400639,10336,335625441.2353224
D3094_1_L_2024_02_20_11_32_26_Colorado.ndpi.ndpa,72,pol,3343309,-326971,15287,734166229.6503952
D3094_1_L_2024_02_20_11_32_26_Colorado.ndpi.ndpa,73,paly,3356717,-313871,8936,250862758.1673469
D3094_1_L_2024_02_20_11_32_26_Colorado.ndpi.ndpa,74,paly,3307863,-309864,17233,932978527.8127593
D3094_1_L_2024_02_20_11_32_26_Colorado.ndpi.ndpa,75,pol,3322196,-305241,19587,1205273809.115944
D3094_1_L_2024_02_20_11_32_26_Colorado.ndpi.ndpa,76,pol,2662733,-368891,18637,1091193783.4046686
D3094_1_L_2024_02_20_11_32_26_Colorado.ndpi.ndpa,77,paly,2683076,-268098,19621,1209461778.3178504
D3094_1_L_2024_02_20_11_32_26_Colorado.ndpi.ndpa,78,pol,2604942,-350859,8493,226606373.63412538
D3094_1_L_2024_02_20_11_32_26_Colorado.ndpi.ndpa,79,pol,2552389,-315258,6354,126836512.94665925
D3094_1_L_2024_02_20_11_32_26_Colorado.ndpi.ndpa,80,pol,2383022,-283818,12924,524739517.21234876
D3094_1_L_2024_02_20_11_32_26_Colorado.ndpi.ndpa,81,pol,2400745,-324505,6685,140395340.95462132
D3094_1_L_2024_02_20_11_32_26_Colorado.ndpi.ndpa,82,pol,2326924,-312176,6977,152928109.0939577
D3094_1_L_2024_02_20_11_32_26_Colorado.ndpi.ndpa,83,pol,2327695,-224023,18170,1037193358.8307513
D3094_1_L_2024_02_20_11_32_26_Colorado.ndpi.ndpa,84,paly,2491054,-146194,18925,1125179080.3418608
D3094_1_L_2024_02_20_11_32_26_Colorado.ndpi.ndpa,85,pol,2545302,-164688,15395,744576386.9965189
D3094_1_L_2024_02_20_11_32_26_Colorado.ndpi.ndpa,86,paly,2496910,-180716,16577,863300013.375436
D3094_1_L_2024_02_20_11_32_26_Colorado.ndpi.ndpa,87,pol,2736553,-197053,19296,1169726835.8954303
D3094_1_L_2024_02_20_11_32_26_Colorado.ndpi.ndpa,88,pol,2898720,-207570,15587,763264289.1264745
D3094_1_L_2024_02_20_11_32_26_Colorado.ndpi.ndpa,89,pol,2904730,-227759,19113,1147645061.7970235
D3094_1_L_2024_02_20_11_32_26_Colorado.ndpi.ndpa,90,alg,2942950,-138834,23269,1701003910.030527
D3094_1_L_2024_02_20_11_32_26_Colorado.ndpi.ndpa,91,pol,3060537,-129278,15176,723543270.2426952
D3094_1_L_2024_02_20_11_32_26_Colorado.ndpi.ndpa,92,pol,3175506,-217279,15964,800632676.0861306
D3094_1_L_2024_02_20_11_32_26_Colorado.ndpi.ndpa,93,pol,3282781,-228067,14609,670487755.0575687
D3094_1_L_2024_02_20_11_32_26_Colorado.ndpi.ndpa,94,pol,3402532,-173202,19713,1220830347.61799
D3094_1_L_2024_02_20_11_32_26_Colorado.ndpi.ndpa,95,pol,3666698,-119415,9098,260040946.2375507
D3094_1_L_2024_02_20_11_32_26_Colorado.ndpi.ndpa,96,pol,3843940,-187072,15049,711484031.2224417
D3094_1_L_2024_02_20_11_32_26_Colorado.ndpi.ndpa,97,pol,3872605,-249335,14032,618570244.1120932
D3094_1_L_2024_02_20_11_32_26_Colorado.ndpi.ndpa,98,pol,3964149,-258274,15934,797626360.4122044
D3094_1_L_2024_02_20_11_32_26_Colorado.ndpi.ndpa,99,pol,3940415,-222673,19399,1182247920.4516878
D3094_1_L_2024_02_20_11_32_26_Colorado.ndpi.ndpa,100,pol,3971084,-230379,18906,1122920938.0999796
D3094_1_L_2024_02_20_11_32_26_Colorado.ndpi.ndpa,101,pol,4067110,-230995,17329,943402181.4409229
D3094_1_L_2024_02_20_11_32_26_Colorado.ndpi.ndpa,102,paly,3822703,-91547,17415,952789210.0243667
D3094_1_L_2024_02_20_11_32_26_Colorado.ndpi.ndpa,103,paly,3953854,-35757,31992,3215382582.89924
D3094_1_L_2024_02_20_11_32_26_Colorado.ndpi.ndpa,104,paly,3325965,-59799,9931,309838824.6196491
D3094_1_L_2024_02_20_11_32_26_Colorado.ndpi.ndpa,105,paly,3077980,-119597,10732,361835522.54955095
D3094_1_L_2024_02_20_11_32_26_Colorado.ndpi.ndpa,106,pol,2829399,-31287,19149,1151972392.0490432
D3094_1_L_2024_02_20_11_32_26_Colorado.ndpi.ndpa,107,pol,2688694,14947,19399,1182247920.4516878
D3094_1_L_2024_02_20_11_32_26_Colorado.ndpi.ndpa,108,pol,2411139,-84149,19402,1182613611.2613437
D3094_1_L_2024_02_20_11_32_26_Colorado.ndpi.ndpa,109,pol,2488966,-79988,18341,1056807518.7139133
D3094_1_L_2024_02_20_11_32_26_Colorado.ndpi.ndpa,110,paly,2511467,-63498,9747,298463896.7359786
D3094_1_L_2024_02_20_11_32_26_Colorado.ndpi.ndpa,111,pol,2393264,41455,23724,1768176862.9549432
D3094_1_L_2024_02_20_11_32_26_Colorado.ndpi.ndpa,112,pol,2422083,50394,18807,1111191528.6092412
D3094_1_L_2024_02_20_11_32_26_Colorado.ndpi.ndpa,113,pol,2415919,143635,20261,1289649297.17255
D3094_1_L_2024_02_20_11_32_26_Colorado.ndpi.ndpa,114,paly,2514550,61491,10732,361835522.54955095
D3094_1_L_2024_02_20_11_32_26_Colorado.ndpi.ndpa,115,pol,2472940,59025,12546,494493331.2850884
D3094_1_L_2024_02_20_11_32_26_Colorado.ndpi.ndpa,116,paly,2690852,53785,11392,407708555.82244456
D3094_1_L_2024_02_20_11_32_26_Colorado.ndpi.ndpa,117,paly,2947294,139782,14413,652617395.867042
D3094_1_L_2024_02_20_11_32_26_Colorado.ndpi.ndpa,118,pol,3327656,52552,23456,1728453811.460717
D3094_1_L_2024_02_20_11_32_26_Colorado.ndpi.ndpa,119,paly,3964492,134234,9065,258157941.57443473
D3094_1_L_2024_02_20_11_32_26_Colorado.ndpi.ndpa,120,paly,4031994,109575,17923,1009186151.4301852
D3094_1_L_2024_02_20_11_32_26_Colorado.ndpi.ndpa,121,paly,3689541,221462,15051,711673155.1001878
D3094_1_L_2024_02_20_11_32_26_Colorado.ndpi.ndpa,122,pol,3561925,233945,18334,1056000993.3399205
D3094_1_L_2024_02_20_11_32_26_Colorado.ndpi.ndpa,123,paly,3522934,206203,10783,365282682.2125922
D3094_1_L_2024_02_20_11_32_26_Colorado.ndpi.ndpa,124,paly,3494885,276019,10572,351126964.1668187
D3094_1_L_2024_02_20_11_32_26_Colorado.ndpi.ndpa,125,paly,3440278,157952,9618,290615931.2519357
D3094_1_L_2024_02_20_11_32_26_Colorado.ndpi.ndpa,126,paly,3463749,161966,9853,304990869.6330767
D3094_1_L_2024_02_20_11_32_26_Colorado.ndpi.ndpa,127,pol,3036487,171849,18299,1051972984.6111571
D3094_1_L_2024_02_20_11_32_26_Colorado.ndpi.ndpa,128,pol,2889949,178180,8850,246057390.61078656
D3094_1_L_2024_02_20_11_32_26_Colorado.ndpi.ndpa,129,pol,2440917,288556,15419,746899707.861184
D3094_1_L_2024_02_20_11_32_26_Colorado.ndpi.ndpa,130,pol,2487240,343373,24112,1826485978.711666
D3094_1_L_2024_02_20_11_32_26_Colorado.ndpi.ndpa,131,pol,2415439,322373,6551,134823336.82599077
D3094_1_L_2024_02_20_11_32_26_Colorado.ndpi.ndpa,132,paly,2459755,379815,11810,438177091.11135536
D3094_1_L_2024_02_20_11_32_26_Colorado.ndpi.ndpa,133,pol,2585292,412242,18250,1046346703.1862504
D3094_1_L_2024_02_20_11_32_26_Colorado.ndpi.ndpa,134,pol,2506542,289328,18933,1126130555.6592977
D3094_1_L_2024_02_20_11_32_26_Colorado.ndpi.ndpa,135,pol,2726734,303997,13648,585177878.8059689
D3094_1_L_2024_02_20_11_32_26_Colorado.ndpi.ndpa,136,paly,2816449,403286,14434,654520531.8558822
D3094_1_L_2024_02_20_11_32_26_Colorado.ndpi.ndpa,137,pol,3241701,380587,23304,1706124878.8434744
D3094_1_L_2024_02_20_11_32_26_Colorado.ndpi.ndpa,138,paly,3367702,293188,16739,880255792.1126496
D3094_1_L_2024_02_20_11_32_26_Colorado.ndpi.ndpa,139,paly,3903076,406472,8505,227247183.13723403
D3094_1_L_2024_02_20_11_32_26_Colorado.ndpi.ndpa,140,pol,4124503,314749,19123,1148846281.16405
D3094_1_L_2024_02_20_11_32_26_Colorado.ndpi.ndpa,141,pol,4047297,335132,7597,181315163.32067662
D3094_1_L_2024_02_20_11_32_26_Colorado.ndpi.ndpa,142,paly,4145967,341000,6668,139682196.2806638
D3094_1_L_2024_02_20_11_32_26_Colorado.ndpi.ndpa,143,paly,3000885,335134,9533,285501936.77467936
D3094_1_L_2024_02_20_11_32_26_Colorado.ndpi.ndpa,144,pol,3874068,-583371,10251,330127983.9587689
D3094_1_L_2024_02_20_11_32_26_Colorado.ndpi.ndpa,145,paly,2405896,-921211,11974,450431112.017724
D3094_1_L_2024_02_20_11_32_26_Colorado.ndpi.ndpa,146,paly,2776947,-895086,9019,255544563.7432489
D3094_1_L_2024_02_20_11_32_26_Colorado.ndpi.ndpa,147,paly,2480232,-417408,8350,219039693.78991434
D3094_1_L_2024_02_20_11_32_26_Colorado.ndpi.ndpa,148,paly,2466459,-954070,11076,385403599.84033424
C_418107_W_Nassichuk_R_2025_01_21_11_16_25_Alaska.ndpi.ndpa,2,pol,20527104,-3860922,11173,392183637.45045704
C_418107_W_Nassichuk_R_2025_01_21_11_16_25_Alaska.ndpi.ndpa,3,pol,20524364,-3878443,11091,386448195.1056161
C_418107_W_Nassichuk_R_2025_01_21_11_16_25_Alaska.ndpi.ndpa,4,fun,20677522,-3837322,18304,1052547943.1906538
C_418107_W_Nassichuk_R_2025_01_21_11_16_25_Alaska.ndpi.ndpa,5,paly,20975616,-3789287,15096,715935086.8179375
C_418107_W_Nassichuk_R_2025_01_21_11_16_25_Alaska.ndpi.ndpa,6,pol,21083960,-3827667,8637,234355803.0645884
C_418107_W_Nassichuk_R_2025_01_21_11_16_25_Alaska.ndpi.ndpa,7,pol,21147608,-3797988,10465,344055367.90888685
C_418107_W_Nassichuk_R_2025_01_21_11_16_25_Alaska.ndpi.ndpa,8,pol,21259288,-3825403,14232,636329039.0643055
C_418107_W_Nassichuk_R_2025_01_21_11_16_25_Alaska.ndpi.ndpa,9,pol,21382532,-3881423,11768,435066047.30472904
C_418107_W_Nassichuk_R_2025_01_21_11_16_25_Alaska.ndpi.ndpa,10,pol,21612568,-3851268,9541,285981318.68087596
C_418107_W_Nassichuk_R_2025_01_21_11_16_25_Alaska.ndpi.ndpa,11,fun,22100856,-3763541,13436,567139456.9748458
C_418107_W_Nassichuk_R_2025_01_21_11_16_25_Alaska.ndpi.ndpa,12,pol,21813404,-3706567,13148,543086820.4331728
C_418107_W_Nassichuk_R_2025_01_21_11_16_25_Alaska.ndpi.ndpa,13,pol,21749280,-3691906,12255,471820171.2191994
C_418107_W_Nassichuk_R_2025_01_21_11_16_25_Alaska.ndpi.ndpa,14,pol,21485988,-3722062,10704,359949913.50612515
C_418107_W_Nassichuk_R_2025_01_21_11_16_25_Alaska.ndpi.ndpa,15,pol,21399814,-3674862,17858,1001879545.1922089
C_418107_W_Nassichuk_R_2025_01_21_11_16_25_Alaska.ndpi.ndpa,16,pol,21232710,-3719917,14680,677020756.670969
C_418107_W_Nassichuk_R_2025_01_21_11_16_25_Alaska.ndpi.ndpa,17,pol,21157144,-3682252,10026,315795017.2554798
C_418107_W_Nassichuk_R_2025_01_21_11_16_25_Alaska.ndpi.ndpa,18,pol,21202554,-3759608,12268,472821707.8155712
C_418107_W_Nassichuk_R_2025_01_21_11_16_25_Alaska.ndpi.ndpa,19,pol,20398500,-3569495,11726,431966087.0369846
C_418107_W_Nassichuk_R_2025_01_21_11_16_25_Alaska.ndpi.ndpa,20,pol,20536164,-3571641,15943,798527661.3533708
C_418107_W_Nassichuk_R_2025_01_21_11_16_25_Alaska.ndpi.ndpa,21,paly,20469894,-3617769,11244,397183818.3090591
C_418107_W_Nassichuk_R_2025_01_21_11_16_25_Alaska.ndpi.ndpa,22,fun,21061552,-3659724,16266,831211242.5161407
C_418107_W_Nassichuk_R_2025_01_21_11_16_25_Alaska.ndpi.ndpa,23,pol,21247846,-3661393,12109,460645073.7610384
C_418107_W_Nassichuk_R_2025_01_21_11_16_25_Alaska.ndpi.ndpa,24,pol,21543796,-3601439,15950,799229025.0548774
C_418107_W_Nassichuk_R_2025_01_21_11_16_25_Alaska.ndpi.ndpa,25,pol,21909590,-3577005,14876,695219927.514991
C_418107_W_Nassichuk_R_2025_01_21_11_16_25_Alaska.ndpi.ndpa,26,pol,22125050,-3448038,14306,642963492.1292683
C_418107_W_Nassichuk_R_2025_01_21_11_16_25_Alaska.ndpi.ndpa,27,paly,21648564,-3469493,14684,677389755.577689
C_418107_W_Nassichuk_R_2025_01_21_11_16_25_Alaska.ndpi.ndpa,28,pol,21522104,-3548636,11974,450431112.017724
C_418107_W_Nassichuk_R_2025_01_21_11_16_25_Alaska.ndpi.ndpa,29,pol,21263104,-3452687,11644,425945727.3712044
C_418107_W_Nassichuk_R_2025_01_21_11_16_25_Alaska.ndpi.ndpa,30,paly,21203270,-3561510,19940,1249108548.8008547
C_418107_W_Nassichuk_R_2025_01_21_11_16_25_Alaska.ndpi.ndpa,31,pol,21174664,-3505489,10979,378682680.7207667
C_418107_W_Nassichuk_R_2025_01_21_11_16_25_Alaska.ndpi.ndpa,32,pol,20881456,-3518481,11874,442939041.8574431
C_418107_W_Nassichuk_R_2025_01_21_11_16_25_Alaska.ndpi.ndpa,33,pol,20802076,-3548041,13015,532155086.4499221
C_418107_W_Nassichuk_R_2025_01_21_11_16_25_Alaska.ndpi.ndpa,34,pol,20878120,-3559722,14120,626353150.3538729
C_418107_W_Nassichuk_R_2025_01_21_11_16_25_Alaska.ndpi.ndpa,35,paly,20752374,-3511330,11338,403852502.16757536
C_418107_W_Nassichuk_R_2025_01_21_11_16_25_Alaska.ndpi.ndpa,36,paly,20720312,-3471400,13011,531828034.0883128
C_418107_W_Nassichuk_R_2025_01_21_11_16_25_Alaska.ndpi.ndpa,37,pol,20648916,-3542439,11302,401291978.49119353
C_418107_W_Nassichuk_R_2025_01_21_11_16_25_Alaska.ndpi.ndpa,38,pol,20504340,-3469851,9597,289348251.49232244
C_418107_W_Nassichuk_R_2025_01_21_11_16_25_Alaska.ndpi.ndpa,39,paly,20487056,-3471996,15389,743996122.2670302
C_418107_W_Nassichuk_R_2025_01_21_11_16_25_Alaska.ndpi.ndpa,40,pol,20363934,-3534214,11804,437731977.6978241
C_418107_W_Nassichuk_R_2025_01_21_11_16_25_Alaska.ndpi.ndpa,41,pol,20597546,-3446608,13093,538552701.1279161
C_418107_W_Nassichuk_R_2025_01_21_11_16_25_Alaska.ndpi.ndpa,42,pol,20553446,-3366868,9672,293888402.65547407
C_418107_W_Nassichuk_R_2025_01_21_11_16_25_Alaska.ndpi.ndpa,43,pol,20517450,-3409777,13487,571453093.0244882
C_418107_W_Nassichuk_R_2025_01_21_11_16_25_Alaska.ndpi.ndpa,44,paly,20529608,-3401076,12002,452540151.1306731
C_418107_W_Nassichuk_R_2025_01_21_11_16_25_Alaska.ndpi.ndpa,45,pol,21081576,-3408943,11405,408639601.3628551
C_418107_W_Nassichuk_R_2025_01_21_11_16_25_Alaska.ndpi.ndpa,46,pol,21040456,-3415975,10486,345437577.5702794
C_418107_W_Nassichuk_R_2025_01_21_11_16_25_Alaska.ndpi.ndpa,47,paly,22166048,-3373900,9864,305672240.2389359
C_418107_W_Nassichuk_R_2025_01_21_11_16_25_Alaska.ndpi.ndpa,48,pol,21835334,-3337189,13874,604718497.146703
C_418107_W_Nassichuk_R_2025_01_21_11_16_25_Alaska.ndpi.ndpa,49,paly,21596120,-3317761,17397,950820637.8021449
C_418107_W_Nassichuk_R_2025_01_21_11_16_25_Alaska.ndpi.ndpa,50,pol,21192304,-3291657,14217,634988411.523276
C_418107_W_Nassichuk_R_2025_01_21_11_16_25_Alaska.ndpi.ndpa,51,fun,21120670,-3319668,16637,869560704.8792158
C_418107_W_Nassichuk_R_2025_01_21_11_16_25_Alaska.ndpi.ndpa,52,pol,20737594,-3158638,9562,287241609.414568
C_418107_W_Nassichuk_R_2025_01_21_11_16_25_Alaska.ndpi.ndpa,53,bipol,21903154,-3193800,26730,2244645645.682067
C_418107_W_Nassichuk_R_2025_01_21_11_16_25_Alaska.ndpi.ndpa,54,pol,21934976,-3158281,9703,295775321.74303645
C_418107_W_Nassichuk_R_2025_01_21_11_16_25_Alaska.ndpi.ndpa,55,pol,22100496,-3125622,13440,567477190.7514772
C_418107_W_Nassichuk_R_2025_01_21_11_16_25_Alaska.ndpi.ndpa,56,paly,22028562,-3094689,13226,549549616.8755434
C_418107_W_Nassichuk_R_2025_01_21_11_16_25_Alaska.ndpi.ndpa,57,pol,21814252,-3145842,12807,515281667.705715
C_418107_W_Nassichuk_R_2025_01_21_11_16_25_Alaska.ndpi.ndpa,58,spo,21142346,-3061662,14684,677389755.577689
C_418107_W_Nassichuk_R_2025_01_21_11_16_25_Alaska.ndpi.ndpa,59,pol,20760950,-3076934,12846,518424727.48307407
C_418107_W_Nassichuk_R_2025_01_21_11_16_25_Alaska.ndpi.ndpa,60,pol,20399792,-3047384,14174,631153114.371069
C_418107_W_Nassichuk_R_2025_01_21_11_16_25_Alaska.ndpi.ndpa,61,pol,20369748,-2992634,11779,435879773.2090839
C_418107_W_Nassichuk_R_2025_01_21_11_16_25_Alaska.ndpi.ndpa,62,pol,20799190,-2955262,13095,538717245.1847404
C_418107_W_Nassichuk_R_2025_01_21_11_16_25_Alaska.ndpi.ndpa,63,fun,21049602,-2936266,9315,272593559.8176798
C_418107_W_Nassichuk_R_2025_01_21_11_16_25_Alaska.ndpi.ndpa,64,pol,21134774,-3026157,9773,300058317.8395285
C_418107_W_Nassichuk_R_2025_01_21_11_16_25_Alaska.ndpi.ndpa,65,pol,21317150,-3012748,12948,526690220.05555695
C_418107_W_Nassichuk_R_2025_01_21_11_16_25_Alaska.ndpi.ndpa,66,paly,21445150,-2988537,18272,1048870922.6179274
C_418107_W_Nassichuk_R_2025_01_21_11_16_25_Alaska.ndpi.ndpa,67,pol,21851748,-2977486,14492,659791206.983551
C_418107_W_Nassichuk_R_2025_01_21_11_16_25_Alaska.ndpi.ndpa,68,pol,22165884,-2825644,10720,361026801.2022933
C_418107_W_Nassichuk_R_2025_01_21_11_16_25_Alaska.ndpi.ndpa,69,pol,22147632,-2925964,13943,610748385.2630017
C_418107_W_Nassichuk_R_2025_01_21_11_16_25_Alaska.ndpi.ndpa,70,paly,22002600,-2836198,13465,569590304.5100981
C_418107_W_Nassichuk_R_2025_01_21_11_16_25_Alaska.ndpi.ndpa,71,pol,21907122,-2905354,10960,377373136.0974517
C_418107_W_Nassichuk_R_2025_01_21_11_16_25_Alaska.ndpi.ndpa,72,paly,21734054,-2878784,11401,408353012.714624
C_418107_W_Nassichuk_R_2025_01_21_11_16_25_Alaska.ndpi.ndpa,73,pol,21538762,-2869472,12627,500899079.54646254
C_418107_W_Nassichuk_R_2025_01_21_11_16_25_Alaska.ndpi.ndpa,74,pol,21484752,-2840047,11901,444955708.7215987
C_418107_W_Nassichuk_R_2025_01_21_11_16_25_Alaska.ndpi.ndpa,75,pol,21158858,-2888717,12446,486641862.9252368
C_418107_W_Nassichuk_R_2025_01_21_11_16_25_Alaska.ndpi.ndpa,76,pol,20805026,-2852711,14688,677758855.0153741
C_418107_W_Nassichuk_R_2025_01_21_11_16_25_Alaska.ndpi.ndpa,77,pol,20502220,-2845882,14803,688413456.5442809
C_418107_W_Nassichuk_R_2025_01_21_11_16_25_Alaska.ndpi.ndpa,78,pol,20350752,-2754505,11261,398385744.53443277
C_418107_W_Nassichuk_R_2025_01_21_11_16_25_Alaska.ndpi.ndpa,79,paly,20411464,-2737495,13382,562589890.4585114
C_418107_W_Nassichuk_R_2025_01_21_11_16_25_Alaska.ndpi.ndpa,80,pol,20442750,-2737371,11778,435805766.7109433
C_418107_W_Nassichuk_R_2025_01_21_11_16_25_Alaska.ndpi.ndpa,81,paly,20624014,-2732777,17715,985898455.0005496
C_418107_W_Nassichuk_R_2025_01_21_11_16_25_Alaska.ndpi.ndpa,82,pol,20730406,-2807272,11033,382416928.5452709
C_418107_W_Nassichuk_R_2025_01_21_11_16_25_Alaska.ndpi.ndpa,83,pol,20860768,-2804168,10993,379649059.7537522
C_418107_W_Nassichuk_R_2025_01_21_11_16_25_Alaska.ndpi.ndpa,84,pol,21445770,-2817330,11869,442566087.68557215
C_418107_W_Nassichuk_R_2025_01_21_11_16_25_Alaska.ndpi.ndpa,85,pol,21587800,-2726445,13441,567561639.9035984
C_418107_W_Nassichuk_R_2025_01_21_11_16_25_Alaska.ndpi.ndpa,86,paly,21659314,-2802803,10826,368201809.2656033
C_418107_W_Nassichuk_R_2025_01_21_11_16_25_Alaska.ndpi.ndpa,87,paly,21996646,-2670950,13257,552128779.6211389
C_418107_W_Nassichuk_R_2025_01_21_11_16_25_Alaska.ndpi.ndpa,88,pol,21666638,-2674551,12658,503361569.82408905
C_418107_W_Nassichuk_R_2025_01_21_11_16_25_Alaska.ndpi.ndpa,89,pol,21391766,-2697644,11446,411582931.2456695
C_418107_W_Nassichuk_R_2025_01_21_11_16_25_Alaska.ndpi.ndpa,90,pol,20952144,-2679020,9292,271249080.6840569
C_418107_W_Nassichuk_R_2025_01_21_11_16_25_Alaska.ndpi.ndpa,91,pol,20827870,-2704969,11412,409141373.3998938
C_418107_W_Nassichuk_R_2025_01_21_11_16_25_Alaska.ndpi.ndpa,92,pol,20666596,-2705714,15097,716029940.9249274
C_418107_W_Nassichuk_R_2025_01_21_11_16_25_Alaska.ndpi.ndpa,93,pol,20632704,-2677530,12381,481572102.072543
C_418107_W_Nassichuk_R_2025_01_21_11_16_25_Alaska.ndpi.ndpa,94,pol,20489682,-2676040,12569,496308056.5734713
C_418107_W_Nassichuk_R_2025_01_21_11_16_25_Alaska.ndpi.ndpa,95,pol,20532014,-2493779,11509,416126192.58554816
C_418107_W_Nassichuk_R_2025_01_21_11_16_25_Alaska.ndpi.ndpa,96,pol,21235084,-2553996,10795,366096153.6479421
C_418107_W_Nassichuk_R_2025_01_21_11_16_25_Alaska.ndpi.ndpa,97,pol,21335776,-2515135,10385,338815191.3626991
C_418107_W_Nassichuk_R_2025_01_21_11_16_25_Alaska.ndpi.ndpa,98,pol,21369416,-2565295,11753,433957646.2926528
C_418107_W_Nassichuk_R_2025_01_21_11_16_25_Alaska.ndpi.ndpa,99,pol,21597980,-2598073,9772,299996915.41111404
C_418107_W_Nassichuk_R_2025_01_21_11_16_25_Alaska.ndpi.ndpa,100,pol,21659560,-2575973,10265,331030324.76710355
C_418107_W_Nassichuk_R_2025_01_21_11_16_25_Alaska.ndpi.ndpa,101,pol,21988446,-2453556,15392,744286226.3574406
C_418107_W_Nassichuk_R_2025_01_21_11_16_25_Alaska.ndpi.ndpa,102,paly,21227264,-2475035,8646,234844468.37707633
C_418107_W_Nassichuk_R_2025_01_21_11_16_25_Alaska.ndpi.ndpa,103,pol,20473666,-2352865,11627,424702891.3262957
C_418107_W_Nassichuk_R_2025_01_21_11_16_25_Alaska.ndpi.ndpa,104,paly,20685964,-2348519,14398,651259709.4779034
C_418107_W_Nassichuk_R_2025_01_21_11_16_25_Alaska.ndpi.ndpa,105,pol,20955872,-2359445,10494,345964862.4812579
C_418107_W_Nassichuk_R_2025_01_21_11_16_25_Alaska.ndpi.ndpa,106,pol,21193124,-2332006,10640,355658447.67583907
C_418107_W_Nassichuk_R_2025_01_21_11_16_25_Alaska.ndpi.ndpa,107,pol,21882540,-2346657,10491,345767083.5157512
C_418107_W_Nassichuk_R_2025_01_21_11_16_25_Alaska.ndpi.ndpa,108,pol,22014532,-2378193,12535,493626594.1462969
D6627-A-2_R_2024_02_02_17_42_28_Arkansas.ndpi.ndpa,3,pol,20464196,-7299448,13421,565873850.6663839
D6627-A-2_R_2024_02_02_17_42_28_Arkansas.ndpi.ndpa,4,paly,22011272,-7344844,13915,608297867.594978
D6627-A-2_R_2024_02_02_17_42_28_Arkansas.ndpi.ndpa,5,pol,21860220,-7145766,10330,335235896.3126479
D6627-A-2_R_2024_02_02_17_42_28_Arkansas.ndpi.ndpa,6,paly,21865036,-7152566,10172,325059284.964392
D6627-A-2_R_2024_02_02_17_42_28_Arkansas.ndpi.ndpa,7,pol,21064724,-7246351,6530,133960338.18245701
D6627-A-2_R_2024_02_02_17_42_28_Arkansas.ndpi.ndpa,8,pol,20723432,-7176368,16726,878889057.9366686
D6627-A-2_R_2024_02_02_17_42_28_Arkansas.ndpi.ndpa,9,pol,20613360,-7158235,12817,516086669.40727085
D6627-A-2_R_2024_02_02_17_42_28_Arkansas.ndpi.ndpa,10,paly,20530794,-7190688,8030,202572721.7368581
D6627-A-2_R_2024_02_02_17_42_28_Arkansas.ndpi.ndpa,11,pol,20583204,-7224103,14182,631865778.3813505
D6627-A-2_R_2024_02_02_17_42_28_Arkansas.ndpi.ndpa,12,paly,20585378,-7238520,11191,393448291.8563449
D6627-A-2_R_2024_02_02_17_42_28_Arkansas.ndpi.ndpa,13,paly,20354082,-7182661,14031,618482081.5974555
D6627-A-2_R_2024_02_02_17_42_28_Arkansas.ndpi.ndpa,14,pol,20305344,-7101744,12769,512228391.50480294
D6627-A-2_R_2024_02_02_17_42_28_Arkansas.ndpi.ndpa,15,bipol,20348976,-7065477,29587,2750120580.592189
D6627-A-2_R_2024_02_02_17_42_28_Arkansas.ndpi.ndpa,16,pol,20256470,-7124270,9407,278004714.40244657
D6627-A-2_R_2024_02_02_17_42_28_Arkansas.ndpi.ndpa,17,pol,20463166,-7114353,13364,561077439.7904788
D6627-A-2_R_2024_02_02_17_42_28_Arkansas.ndpi.ndpa,18,pol,20553740,-7060425,8315,217207281.33489177
D6627-A-2_R_2024_02_02_17_42_28_Arkansas.ndpi.ndpa,19,pol,20658778,-7073262,10594,352589853.06914806
D6627-A-2_R_2024_02_02_17_42_28_Arkansas.ndpi.ndpa,20,paly,20855712,-7156844,12181,466139342.3210485
D6627-A-2_R_2024_02_02_17_42_28_Arkansas.ndpi.ndpa,21,paly,20976682,-7082246,9170,264173070.48844674
D6627-A-2_R_2024_02_02_17_42_28_Arkansas.ndpi.ndpa,22,pol,21102886,-7088801,8316,217259529.1623136
D6627-A-2_R_2024_02_02_17_42_28_Arkansas.ndpi.ndpa,23,paly,21098464,-7025392,9347,274469668.6849212
D6627-A-2_R_2024_02_02_17_42_28_Arkansas.ndpi.ndpa,24,pol,21382126,-7064261,16428,847850461.811208
D6627-A-2_R_2024_02_02_17_42_28_Arkansas.ndpi.ndpa,25,pol,21430138,-7063194,13709,590420496.3696485
D6627-A-2_R_2024_02_02_17_42_28_Arkansas.ndpi.ndpa,26,paly,21668378,-7103434,16507,856024461.7808404
D6627-A-2_R_2024_02_02_17_42_28_Arkansas.ndpi.ndpa,27,pol,21714562,-7129499,12350,479163565.5071492
D6627-A-2_R_2024_02_02_17_42_28_Arkansas.ndpi.ndpa,28,paly,21776904,-7136357,16303,834997028.1681271
D6627-A-2_R_2024_02_02_17_42_28_Arkansas.ndpi.ndpa,29,paly,22059952,-7117914,16709,877103392.3803314
D6627-A-2_R_2024_02_02_17_42_28_Arkansas.ndpi.ndpa,30,bipol,21535796,-7012080,34231,3681196883.4779778
D6627-A-2_R_2024_02_02_17_42_28_Arkansas.ndpi.ndpa,31,pol,21321690,-6950991,10791,365824895.9718605
D6627-A-2_R_2024_02_02_17_42_28_Arkansas.ndpi.ndpa,32,paly,21458066,-6919836,10846,369563501.1853753
D6627-A-2_R_2024_02_02_17_42_28_Arkansas.ndpi.ndpa,33,paly,21375784,-7005857,29752,2780879710.059964
D6627-A-2_R_2024_02_02_17_42_28_Arkansas.ndpi.ndpa,34,fun,21257212,-6951766,5302,88313951.96996401
D6627-A-2_R_2024_02_02_17_42_28_Arkansas.ndpi.ndpa,35,pol,20831526,-7034836,12193,467058220.4731117
D6627-A-2_R_2024_02_02_17_42_28_Arkansas.ndpi.ndpa,36,pol,20611428,-6995512,10907,373732184.14998114
D6627-A-2_R_2024_02_02_17_42_28_Arkansas.ndpi.ndpa,37,paly,20537120,-7061581,12117,461253939.5500453
D6627-A-2_R_2024_02_02_17_42_28_Arkansas.ndpi.ndpa,38,pol,20560120,-7059064,8259,214291430.96301833
D6627-A-2_R_2024_02_02_17_42_28_Arkansas.ndpi.ndpa,39,paly,20328114,-6951064,12587,497730594.859758
D6627-A-2_R_2024_02_02_17_42_28_Arkansas.ndpi.ndpa,40,paly,20536000,-6819814,11162,391411795.2593598
D6627-A-2_R_2024_02_02_17_42_28_Arkansas.ndpi.ndpa,41,pol,20594124,-6878991,11531,417718603.0697998
D6627-A-2_R_2024_02_02_17_42_28_Arkansas.ndpi.ndpa,42,paly,20763740,-6815250,5198,84883332.79224396
D6627-A-2_R_2024_02_02_17_42_28_Arkansas.ndpi.ndpa,43,paly,20762836,-6921130,6057,115256391.93881948
D6627-A-2_R_2024_02_02_17_42_28_Arkansas.ndpi.ndpa,44,pol,20988292,-6882491,8245,213565547.13085046
D6627-A-2_R_2024_02_02_17_42_28_Arkansas.ndpi.ndpa,45,pol,21197928,-6844764,12368,480561335.476955
D6627-A-2_R_2024_02_02_17_42_28_Arkansas.ndpi.ndpa,46,fun,21287082,-6915806,4656,68104501.11965114
D6627-A-2_R_2024_02_02_17_42_28_Arkansas.ndpi.ndpa,47,fun,21239164,-6876557,3887,47465597.69518521
D6627-A-2_R_2024_02_02_17_42_28_Arkansas.ndpi.ndpa,48,paly,21200980,-6862866,10305,333615227.2024772
D6627-A-2_R_2024_02_02_17_42_28_Arkansas.ndpi.ndpa,49,pol,21423588,-6845069,11617,423972659.52989525
D6627-A-2_R_2024_02_02_17_42_28_Arkansas.ndpi.ndpa,50,pol,21527952,-6830465,13223,549300340.923259
D6627-A-2_R_2024_02_02_17_42_28_Arkansas.ndpi.ndpa,51,fun,21545750,-6864390,5659,100607245.92609519
D6627-A-2_R_2024_02_02_17_42_28_Arkansas.ndpi.ndpa,52,pol,21660616,-6862412,15991,803343195.1037581
D6627-A-2_R_2024_02_02_17_42_28_Arkansas.ndpi.ndpa,53,paly,21826896,-6882645,14784,686647400.8092874
D6627-A-2_R_2024_02_02_17_42_28_Arkansas.ndpi.ndpa,54,paly,21915892,-6890251,11819,438845185.3466604
D6627-A-2_R_2024_02_02_17_42_28_Arkansas.ndpi.ndpa,55,paly,22033634,-6913374,8844,245723866.56831086
D6627-A-2_R_2024_02_02_17_42_28_Arkansas.ndpi.ndpa,56,paly,21862496,-6858456,12796,514396891.5419066
D6627-A-2_R_2024_02_02_17_42_28_Arkansas.ndpi.ndpa,57,pol,21987390,-6762140,11975,450506350.0201848
D6627-A-2_R_2024_02_02_17_42_28_Arkansas.ndpi.ndpa,58,paly,22002146,-6720609,13478,570690675.6113518
D6627-A-2_R_2024_02_02_17_42_28_Arkansas.ndpi.ndpa,59,pol,21765900,-6751491,14943,701496430.6545964
D6627-A-2_R_2024_02_02_17_42_28_Arkansas.ndpi.ndpa,60,pol,21639474,-6731107,12779,513031005.5959421
D6627-A-2_R_2024_02_02_17_42_28_Arkansas.ndpi.ndpa,61,pol,21669898,-6719089,18849,1116160120.7537117
D6627-A-2_R_2024_02_02_17_42_28_Arkansas.ndpi.ndpa,62,pol,20853764,-6767646,11812,438325512.5146815
D6627-A-2_R_2024_02_02_17_42_28_Arkansas.ndpi.ndpa,63,paly,20763158,-6757433,7424,173151316.97850063
D6627-A-2_R_2024_02_02_17_42_28_Arkansas.ndpi.ndpa,64,pol,20815450,-6769152,7983,200208324.54824722
D6627-A-2_R_2024_02_02_17_42_28_Arkansas.ndpi.ndpa,65,pol,20681722,-6746637,11225,395842637.8477224
D6627-A-2_R_2024_02_02_17_42_28_Arkansas.ndpi.ndpa,66,pol,20659208,-6841412,11498,415331127.74155563
D6627-A-2_R_2024_02_02_17_42_28_Arkansas.ndpi.ndpa,67,fun,20284816,-6741313,7429,173384627.35691947
D6627-A-2_R_2024_02_02_17_42_28_Arkansas.ndpi.ndpa,68,pol,20365896,-6605285,7985,200308654.45123225
D6627-A-2_R_2024_02_02_17_42_28_Arkansas.ndpi.ndpa,69,pol,21087458,-6687738,14998,706669864.0648587
D6627-A-2_R_2024_02_02_17_42_28_Arkansas.ndpi.ndpa,70,pol,21050644,-6645294,10412,340579255.3279502
D6627-A-2_R_2024_02_02_17_42_28_Arkansas.ndpi.ndpa,71,pol,21072094,-6692606,13283,554296604.2158221
D6627-A-2_R_2024_02_02_17_42_28_Arkansas.ndpi.ndpa,72,spo,21162470,-6663246,32766,3372847663.864584
D6627-A-2_R_2024_02_02_17_42_28_Arkansas.ndpi.ndpa,73,pol,21513738,-6648489,14543,664443230.261097
D6627-A-2_R_2024_02_02_17_42_28_Arkansas.ndpi.ndpa,74,pol,21546906,-6688986,14999,706764102.4196885
D6627-A-2_R_2024_02_02_17_42_28_Arkansas.ndpi.ndpa,75,pol,21554558,-6664154,11608,423315988.1254787
D6627-A-2_R_2024_02_02_17_42_28_Arkansas.ndpi.ndpa,76,paly,21533168,-6618706,8247,213669169.42293647
D6627-A-2_R_2024_02_02_17_42_28_Arkansas.ndpi.ndpa,77,pol,21810540,-6683831,14306,642963492.1292683
D6627-A-2_R_2024_02_02_17_42_28_Arkansas.ndpi.ndpa,78,pol,22065418,-6569662,13693,589043121.6193497
D6627-A-2_R_2024_02_02_17_42_28_Arkansas.ndpi.ndpa,79,paly,21670604,-6544985,14896,697090557.4446446
D6627-A-2_R_2024_02_02_17_42_28_Arkansas.ndpi.ndpa,80,pol,21452262,-6485326,13038,534037588.4582135
D6627-A-2_R_2024_02_02_17_42_28_Arkansas.ndpi.ndpa,81,fun,21033708,-6520309,4721,70019317.54997739
D6627-A-2_R_2024_02_02_17_42_28_Arkansas.ndpi.ndpa,82,pol,21040892,-6582000,12957,527422666.67477816
D6627-A-2_R_2024_02_02_17_42_28_Arkansas.ndpi.ndpa,83,spo,20806626,-6519216,14249,637850125.9705427
D6627-A-2_R_2024_02_02_17_42_28_Arkansas.ndpi.ndpa,84,pol,20874092,-6522339,13973,613379406.27853
D6627-A-2_R_2024_02_02_17_42_28_Arkansas.ndpi.ndpa,85,pol,20833956,-6567005,14469,657698582.6922169
D6627-A-2_R_2024_02_02_17_42_28_Arkansas.ndpi.ndpa,86,paly,20945308,-6523433,14199,633381524.5800766
D6627-A-2_R_2024_02_02_17_42_28_Arkansas.ndpi.ndpa,87,fun,22073850,-6391771,5946,111070744.37388423
D6627-A-2_R_2024_02_02_17_42_28_Arkansas.ndpi.ndpa,88,pol,21823346,-6432222,8623,233596668.61577496
D6627-A-2_R_2024_02_02_17_42_28_Arkansas.ndpi.ndpa,89,pol,21735884,-6367096,10756,363455679.5801191
D6627-A-2_R_2024_02_02_17_42_28_Arkansas.ndpi.ndpa,90,pol,21385576,-6394427,12781,513191603.81239355
D6627-A-2_R_2024_02_02_17_42_28_Arkansas.ndpi.ndpa,91,paly,21279060,-6429722,14745,683029445.3200412
D6627-A-2_R_2024_02_02_17_42_28_Arkansas.ndpi.ndpa,92,paly,20944214,-6415198,8590,231812152.882349
D6627-A-2_R_2024_02_02_17_42_28_Arkansas.ndpi.ndpa,93,paly,20858006,-6403016,11035,382555585.87862974
D6627-A-2_R_2024_02_02_17_42_28_Arkansas.ndpi.ndpa,94,pol,20707608,-6434096,17051,913375969.8312669
D6627-A-2_R_2024_02_02_17_42_28_Arkansas.ndpi.ndpa,95,paly,20679178,-6437375,14342,646203504.5975097
D6627-A-2_R_2024_02_02_17_42_28_Arkansas.ndpi.ndpa,96,paly,20546896,-6418790,9808,302211361.2407764
D6627-A-2_R_2024_02_02_17_42_28_Arkansas.ndpi.ndpa,97,pol,20470058,-6368969,16853,892286483.4804598
D6627-A-2_R_2024_02_02_17_42_28_Arkansas.ndpi.ndpa,98,fun,20390254,-6370844,15838,788044150.9603784
D6627-A-2_R_2024_02_02_17_42_28_Arkansas.ndpi.ndpa,99,paly,20470058,-6296656,21740,1484803396.0437753
D6627-A-2_R_2024_02_02_17_42_28_Arkansas.ndpi.ndpa,100,pol,20531278,-6238401,16490,854262188.5234019
D6627-A-2_R_2024_02_02_17_42_28_Arkansas.ndpi.ndpa,101,pol,20673244,-6219348,13924,609084996.7759275
D6627-A-2_R_2024_02_02_17_42_28_Arkansas.ndpi.ndpa,102,pol,20683082,-6257454,13759,594735159.7200887
D6627-A-2_R_2024_02_02_17_42_28_Arkansas.ndpi.ndpa,103,pol,20932968,-6231217,11608,423315988.1254787
D6627-A-2_R_2024_02_02_17_42_28_Arkansas.ndpi.ndpa,104,pol,21093990,-6257142,11971,450205435.7094534
D6627-A-2_R_2024_02_02_17_42_28_Arkansas.ndpi.ndpa,105,pol,21088212,-6229967,14625,671957216.1717293
D6627-A-2_R_2024_02_02_17_42_28_Arkansas.ndpi.ndpa,106,pol,21126006,-6282755,18373,1060498412.559798
D6627-A-2_R_2024_02_02_17_42_28_Arkansas.ndpi.ndpa,107,pol,21275000,-6258079,13944,610835994.8573323
D6627-A-2_R_2024_02_02_17_42_28_Arkansas.ndpi.ndpa,108,paly,21314668,-6306806,14993,706198766.5384896
D6627-A-2_R_2024_02_02_17_42_28_Arkansas.ndpi.ndpa,109,pol,21505050,-6288690,14806,688692514.7949214
D6627-A-2_R_2024_02_02_17_42_28_Arkansas.ndpi.ndpa,110,pol,21446484,-6249177,14114,625820951.9919841
D6627-A-2_R_2024_02_02_17_42_28_Arkansas.ndpi.ndpa,111,paly,21911270,-6258079,18695,1097996135.7474098
D6627-A-2_R_2024_02_02_17_42_28_Arkansas.ndpi.ndpa,112,pol,22034808,-6313835,10266,331094824.8058744
D6627-A-2_R_2024_02_02_17_42_28_Arkansas.ndpi.ndpa,113,pol,22009038,-6124076,11026,381931825.79885215
D6627-A-2_R_2024_02_02_17_42_28_Arkansas.ndpi.ndpa,114,paly,21762280,-6139850,12743,510144535.398565
D6627-A-2_R_2024_02_02_17_42_28_Arkansas.ndpi.ndpa,115,fun,21175204,-6213878,5106,81905203.48760575
D6627-A-2_R_2024_02_02_17_42_28_Arkansas.ndpi.ndpa,116,pol,20951400,-6204820,14961,703187462.0154295
D6627-A-2_R_2024_02_02_17_42_28_Arkansas.ndpi.ndpa,117,paly,20975294,-6184516,13429,566548664.7683749
D6627-A-2_R_2024_02_02_17_42_28_Arkansas.ndpi.ndpa,118,pol,20660282,-6115018,11878,443237518.2922753
D6627-A-2_R_2024_02_02_17_42_28_Arkansas.ndpi.ndpa,119,pol,20400868,-6035987,10482,345174085.91123754
D6627-A-2_R_2024_02_02_17_42_28_Arkansas.ndpi.ndpa,120,pol,20403210,-6049574,11484,414320326.5884484
D6627-A-2_R_2024_02_02_17_42_28_Arkansas.ndpi.ndpa,121,pol,20593124,-6049106,13231,549965202.4597236
D6627-A-2_R_2024_02_02_17_42_28_Arkansas.ndpi.ndpa,122,pol,20663092,-6080654,12155,464151543.5517867
D6627-A-2_R_2024_02_02_17_42_28_Arkansas.ndpi.ndpa,123,pol,20771168,-6115482,11746,433440876.2922858
D6627-A-2_R_2024_02_02_17_42_28_Arkansas.ndpi.ndpa,124,pol,20727596,-6020682,8103,206272603.6793247
D6627-A-2_R_2024_02_02_17_42_28_Arkansas.ndpi.ndpa,125,pol,20938906,-5979778,12482,489461153.30530953
D6627-A-2_R_2024_02_02_17_42_28_Arkansas.ndpi.ndpa,126,pol,20937188,-5984463,14733,681918150.9011309
D6627-A-2_R_2024_02_02_17_42_28_Arkansas.ndpi.ndpa,127,pol,21328880,-6058335,7071,157076619.89213488
D6627-A-2_R_2024_02_02_17_42_28_Arkansas.ndpi.ndpa,128,pol,21562622,-6061911,10213,327684980.98037255
D6627-A-2_R_2024_02_02_17_42_28_Arkansas.ndpi.ndpa,129,pol,21675848,-6084643,13165,544492120.8005692
D6627-A-2_R_2024_02_02_17_42_28_Arkansas.ndpi.ndpa,130,pol,21620912,-5998670,13576,579019955.0810732
D6627-A-2_R_2024_02_02_17_42_28_Arkansas.ndpi.ndpa,131,pol,21751330,-6062931,13968,612940510.0768603
D6627-A-2_R_2024_02_02_17_42_28_Arkansas.ndpi.ndpa,132,pol,21832932,-5985992,12447,486720066.5911626
D6627-A-2_R_2024_02_02_17_42_28_Arkansas.ndpi.ndpa,133,paly,21878248,-6100089,14537,663895085.1748986
D6627-A-2_R_2024_02_02_17_42_28_Arkansas.ndpi.ndpa,134,paly,21066014,-5877866,12758,511346241.7124529
D6627-A-2_R_2024_02_02_17_42_28_Arkansas.ndpi.ndpa,135,pol,20912282,-5904095,20151,1275683912.517694
D6627-A-2_R_2024_02_02_17_42_28_Arkansas.ndpi.ndpa,136,pol,20548998,-5873513,11431,410504878.01862687
D6627-A-2_R_2024_02_02_17_42_28_Arkansas.ndpi.ndpa,137,pol,20636008,-5860091,13192,546727800.6549772
D6627-A-2_R_2024_02_02_17_42_28_Arkansas.ndpi.ndpa,138,paly,20391326,-5929983,9269,269907925.3554614
D6627-A-2_R_2024_02_02_17_42_28_Arkansas.ndpi.ndpa,139,pol,20399042,-5898048,12591,498046990.9390863
USNMPAL_792852_D1667-A_R_2024_02_2019_29_55_Kentucky.ndpi.ndpa,2,pol,20370938,907140,12450,486954715.2880519
USNMPAL_792852_D1667-A_R_2024_02_2019_29_55_Kentucky.ndpi.ndpa,3,pol,20656494,857395,14725,681177790.6100154
USNMPAL_792852_D1667-A_R_2024_02_2019_29_55_Kentucky.ndpi.ndpa,4,pol,20748072,853287,11453,412086506.5568914
USNMPAL_792852_D1667-A_R_2024_02_2019_29_55_Kentucky.ndpi.ndpa,5,pol,20872826,894361,12209,468284798.77603805
USNMPAL_792852_D1667-A_R_2024_02_2019_29_55_Kentucky.ndpi.ndpa,6,pol,21011568,928133,14471,657880418.0750066
USNMPAL_792852_D1667-A_R_2024_02_2019_29_55_Kentucky.ndpi.ndpa,7,pol,21094476,889189,11534,417935985.57346493
USNMPAL_792852_D1667-A_R_2024_02_2019_29_55_Kentucky.ndpi.ndpa,8,pol,21133126,881431,13628,583464077.1815826
USNMPAL_792852_D1667-A_R_2024_02_2019_29_55_Kentucky.ndpi.ndpa,9,pol,21296362,859829,17494,961453128.8019558
USNMPAL_792852_D1667-A_R_2024_02_2019_29_55_Kentucky.ndpi.ndpa,10,pol,21302756,988375,27131,2312498583.769982
USNMPAL_792852_D1667-A_R_2024_02_2019_29_55_Kentucky.ndpi.ndpa,11,pol,21507984,942129,15191,724974281.4043685
USNMPAL_792852_D1667-A_R_2024_02_2019_29_55_Kentucky.ndpi.ndpa,12,pol,21520762,901511,12836,517617903.6577791
USNMPAL_792852_D1667-A_R_2024_02_2019_29_55_Kentucky.ndpi.ndpa,13,pol,21908836,1036142,13136,542095936.9774894
USNMPAL_792852_D1667-A_R_2024_02_2019_29_55_Kentucky.ndpi.ndpa,14,pol,21800374,1072044,12910,523603278.547769
USNMPAL_792852_D1667-A_R_2024_02_2019_29_55_Kentucky.ndpi.ndpa,15,pol,21569296,1097906,10407,340252231.24067473
USNMPAL_792852_D1667-A_R_2024_02_2019_29_55_Kentucky.ndpi.ndpa,16,pol,21466604,1089995,11299,401078969.0845022
USNMPAL_792852_D1667-A_R_2024_02_2019_29_55_Kentucky.ndpi.ndpa,17,pol,21232776,1039033,15904,794625699.6050547
USNMPAL_792852_D1667-A_R_2024_02_2019_29_55_Kentucky.ndpi.ndpa,18,pol,21187132,1055919,13610,581923804.5690099
USNMPAL_792852_D1667-A_R_2024_02_2019_29_55_Kentucky.ndpi.ndpa,19,fun,21050976,1017279,12397,482817580.19687337
USNMPAL_792852_D1667-A_R_2024_02_2019_29_55_Kentucky.ndpi.ndpa,20,pol,20953460,1102622,16050,809282121.5463647
USNMPAL_792852_D1667-A_R_2024_02_2019_29_55_Kentucky.ndpi.ndpa,21,pol,20823994,1132895,16617,867471294.4371663
USNMPAL_792852_D1667-A_R_2024_02_2019_29_55_Kentucky.ndpi.ndpa,22,pol,20569174,1029601,10623,354522853.0377533
USNMPAL_792852_D1667-A_R_2024_02_2019_29_55_Kentucky.ndpi.ndpa,23,pol,20498278,1066568,9553,286701145.5224077
USNMPAL_792852_D1667-A_R_2024_02_2019_29_55_Kentucky.ndpi.ndpa,24,pol,20433774,1051203,17960,1013357152.8901694
USNMPAL_792852_D1667-A_R_2024_02_2019_29_55_Kentucky.ndpi.ndpa,25,pol,20415062,1154952,10133,322571473.4499775
USNMPAL_792852_D1667-A_R_2024_02_2019_29_55_Kentucky.ndpi.ndpa,26,pol,20524444,1156017,11217,395278608.86906755
USNMPAL_792852_D1667-A_R_2024_02_2019_29_55_Kentucky.ndpi.ndpa,27,pol,20550304,1187507,10223,328326996.85506016
USNMPAL_792852_D1667-A_R_2024_02_2019_29_55_Kentucky.ndpi.ndpa,28,pol,20958474,1162711,10491,345767083.5157512
USNMPAL_792852_D1667-A_R_2024_02_2019_29_55_Kentucky.ndpi.ndpa,29,pol,21053258,1184465,13816,599673036.5131848
USNMPAL_792852_D1667-A_R_2024_02_2019_29_55_Kentucky.ndpi.ndpa,30,pol,21071816,1259920,8327,217834669.95418426
USNMPAL_792852_D1667-A_R_2024_02_2019_29_55_Kentucky.ndpi.ndpa,31,pol,21155940,1218693,11882,443536095.2580725
USNMPAL_792852_D1667-A_R_2024_02_2019_29_55_Kentucky.ndpi.ndpa,32,pol,21108940,1160429,10818,367657836.2144489
USNMPAL_792852_D1667-A_R_2024_02_2019_29_55_Kentucky.ndpi.ndpa,33,pol,21426286,1179901,12486,489774910.4468089
USNMPAL_792852_D1667-A_R_2024_02_2019_29_55_Kentucky.ndpi.ndpa,34,pol,21522428,1174425,11219,395419578.4146194
USNMPAL_792852_D1667-A_R_2024_02_2019_29_55_Kentucky.ndpi.ndpa,35,pol,21520756,1154800,14471,657880418.0750066
USNMPAL_792852_D1667-A_R_2024_02_2019_29_55_Kentucky.ndpi.ndpa,36,pol,21372740,1199069,17512,963432671.465724
USNMPAL_792852_D1667-A_R_2024_02_2019_29_55_Kentucky.ndpi.ndpa,37,pol,21483186,1264940,10331,335300804.7584637
USNMPAL_792852_D1667-A_R_2024_02_2019_29_55_Kentucky.ndpi.ndpa,38,pol,21603676,1253530,16117,816052847.4758623
USNMPAL_792852_D1667-A_R_2024_02_2019_29_55_Kentucky.ndpi.ndpa,39,pol,21701794,1185530,14038,619099351.1468108
USNMPAL_792852_D1667-A_R_2024_02_2019_29_55_Kentucky.ndpi.ndpa,40,pol,21989460,1157234,11956,449077902.3981167
USNMPAL_792852_D1667-A_R_2024_02_2019_29_55_Kentucky.ndpi.ndpa,41,pol,21968012,1348456,18371,1060267543.198871
USNMPAL_792852_D1667-A_R_2024_02_2019_29_55_Kentucky.ndpi.ndpa,42,fun,21968772,1299015,7933,197708245.11452046
USNMPAL_792852_D1667-A_R_2024_02_2019_29_55_Kentucky.ndpi.ndpa,43,pol,21755648,1411589,11279,399660351.5058472
USNMPAL_792852_D1667-A_R_2024_02_2019_29_55_Kentucky.ndpi.ndpa,44,pol,21437088,1369754,14695,678405020.933957
USNMPAL_792852_D1667-A_R_2024_02_2019_29_55_Kentucky.ndpi.ndpa,45,fun,21386880,1385575,19186,1156428411.3609316
USNMPAL_792852_D1667-A_R_2024_02_2019_29_55_Kentucky.ndpi.ndpa,46,pol,21355842,1395768,11979,450807364.8618812
USNMPAL_792852_D1667-A_R_2024_02_2019_29_55_Kentucky.ndpi.ndpa,47,pol,21279628,1401548,14871,694752662.7316593
USNMPAL_792852_D1667-A_R_2024_02_2019_29_55_Kentucky.ndpi.ndpa,48,pol,21219236,1415848,14920,699338630.8820709
USNMPAL_792852_D1667-A_R_2024_02_2019_29_55_Kentucky.ndpi.ndpa,49,pol,21084564,1341887,15236,729275797.1895535
USNMPAL_792852_D1667-A_R_2024_02_2019_29_55_Kentucky.ndpi.ndpa,50,pol,21026836,1312259,16269,831517877.6670943
USNMPAL_792852_D1667-A_R_2024_02_2019_29_55_Kentucky.ndpi.ndpa,51,pol,20944012,1304684,10604,353255807.87985605
USNMPAL_792852_D1667-A_R_2024_02_2019_29_55_Kentucky.ndpi.ndpa,52,pol,20926396,1364772,13244,551046460.1112728
USNMPAL_792852_D1667-A_R_2024_02_2019_29_55_Kentucky.ndpi.ndpa,53,pol,20952500,1424666,17597,972808016.4660891
USNMPAL_792852_D1667-A_R_2024_02_2019_29_55_Kentucky.ndpi.ndpa,54,pol,20400548,1425138,8020,202068496.11595693
USNMPAL_792852_D1667-A_R_2024_02_2019_29_55_Kentucky.ndpi.ndpa,55,pol,20342822,1340354,15908,795025460.9870386
USNMPAL_792852_D1667-A_R_2024_02_2019_29_55_Kentucky.ndpi.ndpa,56,pol,20291072,1290018,9854,305052780.99950105
USNMPAL_792852_D1667-A_R_2024_02_2019_29_55_Kentucky.ndpi.ndpa,57,pol,20370662,1437565,15936,797826605.5279442
USNMPAL_792852_D1667-A_R_2024_02_2019_29_55_Kentucky.ndpi.ndpa,58,pol,20408256,1510552,32644,3347777691.6570845
USNMPAL_792852_D1667-A_R_2024_02_2019_29_55_Kentucky.ndpi.ndpa,59,pol,20526542,1459587,10515,347350898.6025025
USNMPAL_792852_D1667-A_R_2024_02_2019_29_55_Kentucky.ndpi.ndpa,60,pol,20711680,1568438,9627,291160070.8075007
USNMPAL_792852_D1667-A_R_2024_02_2019_29_55_Kentucky.ndpi.ndpa,61,pol,20767206,1535877,14913,698682568.9466292
USNMPAL_792852_D1667-A_R_2024_02_2019_29_55_Kentucky.ndpi.ndpa,62,pol,20852302,1443543,12745,510304681.2256744
USNMPAL_792852_D1667-A_R_2024_02_2019_29_55_Kentucky.ndpi.ndpa,63,pol,21020294,1468238,14728,681455378.5952939
USNMPAL_792852_D1667-A_R_2024_02_2019_29_55_Kentucky.ndpi.ndpa,64,pol,21024068,1530686,17280,938074539.8136665
USNMPAL_792852_D1667-A_R_2024_02_2019_29_55_Kentucky.ndpi.ndpa,65,pol,21151480,1448419,11692,429464713.2670846
USNMPAL_792852_D1667-A_R_2024_02_2019_29_55_Kentucky.ndpi.ndpa,66,pol,21160918,1458329,14665,675637906.1246752
USNMPAL_792852_D1667-A_R_2024_02_2019_29_55_Kentucky.ndpi.ndpa,67,pol,21294304,1435206,13307,556301442.983637
USNMPAL_792852_D1667-A_R_2024_02_2019_29_55_Kentucky.ndpi.ndpa,68,pol,21292416,1453138,13635,584063621.8651862
USNMPAL_792852_D1667-A_R_2024_02_2019_29_55_Kentucky.ndpi.ndpa,69,pol,21483374,1447318,12000,452389342.1169302
USNMPAL_792852_D1667-A_R_2024_02_2019_29_55_Kentucky.ndpi.ndpa,70,pol,21475508,1435678,12783,513352227.1615863
USNMPAL_792852_D1667-A_R_2024_02_2019_29_55_Kentucky.ndpi.ndpa,71,pol,21577908,1475946,10272,331481956.98539096
USNMPAL_792852_D1667-A_R_2024_02_2019_29_55_Kentucky.ndpi.ndpa,72,pol,21587188,1435363,16057,809988191.3536663
USNMPAL_792852_D1667-A_R_2024_02_2019_29_55_Kentucky.ndpi.ndpa,73,pol,21947082,1562146,14876,695219927.514991
USNMPAL_792852_D1667-A_R_2024_02_2019_29_55_Kentucky.ndpi.ndpa,74,pol,21938744,1499698,44900,6333482205.563559
USNMPAL_792852_D1667-A_R_2024_02_2019_29_55_Kentucky.ndpi.ndpa,75,pol,21891400,1565764,13202,547556992.6199657
USNMPAL_792852_D1667-A_R_2024_02_2019_29_55_Kentucky.ndpi.ndpa,76,pol,22040830,1506462,8675,236422518.64130837
USNMPAL_792852_D1667-A_R_2024_02_2019_29_55_Kentucky.ndpi.ndpa,77,pol,22079556,1632302,13370,561581363.8184853
USNMPAL_792852_D1667-A_R_2024_02_2019_29_55_Kentucky.ndpi.ndpa,78,pol,22090252,1672413,14047,619893435.8138953
USNMPAL_792852_D1667-A_R_2024_02_2019_29_55_Kentucky.ndpi.ndpa,79,pol,21850690,1676660,15357,740905197.2197576
USNMPAL_792852_D1667-A_R_2024_02_2019_29_55_Kentucky.ndpi.ndpa,80,pol,21535344,1732344,18184,1038792291.2613517
USNMPAL_792852_D1667-A_R_2024_02_2019_29_55_Kentucky.ndpi.ndpa,81,pol,21371442,1697140,14712,679975562.791747
USNMPAL_792852_D1667-A_R_2024_02_2019_29_55_Kentucky.ndpi.ndpa,82,pol,21348004,1651838,11044,383179854.89641726
USNMPAL_792852_D1667-A_R_2024_02_2019_29_55_Kentucky.ndpi.ndpa,83,pol,21319376,1711769,12573,496624000.26345754
USNMPAL_792852_D1667-A_R_2024_02_2019_29_55_Kentucky.ndpi.ndpa,84,pol,21069120,1664107,15035,710160867.7949734
USNMPAL_792852_D1667-A_R_2024_02_2019_29_55_Kentucky.ndpi.ndpa,85,pol,20992832,1629502,14108,625288979.8247664
USNMPAL_792852_D1667-A_R_2024_02_2019_29_55_Kentucky.ndpi.ndpa,86,pol,20902858,1732532,13742,593266411.7474604
USNMPAL_792852_D1667-A_R_2024_02_2019_29_55_Kentucky.ndpi.ndpa,87,pol,20752956,1638153,11773,435435828.46801984
USNMPAL_792852_D1667-A_R_2024_02_2019_29_55_Kentucky.ndpi.ndpa,88,pol,20826884,1670085,10360,337185882.87273103
USNMPAL_792852_D1667-A_R_2024_02_2019_29_55_Kentucky.ndpi.ndpa,89,pol,20808324,1686916,10296,333032747.6501678
USNMPAL_792852_D1667-A_R_2024_02_2019_29_55_Kentucky.ndpi.ndpa,90,pol,20650398,1679680,14069,621836674.2329587
USNMPAL_792852_D1667-A_R_2024_02_2019_29_55_Kentucky.ndpi.ndpa,91,pol,20558378,1621165,14849,692698563.7910362
USNMPAL_792852_D1667-A_R_2024_02_2019_29_55_Kentucky.ndpi.ndpa,92,pol,20405646,1666310,14789,687111932.4070106
USNMPAL_792852_D1667-A_R_2024_02_2019_29_55_Kentucky.ndpi.ndpa,93,pol,20457710,1753454,15610,765518479.2447975
USNMPAL_792852_D1667-A_R_2024_02_2019_29_55_Kentucky.ndpi.ndpa,94,pol,20621140,1744488,11353,404921790.35111445
USNMPAL_792852_D1667-A_R_2024_02_2019_29_55_Kentucky.ndpi.ndpa,95,pol,20784728,1738511,9929,309714040.55944854
USNMPAL_792852_D1667-A_R_2024_02_2019_29_55_Kentucky.ndpi.ndpa,96,pol,21010920,1740398,16068,811098351.6576287
USNMPAL_792852_D1667-A_R_2024_02_2019_29_55_Kentucky.ndpi.ndpa,97,pol,21049144,1856956,13831,600975870.6945918
USNMPAL_792852_D1667-A_R_2024_02_2019_29_55_Kentucky.ndpi.ndpa,98,pol,21121028,1853496,12804,515040289.71736175
USNMPAL_792852_D1667-A_R_2024_02_2019_29_55_Kentucky.ndpi.ndpa,99,pol,21238840,1746375,17660,979786093.7939088
USNMPAL_792852_D1667-A_R_2024_02_2019_29_55_Kentucky.ndpi.ndpa,100,pol,21360904,1793722,14726,681270313.6552563
USNMPAL_792852_D1667-A_R_2024_02_2019_29_55_Kentucky.ndpi.ndpa,101,pol,21521346,1753139,12929,525145615.186715
USNMPAL_792852_D1667-A_R_2024_02_2019_29_55_Kentucky.ndpi.ndpa,102,pol,21527638,1811339,10170,324931472.4088734
USNMPAL_792852_D1667-A_R_2024_02_2019_29_55_Kentucky.ndpi.ndpa,103,pol,21838768,1854596,12952,527015689.05446887
USNMPAL_792852_D1667-A_R_2024_02_2019_29_55_Kentucky.ndpi.ndpa,104,pol,21975616,1815744,15226,728318805.235417
USNMPAL_792852_D1667-A_R_2024_02_2019_29_55_Kentucky.ndpi.ndpa,105,pol,21948246,1735049,13681,588011146.1317574
USNMPAL_792852_D1667-A_R_2024_02_2019_29_55_Kentucky.ndpi.ndpa,106,pol,22050332,1765251,13119,540693734.2204493
USNMPAL_792852_D1667-A_R_2024_02_2019_29_55_Kentucky.ndpi.ndpa,107,pol,22129294,1883226,16358,840640443.8393664
USNMPAL_792852_D1667-A_R_2024_02_2019_29_55_Kentucky.ndpi.ndpa,108,pol,21997324,1921764,11687,429097476.7938432
USNMPAL_792852_D1667-A_R_2024_02_2019_29_55_Kentucky.ndpi.ndpa,109,pol,21993548,1892506,16680,874061447.9041208
USNMPAL_792852_D1667-A_R_2024_02_2019_29_55_Kentucky.ndpi.ndpa,110,pol,21853868,1876304,13659,586121540.9824762
USNMPAL_792852_D1667-A_R_2024_02_2019_29_55_Kentucky.ndpi.ndpa,111,pol,21616038,1952751,13742,593266411.7474604
USNMPAL_792852_D1667-A_R_2024_02_2019_29_55_Kentucky.ndpi.ndpa,112,pol,21656620,1870956,13236,550380945.1235363
USNMPAL_792852_D1667-A_R_2024_02_2019_29_55_Kentucky.ndpi.ndpa,113,pol,21227672,1888259,12592,498126105.6668817
USNMPAL_792852_D1667-A_R_2024_02_2019_29_55_Kentucky.ndpi.ndpa,114,pol,21160980,1900843,9055,257588684.98560426
USNMPAL_792852_D1667-A_R_2024_02_2019_29_55_Kentucky.ndpi.ndpa,115,pol,20672104,1917517,8605,232622448.16752616
USNMPAL_792852_D1667-A_R_2024_02_2019_29_55_Kentucky.ndpi.ndpa,116,pol,20877532,1953381,9543,286101226.9892782
USNMPAL_792852_D1667-A_R_2024_02_2019_29_55_Kentucky.ndpi.ndpa,117,pol,20497506,1941583,11438,411007793.5953915
USNMPAL_792852_D1667-A_R_2024_02_2019_29_55_Kentucky.ndpi.ndpa,118,pol,20410520,1955425,11843,440629258.1155222
USNMPAL_792852_D1667-A_R_2024_02_2019_29_55_Kentucky.ndpi.ndpa,119,pol,20634354,2099040,10595,352656420.275885
USNMPAL_792852_D1667-A_R_2024_02_2019_29_55_Kentucky.ndpi.ndpa,120,pol,20843242,2021806,10954,376960066.9289871
USNMPAL_792852_D1667-A_R_2024_02_2019_29_55_Kentucky.ndpi.ndpa,121,pol,21028536,2037221,16737,880045456.2013065
USNMPAL_792852_D1667-A_R_2024_02_2019_29_55_Kentucky.ndpi.ndpa,122,pol,21140216,2076546,15140,720114611.4187909
USNMPAL_792852_D1667-A_R_2024_02_2019_29_55_Kentucky.ndpi.ndpa,123,pol,21304120,2090388,12933,525470606.6635436
USNMPAL_792852_D1667-A_R_2024_02_2019_29_55_Kentucky.ndpi.ndpa,124,pol,21307738,2095737,13056,535513169.3948634
USNMPAL_792852_D1667-A_R_2024_02_2019_29_55_Kentucky.ndpi.ndpa,125,pol,21255988,2115556,12686,505590944.5020413
USNMPAL_792852_D1667-A_R_2024_02_2019_29_55_Kentucky.ndpi.ndpa,126,pol,21393150,2070726,11301,401220969.07244444
USNMPAL_792852_D1667-A_R_2024_02_2019_29_55_Kentucky.ndpi.ndpa,127,pol,21498536,2043199,12243,470896618.3772677
USNMPAL_792852_D1667-A_R_2024_02_2019_29_55_Kentucky.ndpi.ndpa,128,pol,21563186,2004818,13413,565199438.6882524
USNMPAL_792852_D1667-A_R_2024_02_2019_29_55_Kentucky.ndpi.ndpa,129,pol,21513482,2035334,14243,637313064.4232262
USNMPAL_792852_D1667-A_R_2024_02_2019_29_55_Kentucky.ndpi.ndpa,130,pol,21680056,2035019,11826,439365166.0547193
USNMPAL_792852_D1667-A_R_2024_02_2019_29_55_Kentucky.ndpi.ndpa,131,pol,21790322,2026525,10974,378337843.8031454
USNMPAL_792852_D1667-A_R_2024_02_2019_29_55_Kentucky.ndpi.ndpa,132,pol,21828230,2082838,10993,379649059.7537522
USNMPAL_792852_D1667-A_R_2024_02_2019_29_55_Kentucky.ndpi.ndpa,133,pol,21910968,2069153,13261,552462014.6370906
USNMPAL_792852_D1667-A_R_2024_02_2019_29_55_Kentucky.ndpi.ndpa,134,pol,22029254,2105961,11011,380893356.6392448
USNMPAL_792852_D1667-A_R_2024_02_2019_29_55_Kentucky.ndpi.ndpa,135,pol,22037748,2027154,10766,364131813.1510247
USNMPAL_792852_D1667-A_R_2024_02_2019_29_55_Kentucky.ndpi.ndpa,136,pol,22052692,2127197,12350,479163565.5071492
USNMPAL_792852_D1667-A_R_2024_02_2019_29_55_Kentucky.ndpi.ndpa,137,pol,22005818,2127355,12489,490010294.27637905
USNMPAL_792852_D1667-A_R_2024_02_2019_29_55_Kentucky.ndpi.ndpa,138,pol,22026580,2173758,8800,243284935.09399357
USNMPAL_792852_D1667-A_R_2024_02_2019_29_55_Kentucky.ndpi.ndpa,139,pol,21974516,2205532,12337,478155331.03524
USNMPAL_792852_D1667-A_R_2024_02_2019_29_55_Kentucky.ndpi.ndpa,140,pol,21934720,2245329,11640,425653131.99781966
USNMPAL_792852_D1667-A_R_2024_02_2019_29_55_Kentucky.ndpi.ndpa,141,pol,21576556,2140882,8763,241243430.79831868
USNMPAL_792852_D1667-A_R_2024_02_2019_29_55_Kentucky.ndpi.ndpa,142,pol,21480606,2191061,14425,653704562.8543726
USNMPAL_792852_D1667-A_R_2024_02_2019_29_55_Kentucky.ndpi.ndpa,143,pol,21542736,2239351,11572,420694391.887911
USNMPAL_792852_D1667-A_R_2024_02_2019_29_55_Kentucky.ndpi.ndpa,144,paly,21393936,2145129,17314,941769668.5264481
USNMPAL_792852_D1667-A_R_2024_02_2019_29_55_Kentucky.ndpi.ndpa,145,pol,21297986,2262632,14655,674716791.1586426
USNMPAL_792852_D1667-A_R_2024_02_2019_29_55_Kentucky.ndpi.ndpa,146,pol,21122442,2235891,15820,786253933.2362862
USNMPAL_792852_D1667-A_R_2024_02_2019_29_55_Kentucky.ndpi.ndpa,147,pol,20878004,2146702,11149,390500598.3013347
USNMPAL_792852_D1667-A_R_2024_02_2019_29_55_Kentucky.ndpi.ndpa,148,pol,20772774,2157871,11149,390500598.3013347
USNMPAL_792852_D1667-A_R_2024_02_2019_29_55_Kentucky.ndpi.ndpa,149,pol,20824052,2205689,12818,516167204.13494563
USNMPAL_792852_D1667-A_R_2024_02_2019_29_55_Kentucky.ndpi.ndpa,150,pol,20828298,2239037,8909,249349091.70295754
USNMPAL_792852_D1667-A_R_2024_02_2019_29_55_Kentucky.ndpi.ndpa,151,pol,20687520,2224250,18468,1071493656.9801337
USNMPAL_792852_D1667-A_R_2024_02_2019_29_55_Kentucky.ndpi.ndpa,152,pol,20575524,2201285,13096,538799526.6379306
USNMPAL_792852_D1667-A_R_2024_02_2019_29_55_Kentucky.ndpi.ndpa,153,pol,20487282,2133332,11216,395208133.5210695
USNMPAL_792852_D1667-A_R_2024_02_2019_29_55_Kentucky.ndpi.ndpa,154,pol,20354052,2178949,13973,613379406.27853
USNMPAL_792852_D1667-A_R_2024_02_2019_29_55_Kentucky.ndpi.ndpa,155,pol,20613276,2397280,10107,320918241.7319524
USNMPAL_792852_D1667-A_R_2024_02_2019_29_55_Kentucky.ndpi.ndpa,156,pol,20668644,2352764,13013,531991547.70274687
USNMPAL_792852_D1667-A_R_2024_02_2019_29_55_Kentucky.ndpi.ndpa,157,pol,20700418,2360786,16833,890169929.6778834
USNMPAL_792852_D1667-A_R_2024_02_2019_29_55_Kentucky.ndpi.ndpa,158,pol,20917328,2267351,13276,553712541.3008152
USNMPAL_792852_D1667-A_R_2024_02_2019_29_55_Kentucky.ndpi.ndpa,159,pol,20974270,2270655,14055,620599716.1079048
USNMPAL_792852_D1667-A_R_2024_02_2019_29_55_Kentucky.ndpi.ndpa,160,pol,21092556,2311552,16413,846302866.1461599
USNMPAL_792852_D1667-A_R_2024_02_2019_29_55_Kentucky.ndpi.ndpa,161,pol,21153588,2310923,7459,174787788.29971883
USNMPAL_792852_D1667-A_R_2024_02_2019_29_55_Kentucky.ndpi.ndpa,162,pol,21208484,2361416,15908,795025460.9870386
USNMPAL_792852_D1667-A_R_2024_02_2019_29_55_Kentucky.ndpi.ndpa,163,pol,21191024,2350877,12124,461787026.98265505
USNMPAL_792852_D1667-A_R_2024_02_2019_29_55_Kentucky.ndpi.ndpa,164,pol,21313558,2366921,12490,490088768.11927307
USNMPAL_792852_D1667-A_R_2024_02_2019_29_55_Kentucky.ndpi.ndpa,165,pol,21407148,2310451,12477,489069098.2501048
USNMPAL_792852_D1667-A_R_2024_02_2019_29_55_Kentucky.ndpi.ndpa,166,pol,21568534,2350719,10439,342347899.73529017
USNMPAL_792852_D1667-A_R_2024_02_2019_29_55_Kentucky.ndpi.ndpa,167,pol,21897754,2320361,12465,488128807.0025148
USNMPAL_792852_D1667-A_R_2024_02_2019_29_55_Kentucky.ndpi.ndpa,168,pol,21878722,2265306,10551,349733407.07276136
USNMPAL_792852_D1667-A_R_2024_02_2019_29_55_Kentucky.ndpi.ndpa,169,pol,22033186,2286856,11038,382763619.0025578
USNMPAL_792852_D1667-A_R_2024_02_2019_29_55_Kentucky.ndpi.ndpa,170,pol,21665272,2405932,13598,580898087.1339835
C_418080_W_Nassichuk_L_2025_01_14_19_14_58_Alaska.ndpi.ndpa,2,bipol,5667771,-3658252,50456,7997891509.188194
C_418080_W_Nassichuk_L_2025_01_14_19_14_58_Alaska.ndpi.ndpa,3,bipol,5699468,-3775724,50456,7997891509.188194
C_418080_W_Nassichuk_L_2025_01_14_19_14_58_Alaska.ndpi.ndpa,4,bipol,6186301,-4237204,50456,7997891509.188194
C_418080_W_Nassichuk_L_2025_01_14_19_14_58_Alaska.ndpi.ndpa,5,bipol,4793398,-3625942,50456,7997891509.188194
C_418080_W_Nassichuk_L_2025_01_14_19_14_58_Alaska.ndpi.ndpa,6,bipol,5769660,-2917234,50456,7997891509.188194
C_418080_W_Nassichuk_L_2025_01_14_19_14_58_Alaska.ndpi.ndpa,7,pol,5152148,-3032632,13583,579617212.6852251
C_418080_W_Nassichuk_L_2025_01_14_19_14_58_Alaska.ndpi.ndpa,8,pol,5196779,-2947973,12014,453445533.0006965
C_418080_W_Nassichuk_L_2025_01_14_19_14_58_Alaska.ndpi.ndpa,9,pol,4646777,-4317916,16027,806964345.5927331
C_418080_W_Nassichuk_L_2025_01_14_19_14_58_Alaska.ndpi.ndpa,10,bipol,4751223,-4383407,25634,2064346677.6290834
C_418080_W_Nassichuk_L_2025_01_14_19_14_58_Alaska.ndpi.ndpa,11,pol,4773806,-4308129,13983,614257669.9207675
C_418080_W_Nassichuk_L_2025_01_14_19_14_58_Alaska.ndpi.ndpa,12,pol,4869595,-4322056,11952,448777465.60946864
C_418080_W_Nassichuk_L_2025_01_14_19_14_58_Alaska.ndpi.ndpa,13,pol,4836850,-4274819,28126,2485225594.103096
C_418080_W_Nassichuk_L_2025_01_14_19_14_58_Alaska.ndpi.ndpa,14,paly,5076038,-4322056,17179,927140669.5474113
C_418080_W_Nassichuk_L_2025_01_14_19_14_58_Alaska.ndpi.ndpa,15,pol,5079425,-4232851,10060,317940486.27684
C_418080_W_Nassichuk_L_2025_01_14_19_14_58_Alaska.ndpi.ndpa,16,paly,5237504,-4378138,17008,908774991.1511564
C_418080_W_Nassichuk_L_2025_01_14_19_14_58_Alaska.ndpi.ndpa,17,pol,5485543,-4257693,14645,673796304.5111408
C_418080_W_Nassichuk_L_2025_01_14_19_14_58_Alaska.ndpi.ndpa,18,pol,5544071,-4268796,17075,915949009.6127806
C_418080_W_Nassichuk_L_2025_01_14_19_14_58_Alaska.ndpi.ndpa,19,paly,5586980,-4358001,11255,397961327.93330336
C_418080_W_Nassichuk_L_2025_01_14_19_14_58_Alaska.ndpi.ndpa,20,pol,5844807,-4362706,12371,480794495.05892646
C_418080_W_Nassichuk_L_2025_01_14_19_14_58_Alaska.ndpi.ndpa,21,pol,5937020,-4336547,12676,504794173.7732379
C_418080_W_Nassichuk_L_2025_01_14_19_14_58_Alaska.ndpi.ndpa,22,pol,6073463,-4275571,12290,474519034.92808205
C_418080_W_Nassichuk_L_2025_01_14_19_14_58_Alaska.ndpi.ndpa,23,pol,6284048,-4351226,19892,1243102024.7091208
C_418080_W_Nassichuk_L_2025_01_14_19_14_58_Alaska.ndpi.ndpa,24,pol,6466398,-4301542,14647,673980351.5751587
C_418080_W_Nassichuk_L_2025_01_14_19_14_58_Alaska.ndpi.ndpa,25,pol,6362328,-4157015,17578,970708411.5558788
C_418080_W_Nassichuk_L_2025_01_14_19_14_58_Alaska.ndpi.ndpa,26,pol,6310011,-4228529,13398,563936000.0787214
C_418080_W_Nassichuk_L_2025_01_14_19_14_58_Alaska.ndpi.ndpa,27,pol,6239816,-4208016,15840,788243189.7045392
C_418080_W_Nassichuk_L_2025_01_14_19_14_58_Alaska.ndpi.ndpa,28,pol,6153820,-4139889,15272,732726170.7018794
C_418080_W_Nassichuk_L_2025_01_14_19_14_58_Alaska.ndpi.ndpa,29,pol,6191458,-4095852,10700,359680942.9094954
C_418080_W_Nassichuk_L_2025_01_14_19_14_58_Alaska.ndpi.ndpa,30,pol,6019073,-4152310,14640,673336296.8068389
C_418080_W_Nassichuk_L_2025_01_14_19_14_58_Alaska.ndpi.ndpa,31,bipol,5937397,-4156262,25131,1984126753.2461622
C_418080_W_Nassichuk_L_2025_01_14_19_14_58_Alaska.ndpi.ndpa,32,pol,5743368,-4076091,15663,770725571.6787503
C_418080_W_Nassichuk_L_2025_01_14_19_14_58_Alaska.ndpi.ndpa,33,pol,5591686,-4100933,12461,487815577.6485812
C_418080_W_Nassichuk_L_2025_01_14_19_14_58_Alaska.ndpi.ndpa,34,paly,5530899,-4070070,19203,1158478655.5673687
C_418080_W_Nassichuk_L_2025_01_14_19_14_58_Alaska.ndpi.ndpa,35,pol,5337624,-4077785,14528,663073291.6606094
C_418080_W_Nassichuk_L_2025_01_14_19_14_58_Alaska.ndpi.ndpa,36,pol,4919463,-4191455,15266,732150542.9631474
C_418080_W_Nassichuk_L_2025_01_14_19_14_58_Alaska.ndpi.ndpa,37,pol,5073403,-4141960,11909,445554119.2902545
C_418080_W_Nassichuk_L_2025_01_14_19_14_58_Alaska.ndpi.ndpa,38,paly,5009419,-4180351,16285,833154220.1830138
C_418080_W_Nassichuk_L_2025_01_14_19_14_58_Alaska.ndpi.ndpa,39,paly,4871475,-4141771,17446,956184300.9307673
C_418080_W_Nassichuk_L_2025_01_14_19_14_58_Alaska.ndpi.ndpa,40,pol,4791120,-4202747,18601,1086982264.824231
C_418080_W_Nassichuk_L_2025_01_14_19_14_58_Alaska.ndpi.ndpa,41,pol,4769101,-4116177,18211,1041879424.4062915
C_418080_W_Nassichuk_L_2025_01_14_19_14_58_Alaska.ndpi.ndpa,42,pol,4679899,-4081361,10836,368882341.0662239
C_418080_W_Nassichuk_L_2025_01_14_19_14_58_Alaska.ndpi.ndpa,43,pol,4726382,-4017004,16749,881307848.6604837
C_418080_W_Nassichuk_L_2025_01_14_19_14_58_Alaska.ndpi.ndpa,44,pol,4712080,-4024720,13008,531582810.79055154
C_418080_W_Nassichuk_L_2025_01_14_19_14_58_Alaska.ndpi.ndpa,45,paly,4771172,-4039776,23006,1662769706.418727
C_418080_W_Nassichuk_L_2025_01_14_19_14_58_Alaska.ndpi.ndpa,46,paly,4752164,-4045986,29312,2699235497.523648
C_418080_W_Nassichuk_L_2025_01_14_19_14_58_Alaska.ndpi.ndpa,47,pol,4708315,-3911427,14393,650807461.5074558
C_418080_W_Nassichuk_L_2025_01_14_19_14_58_Alaska.ndpi.ndpa,48,pol,4905539,-3915944,16133,817673909.2851145
C_418080_W_Nassichuk_L_2025_01_14_19_14_58_Alaska.ndpi.ndpa,49,paly,4894999,-3997808,14981,705068773.3601052
C_418080_W_Nassichuk_L_2025_01_14_19_14_58_Alaska.ndpi.ndpa,50,pol,5361901,-4064994,15996,803845645.72481
C_418080_W_Nassichuk_L_2025_01_14_19_14_58_Alaska.ndpi.ndpa,51,pol,5378273,-4051444,17017,909737025.361502
C_418080_W_Nassichuk_L_2025_01_14_19_14_58_Alaska.ndpi.ndpa,52,pol,5401609,-3944549,13216,548718916.9460812
C_418080_W_Nassichuk_L_2025_01_14_19_14_58_Alaska.ndpi.ndpa,53,bipol,5589239,-4044481,25159,1988550492.6935349
C_418080_W_Nassichuk_L_2025_01_14_19_14_58_Alaska.ndpi.ndpa,54,pol,5622172,-4039399,18440,1068247059.7336903
C_418080_W_Nassichuk_L_2025_01_14_19_14_58_Alaska.ndpi.ndpa,55,paly,5973908,-3964309,21111,1400127172.7472193
C_418080_W_Nassichuk_L_2025_01_14_19_14_58_Alaska.ndpi.ndpa,56,pol,6066310,-3990468,17170,926169474.452888
C_418080_W_Nassichuk_L_2025_01_14_19_14_58_Alaska.ndpi.ndpa,57,pol,6051066,-3930811,7576,180314148.22868535
C_418080_W_Nassichuk_L_2025_01_14_19_14_58_Alaska.ndpi.ndpa,58,pol,6199738,-4000819,17035,911662620.5962228
C_418080_W_Nassichuk_L_2025_01_14_19_14_58_Alaska.ndpi.ndpa,59,pol,6234365,-3940220,9931,309838824.6196491
C_418080_W_Nassichuk_L_2025_01_14_19_14_58_Alaska.ndpi.ndpa,60,pol,6414268,-3941914,7026,155083703.46844038
C_418080_W_Nassichuk_L_2025_01_14_19_14_58_Alaska.ndpi.ndpa,61,paly,6474677,-4054455,18558,1081962511.8433971
C_418080_W_Nassichuk_L_2025_01_14_19_14_58_Alaska.ndpi.ndpa,62,pol,6234733,-3788541,11322,402713486.33508986
C_418080_W_Nassichuk_L_2025_01_14_19_14_58_Alaska.ndpi.ndpa,63,pol,6391124,-3685229,13892,606288627.4558554
C_418080_W_Nassichuk_L_2025_01_14_19_14_58_Alaska.ndpi.ndpa,64,pol,6231538,-3748462,14085,623251848.6260654
C_418080_W_Nassichuk_L_2025_01_14_19_14_58_Alaska.ndpi.ndpa,65,pol,6175457,-3674878,15178,723733990.0495093
C_418080_W_Nassichuk_L_2025_01_14_19_14_58_Alaska.ndpi.ndpa,66,pol,5860617,-3781584,14093,623960039.0084082
C_418080_W_Nassichuk_L_2025_01_14_19_14_58_Alaska.ndpi.ndpa,67,pol,6036011,-3714398,11045,383249249.53654236
C_418080_W_Nassichuk_L_2025_01_14_19_14_58_Alaska.ndpi.ndpa,68,pol,6046173,-3708752,11431,410504878.01862687
C_418080_W_Nassichuk_L_2025_01_14_19_14_58_Alaska.ndpi.ndpa,69,pol,5792487,-3777256,13437,567223880.9942256
C_418080_W_Nassichuk_L_2025_01_14_19_14_58_Alaska.ndpi.ndpa,70,paly,5783642,-3731712,16837,890593039.3764688
C_418080_W_Nassichuk_L_2025_01_14_19_14_58_Alaska.ndpi.ndpa,71,pol,5480274,-3708941,17253,935145347.0977932
C_418080_W_Nassichuk_L_2025_01_14_19_14_58_Alaska.ndpi.ndpa,72,pol,5475569,-3759941,14075,622367176.1348145
C_418080_W_Nassichuk_L_2025_01_14_19_14_58_Alaska.ndpi.ndpa,73,paly,5555174,-3794005,14104,624934457.3769941
C_418080_W_Nassichuk_L_2025_01_14_19_14_58_Alaska.ndpi.ndpa,74,paly,5232988,-3742063,17602,973360921.0651577
C_418080_W_Nassichuk_L_2025_01_14_19_14_58_Alaska.ndpi.ndpa,75,spo,5152819,-3650789,20269,1290667927.1745498
C_418080_W_Nassichuk_L_2025_01_14_19_14_58_Alaska.ndpi.ndpa,76,paly,5380697,-3690696,22691,1617547878.1790326
C_418080_W_Nassichuk_L_2025_01_14_19_14_58_Alaska.ndpi.ndpa,77,pol,5034428,-3907041,14587,668469872.3970561
C_418080_W_Nassichuk_L_2025_01_14_19_14_58_Alaska.ndpi.ndpa,78,paly,4670319,-3966771,19866,1239854535.2503638
C_418080_W_Nassichuk_L_2025_01_14_19_14_58_Alaska.ndpi.ndpa,79,pol,4950495,-3883801,13321,557472603.592154
C_418080_W_Nassichuk_L_2025_01_14_19_14_58_Alaska.ndpi.ndpa,80,pol,5009261,-3791854,14872,694846103.121955
C_418080_W_Nassichuk_L_2025_01_14_19_14_58_Alaska.ndpi.ndpa,81,pol,5036773,-3773981,14977,704692310.0292403
C_418080_W_Nassichuk_L_2025_01_14_19_14_58_Alaska.ndpi.ndpa,82,pol,5094110,-3846175,19351,1176404558.116011
C_418080_W_Nassichuk_L_2025_01_14_19_14_58_Alaska.ndpi.ndpa,83,pol,5142551,-3832771,12619,500264578.3614023
C_418080_W_Nassichuk_L_2025_01_14_19_14_58_Alaska.ndpi.ndpa,84,pol,5111982,-3866869,17846,1000533536.1029637
C_418080_W_Nassichuk_L_2025_01_14_19_14_58_Alaska.ndpi.ndpa,85,pol,5215397,-3872748,11753,433957646.2926528
C_418080_W_Nassichuk_L_2025_01_14_19_14_58_Alaska.ndpi.ndpa,86,paly,5304991,-3849468,20253,1288631069.2944095
C_418080_W_Nassichuk_L_2025_01_14_19_14_58_Alaska.ndpi.ndpa,87,pol,5297701,-3812312,11570,420548986.4135323
C_418080_W_Nassichuk_L_2025_01_14_19_14_58_Alaska.ndpi.ndpa,88,pol,5287589,-3819132,12728,508944242.8013712
C_418080_W_Nassichuk_L_2025_01_14_19_14_58_Alaska.ndpi.ndpa,89,pol,5882864,-3815369,18831,1114029366.9523408
C_418080_W_Nassichuk_L_2025_01_14_19_14_58_Alaska.ndpi.ndpa,90,pol,6325095,-3564605,12496,490559743.12352866
C_418080_W_Nassichuk_L_2025_01_14_19_14_58_Alaska.ndpi.ndpa,91,pol,6447610,-3617750,11806,437880323.70292664
C_418080_W_Nassichuk_L_2025_01_14_19_14_58_Alaska.ndpi.ndpa,92,paly,6406693,-3602465,25966,2118165929.696261
C_418080_W_Nassichuk_L_2025_01_14_19_14_58_Alaska.ndpi.ndpa,93,pol,5616723,-3552612,12345,478775657.3542472
C_418080_W_Nassichuk_L_2025_01_14_19_14_58_Alaska.ndpi.ndpa,94,paly,5565225,-3618456,16130,817369837.6737663
C_418080_W_Nassichuk_L_2025_01_14_19_14_58_Alaska.ndpi.ndpa,95,pol,5374539,-3534895,15809,785160913.4618418
C_418080_W_Nassichuk_L_2025_01_14_19_14_58_Alaska.ndpi.ndpa,96,pol,5044011,-3614160,10827,368269834.1713315
C_418080_W_Nassichuk_L_2025_01_14_19_14_58_Alaska.ndpi.ndpa,97,pol,4938898,-3702344,14621,671589700.0967418
C_418080_W_Nassichuk_L_2025_01_14_19_14_58_Alaska.ndpi.ndpa,98,pol,4805331,-3561486,14619,671405979.7583599
C_418080_W_Nassichuk_L_2025_01_14_19_14_58_Alaska.ndpi.ndpa,99,pol,4882696,-3560310,12465,488128807.0025148
C_418080_W_Nassichuk_L_2025_01_14_19_14_58_Alaska.ndpi.ndpa,100,pol,4783078,-3404227,12746,510384763.56400704
C_418080_W_Nassichuk_L_2025_01_14_19_14_58_Alaska.ndpi.ndpa,101,pol,5012661,-3392705,14212,634541849.8355314
C_418080_W_Nassichuk_L_2025_01_14_19_14_58_Alaska.ndpi.ndpa,102,paly,5017129,-3503464,13469,569928767.1362252
C_418080_W_Nassichuk_L_2025_01_14_19_14_58_Alaska.ndpi.ndpa,103,paly,5253567,-3479478,11786,436397994.62525684
C_418080_W_Nassichuk_L_2025_01_14_19_14_58_Alaska.ndpi.ndpa,104,pol,5460237,-3480419,13044,534529222.5757591
C_418080_W_Nassichuk_L_2025_01_14_19_14_58_Alaska.ndpi.ndpa,105,pol,5542908,-3500642,13010,531746286.7058737
C_418080_W_Nassichuk_L_2025_01_14_19_14_58_Alaska.ndpi.ndpa,106,pol,5907079,-3401171,12409,483752744.3652528
C_418080_W_Nassichuk_L_2025_01_14_19_14_58_Alaska.ndpi.ndpa,107,pol,5948701,-3438561,13277,553795960.010546
C_418080_W_Nassichuk_L_2025_01_14_19_14_58_Alaska.ndpi.ndpa,108,pol,6066043,-3419983,11365,405778238.7739655
C_418080_W_Nassichuk_L_2025_01_14_19_14_58_Alaska.ndpi.ndpa,109,pol,6278186,-3382447,14778,686090170.2371349
C_418080_W_Nassichuk_L_2025_01_14_19_14_58_Alaska.ndpi.ndpa,110,paly,6328480,-3487135,20259,1289394702.503903
C_418080_W_Nassichuk_L_2025_01_14_19_14_58_Alaska.ndpi.ndpa,111,paly,6352604,-3375393,12450,486954715.2880519
C_418080_W_Nassichuk_L_2025_01_14_19_14_58_Alaska.ndpi.ndpa,112,pol,6482096,-3355819,16669,872908989.1966707
C_418080_W_Nassichuk_L_2025_01_14_19_14_58_Alaska.ndpi.ndpa,113,pol,6196030,-3251359,17559,968611074.8755642
C_418080_W_Nassichuk_L_2025_01_14_19_14_58_Alaska.ndpi.ndpa,114,pol,6414050,-3212442,12016,453596517.943628
C_418080_W_Nassichuk_L_2025_01_14_19_14_58_Alaska.ndpi.ndpa,115,pol,6482778,-3233607,12063,457151899.19040006
C_418080_W_Nassichuk_L_2025_01_14_19_14_58_Alaska.ndpi.ndpa,116,pol,6473447,-3304158,23574,1745888205.5555196
C_418080_W_Nassichuk_L_2025_01_14_19_14_58_Alaska.ndpi.ndpa,117,pol,6005091,-3347171,17139,922828142.4799756
C_418080_W_Nassichuk_L_2025_01_14_19_14_58_Alaska.ndpi.ndpa,118,pol,5924984,-3317357,12762,511666935.4905313
C_418080_W_Nassichuk_L_2025_01_14_19_14_58_Alaska.ndpi.ndpa,119,pol,5860352,-3218131,12533,493469087.25701654
C_418080_W_Nassichuk_L_2025_01_14_19_14_58_Alaska.ndpi.ndpa,120,pol,5764542,-3216083,12599,498680084.69063777
C_418080_W_Nassichuk_L_2025_01_14_19_14_58_Alaska.ndpi.ndpa,121,pol,6013056,-3202883,17862,1002328415.9505539
C_418080_W_Nassichuk_L_2025_01_14_19_14_58_Alaska.ndpi.ndpa,122,pol,5499876,-3348309,11624,424483755.81392986
C_418080_W_Nassichuk_L_2025_01_14_19_14_58_Alaska.ndpi.ndpa,123,pol,5223828,-3267972,15898,794026246.027638
C_418080_W_Nassichuk_L_2025_01_14_19_14_58_Alaska.ndpi.ndpa,124,pol,4875860,-3228601,14219,635167080.1806709
C_418080_W_Nassichuk_L_2025_01_14_19_14_58_Alaska.ndpi.ndpa,125,pol,4846728,-3197876,9859,305362432.0794021
C_418080_W_Nassichuk_L_2025_01_14_19_14_58_Alaska.ndpi.ndpa,126,pol,4664211,-3288909,16198,824276013.3705233
C_418080_W_Nassichuk_L_2025_01_14_19_14_58_Alaska.ndpi.ndpa,127,pol,4687620,-3105582,13509,573318922.6005671
C_418080_W_Nassichuk_L_2025_01_14_19_14_58_Alaska.ndpi.ndpa,128,paly,4652591,-3160264,10809,367046347.19557625
C_418080_W_Nassichuk_L_2025_01_14_19_14_58_Alaska.ndpi.ndpa,129,pol,4658785,-3008822,13483,571114178.009019
C_418080_W_Nassichuk_L_2025_01_14_19_14_58_Alaska.ndpi.ndpa,130,pol,4890108,-3033172,12322,476993303.0365669
C_418080_W_Nassichuk_L_2025_01_14_19_14_58_Alaska.ndpi.ndpa,131,pol,4814709,-3008608,10713,360555464.91488254
C_418080_W_Nassichuk_L_2025_01_14_19_14_58_Alaska.ndpi.ndpa,132,paly,4970206,-3181196,17137,922612780.0203867
C_418080_W_Nassichuk_L_2025_01_14_19_14_58_Alaska.ndpi.ndpa,133,pol,5109469,-3145525,12360,479939853.0518513
C_418080_W_Nassichuk_L_2025_01_14_19_14_58_Alaska.ndpi.ndpa,134,pol,5102207,-3048551,17774,992476481.9198612
C_418080_W_Nassichuk_L_2025_01_14_19_14_58_Alaska.ndpi.ndpa,135,paly,5217548,-3015657,18305,1052662953.7561091
C_418080_W_Nassichuk_L_2025_01_14_19_14_58_Alaska.ndpi.ndpa,136,pol,5377744,-3057736,15189,724783398.2347364
C_418080_W_Nassichuk_L_2025_01_14_19_14_58_Alaska.ndpi.ndpa,137,pol,5373045,-3135059,12652,502884487.5637149
C_418080_W_Nassichuk_L_2025_01_14_19_14_58_Alaska.ndpi.ndpa,138,pol,5590698,-3105796,12710,507505757.7907749
C_418080_W_Nassichuk_L_2025_01_14_19_14_58_Alaska.ndpi.ndpa,139,pol,5707534,-3118612,14713,680068004.1555789
C_418080_W_Nassichuk_L_2025_01_14_19_14_58_Alaska.ndpi.ndpa,140,paly,5822661,-3158127,14813,689343870.6245681
C_418080_W_Nassichuk_L_2025_01_14_19_14_58_Alaska.ndpi.ndpa,141,pol,5966624,-3091485,11667,427630101.69720453
C_418080_W_Nassichuk_L_2025_01_14_19_14_58_Alaska.ndpi.ndpa,142,pol,6178296,-3070338,11150,390570652.675917
C_418080_W_Nassichuk_L_2025_01_14_19_14_58_Alaska.ndpi.ndpa,143,pol,6262665,-3060940,22871,1643312582.1859472
C_418080_W_Nassichuk_L_2025_01_14_19_14_58_Alaska.ndpi.ndpa,144,pol,6176160,-3086358,12346,478853226.41845703
C_418080_W_Nassichuk_L_2025_01_14_19_14_58_Alaska.ndpi.ndpa,145,pol,6444861,-3107718,14875,695126461.9919541
C_418080_W_Nassichuk_L_2025_01_14_19_14_58_Alaska.ndpi.ndpa,146,paly,6454260,-3178633,17328,943293303.2643274
C_418080_W_Nassichuk_L_2025_01_14_19_14_58_Alaska.ndpi.ndpa,147,pol,6460881,-3059445,13850,602628156.7932281
C_418080_W_Nassichuk_L_2025_01_14_19_14_58_Alaska.ndpi.ndpa,148,pol,6223791,-2989811,13483,571114178.009019
C_418080_W_Nassichuk_L_2025_01_14_19_14_58_Alaska.ndpi.ndpa,149,pol,6134936,-2953072,16217,826210873.1619794
C_418080_W_Nassichuk_L_2025_01_14_19_14_58_Alaska.ndpi.ndpa,150,pol,6123402,-2985539,13665,586636586.2484763
C_418080_W_Nassichuk_L_2025_01_14_19_14_58_Alaska.ndpi.ndpa,151,pol,6058896,-2975500,17115,920245451.7258301
C_418080_W_Nassichuk_L_2025_01_14_19_14_58_Alaska.ndpi.ndpa,152,pol,6043731,-2880876,12838,517779218.15735567
C_418080_W_Nassichuk_L_2025_01_14_19_14_58_Alaska.ndpi.ndpa,153,pol,5873069,-2919751,18627,1090023100.318235
C_418080_W_Nassichuk_L_2025_01_14_19_14_58_Alaska.ndpi.ndpa,154,pol,5855298,-2996604,13803,598545057.0956913
C_418080_W_Nassichuk_L_2025_01_14_19_14_58_Alaska.ndpi.ndpa,155,paly,5730854,-2889081,17091,917666380.0864214
C_418080_W_Nassichuk_L_2025_01_14_19_14_58_Alaska.ndpi.ndpa,156,pol,5811441,-2834938,12332,477767831.28938293
C_418080_W_Nassichuk_L_2025_01_14_19_14_58_Alaska.ndpi.ndpa,157,pol,5622481,-2951511,16636,869456174.666853
C_418080_W_Nassichuk_L_2025_01_14_19_14_58_Alaska.ndpi.ndpa,158,pol,5572213,-2892850,22698,1618546034.421709
C_418080_W_Nassichuk_L_2025_01_14_19_14_58_Alaska.ndpi.ndpa,159,paly,5513553,-2909325,14404,651802614.3875555
C_418080_W_Nassichuk_L_2025_01_14_19_14_58_Alaska.ndpi.ndpa,160,paly,5485845,-2985460,19181,1155825743.93423
C_418080_W_Nassichuk_L_2025_01_14_19_14_58_Alaska.ndpi.ndpa,161,pol,5418199,-2840679,14421,653342073.3276309
C_418080_W_Nassichuk_L_2025_01_14_19_14_58_Alaska.ndpi.ndpa,162,pol,5289147,-2926300,17473,959146235.3252763
C_418080_W_Nassichuk_L_2025_01_14_19_14_58_Alaska.ndpi.ndpa,163,pol,5267680,-2943773,14385,650084191.4803758
C_418080_W_Nassichuk_L_2025_01_14_19_14_58_Alaska.ndpi.ndpa,164,pol,4913927,-2835937,17383,949290933.5072589
C_418080_W_Nassichuk_L_2025_01_14_19_14_58_Alaska.ndpi.ndpa,165,paly,4862883,-2849915,15536,758277723.930433
C_418080_W_Nassichuk_L_2025_01_14_19_14_58_Alaska.ndpi.ndpa,166,pol,5602963,-2827641,16423,847334439.5098927
D5542_1_R_2024_02_06_14_21_49_Colorado.ndpi.ndpa,2,pol,16004724,1117405,14661,675269384.7400384
D5542_1_R_2024_02_06_14_21_49_Colorado.ndpi.ndpa,3,pol,16378325,1174125,13527,574847772.3822513
D5542_1_R_2024_02_06_14_21_49_Colorado.ndpi.ndpa,4,paly,16239390,1193205,15112,717453506.5120118
D5542_1_R_2024_02_06_14_21_49_Colorado.ndpi.ndpa,5,pol,16471262,1159381,13147,543004212.2543466
D5542_1_R_2024_02_06_14_21_49_Colorado.ndpi.ndpa,6,pol,16655276,1174645,15610,765518479.2447975
D5542_1_R_2024_02_06_14_21_49_Colorado.ndpi.ndpa,7,paly,16851598,1176206,12489,490010294.27637905
D5542_1_R_2024_02_06_14_21_49_Colorado.ndpi.ndpa,8,paly,17449086,1120354,12604,499075972.48887986
D5542_1_R_2024_02_06_14_21_49_Colorado.ndpi.ndpa,9,pol,17602228,1153137,13050,535021082.88797575
D5542_1_R_2024_02_06_14_21_49_Colorado.ndpi.ndpa,10,pol,17640894,1172737,15205,726311167.3085477
D5542_1_R_2024_02_06_14_21_49_Colorado.ndpi.ndpa,11,pol,17773230,1340472,8674,236368015.15036124
D5542_1_R_2024_02_06_14_21_49_Colorado.ndpi.ndpa,12,paly,17616092,1345675,8240,213306601.35637835
D5542_1_R_2024_02_06_14_21_49_Colorado.ndpi.ndpa,13,paly,17488972,1291901,11855,441522651.6679795
D5542_1_R_2024_02_06_14_21_49_Colorado.ndpi.ndpa,14,pol,16902420,1286523,16029,807165759.3809401
D5542_1_R_2024_02_06_14_21_49_Colorado.ndpi.ndpa,15,paly,16680075,1216274,15780,782282960.1221486
D5542_1_R_2024_02_06_14_21_49_Colorado.ndpi.ndpa,16,trilete,16613122,1338040,17613,974577864.1034155
D5542_1_R_2024_02_06_14_21_49_Colorado.ndpi.ndpa,17,pol,16549496,1365099,15588,763362228.2774502
D5542_1_R_2024_02_06_14_21_49_Colorado.ndpi.ndpa,18,paly,16489483,1369435,15579,762481002.1133403
D5542_1_R_2024_02_06_14_21_49_Colorado.ndpi.ndpa,19,paly,16468842,1332142,12274,473284313.6169976
D5542_1_R_2024_02_06_14_21_49_Colorado.ndpi.ndpa,20,pol,16022942,1346713,12888,521820248.78766817
D5542_1_R_2024_02_06_14_21_49_Colorado.ndpi.ndpa,21,pol,16119375,1461543,20127,1272647022.8640633
D5542_1_R_2024_02_06_14_21_49_Colorado.ndpi.ndpa,22,pol,16312060,1454605,10239,329355529.15710425
D5542_1_R_2024_02_06_14_21_49_Colorado.ndpi.ndpa,23,din,16509256,1447146,20794,1358394617.2200875
D5542_1_R_2024_02_06_14_21_49_Colorado.ndpi.ndpa,24,pol,16433111,1426331,17270,936989119.5518512
D5542_1_R_2024_02_06_14_21_49_Colorado.ndpi.ndpa,25,paly,16440396,1393721,15331,738398558.14057
D5542_1_R_2024_02_06_14_21_49_Colorado.ndpi.ndpa,26,paly,16486882,1408986,16970,904718679.8141768
D5542_1_R_2024_02_06_14_21_49_Colorado.ndpi.ndpa,27,pol,16928792,1423729,11403,408496294.47236896
D5542_1_R_2024_02_06_14_21_49_Colorado.ndpi.ndpa,28,pol,16835128,1519824,12883,521415438.86628985
D5542_1_R_2024_02_06_14_21_49_Colorado.ndpi.ndpa,29,pol,17189118,1387650,9690,294983297.9607326
D5542_1_R_2024_02_06_14_21_49_Colorado.ndpi.ndpa,30,pol,17368264,1496754,15390,744092817.3473151
D5542_1_R_2024_02_06_14_21_49_Colorado.ndpi.ndpa,31,paly,17673864,1522773,12797,514477294.3226899
D5542_1_R_2024_02_06_14_21_49_Colorado.ndpi.ndpa,32,paly,17831336,1397191,16524,857788550.8788328
D5542_1_R_2024_02_06_14_21_49_Colorado.ndpi.ndpa,33,spo,17632742,1606728,30188,2862981589.814055
D5542_1_R_2024_02_06_14_21_49_Colorado.ndpi.ndpa,34,pol,17672290,1541682,15653,769741750.523352
D5542_1_R_2024_02_06_14_21_49_Colorado.ndpi.ndpa,35,paly,17598414,1591637,13022,532727669.9853727
D5542_1_R_2024_02_06_14_21_49_Colorado.ndpi.ndpa,36,pol,16954454,1647664,14558,665814582.5782787
D5542_1_R_2024_02_06_14_21_49_Colorado.ndpi.ndpa,37,pol,16973360,1541855,10344,336145186.3239323
D5542_1_R_2024_02_06_14_21_49_Colorado.ndpi.ndpa,38,pol,16917682,1585566,13491,571792108.5709224
D5542_1_R_2024_02_06_14_21_49_Colorado.ndpi.ndpa,39,pol,16936242,1588342,10352,336665333.53640187
D5542_1_R_2024_02_06_14_21_49_Colorado.ndpi.ndpa,40,pol,16775298,1691201,15658,770233582.5612348
D5542_1_R_2024_02_06_14_21_49_Colorado.ndpi.ndpa,41,pol,16565968,1683049,16756,882044662.0934935
D5542_1_R_2024_02_06_14_21_49_Colorado.ndpi.ndpa,42,paly,16344140,1622859,14011,616720150.7736162
D5542_1_R_2024_02_06_14_21_49_Colorado.ndpi.ndpa,43,spo,16217014,1586781,15261,731671025.9684668
D5542_1_R_2024_02_06_14_21_49_Colorado.ndpi.ndpa,44,pol,16080524,1629104,9679,294313953.3715514
D5542_1_R_2024_02_06_14_21_49_Colorado.ndpi.ndpa,45,pol,16011144,1536652,12627,500899079.54646254
D5542_1_R_2024_02_06_14_21_49_Colorado.ndpi.ndpa,46,pol,15982698,1644195,19438,1187006311.7732992
D5542_1_R_2024_02_06_14_21_49_Colorado.ndpi.ndpa,47,pol,16145564,1739424,10704,359949913.50612515
D5542_1_R_2024_02_06_14_21_49_Colorado.ndpi.ndpa,48,pol,16106190,1781401,10928,375172714.33739495
D5542_1_R_2024_02_06_14_21_49_Colorado.ndpi.ndpa,49,pol,16106364,1789033,14160,629906919.9636136
D5542_1_R_2024_02_06_14_21_49_Colorado.ndpi.ndpa,50,paly,16388537,1757463,8471,225433906.12306446
D5542_1_R_2024_02_06_14_21_49_Colorado.ndpi.ndpa,51,spo,16426697,1769605,13990,614872828.3198596
D5542_1_R_2024_02_06_14_21_49_Colorado.ndpi.ndpa,52,pol,16491387,1827366,14695,678405020.933957
D5542_1_R_2024_02_06_14_21_49_Colorado.ndpi.ndpa,53,trilete,16544978,1837427,15146,720685489.0694307
D5542_1_R_2024_02_06_14_21_49_Colorado.ndpi.ndpa,54,pol,16940594,1838468,12948,526690220.05555695
D5542_1_R_2024_02_06_14_21_49_Colorado.ndpi.ndpa,55,pol,17089728,1779145,16072,811502234.8091742
D5542_1_R_2024_02_06_14_21_49_Colorado.ndpi.ndpa,56,paly,17095104,1764055,21644,1471719089.8981748
D5542_1_R_2024_02_06_14_21_49_Colorado.ndpi.ndpa,57,pol,17119736,1821642,13037,533955671.4297712
D5542_1_R_2024_02_06_14_21_49_Colorado.ndpi.ndpa,58,paly,17305482,1788686,12878,521010786.02454424
D5542_1_R_2024_02_06_14_21_49_Colorado.ndpi.ndpa,59,pol,17683564,1768044,15126,718783443.2132412
D5542_1_R_2024_02_06_14_21_49_Colorado.ndpi.ndpa,60,pol,17721376,1791114,7608,181840610.3999528
D5542_1_R_2024_02_06_14_21_49_Colorado.ndpi.ndpa,61,paly,17740284,1840028,17012,909202499.0794569
D5542_1_R_2024_02_06_14_21_49_Colorado.ndpi.ndpa,62,paly,17626490,1985387,14159,629817953.2012566
D5542_1_R_2024_02_06_14_21_49_Colorado.ndpi.ndpa,63,din,17164478,1949516,22083,1532025583.1401603
D5542_1_R_2024_02_06_14_21_49_Colorado.ndpi.ndpa,64,pol,16901720,1889847,6905,149788074.6703241
D5542_1_R_2024_02_06_14_21_49_Colorado.ndpi.ndpa,65,pol,16910568,1915172,17706,984896949.8201042
D5542_1_R_2024_02_06_14_21_49_Colorado.ndpi.ndpa,66,pol,16979428,1924365,13546,576463766.8025533
D5542_1_R_2024_02_06_14_21_49_Colorado.ndpi.ndpa,67,pol,16874316,2010572,10500,346360590.0582747
D5542_1_R_2024_02_06_14_21_49_Colorado.ndpi.ndpa,68,pol,16736102,1913437,16191,823563742.0593234
D5542_1_R_2024_02_06_14_21_49_Colorado.ndpi.ndpa,69,pol,16708696,1946741,12326,477303038.93946964
D5542_1_R_2024_02_06_14_21_49_Colorado.ndpi.ndpa,70,pol,16466758,1921416,13238,550547286.1713586
D5542_1_R_2024_02_06_14_21_49_Colorado.ndpi.ndpa,71,pol,16492082,1896265,9444,280195934.43762094
D5542_1_R_2024_02_06_14_21_49_Colorado.ndpi.ndpa,72,pol,16529894,1892622,13511,573488694.267567
D5542_1_R_2024_02_06_14_21_49_Colorado.ndpi.ndpa,73,pol,16330270,1978310,13063,536087556.2044972
D5542_1_R_2024_02_06_14_21_49_Colorado.ndpi.ndpa,74,bipol,16044272,2054632,34156,3665083576.2178993
D5542_1_R_2024_02_06_14_21_49_Colorado.ndpi.ndpa,75,pol,16152497,2034165,12417,484376689.7989969
D5542_1_R_2024_02_06_14_21_49_Colorado.ndpi.ndpa,76,pol,16734730,2084294,11069,384916605.855138
D5542_1_R_2024_02_06_14_21_49_Colorado.ndpi.ndpa,77,pol,16820912,2118465,11961,449453589.7555963
D5542_1_R_2024_02_06_14_21_49_Colorado.ndpi.ndpa,78,pol,16828196,2137024,13220,549051121.5196424
D5542_1_R_2024_02_06_14_21_49_Colorado.ndpi.ndpa,79,spo,16826984,2151595,14853,693071810.1310239
D5542_1_R_2024_02_06_14_21_49_Colorado.ndpi.ndpa,80,pol,16966594,2112394,13663,586464879.3604017
D5542_1_R_2024_02_06_14_21_49_Colorado.ndpi.ndpa,81,pol,17118686,2140841,7889,195521168.84005618
D5542_1_R_2024_02_06_14_21_49_Colorado.ndpi.ndpa,82,spo,17310676,2150207,13148,543086820.4331728
D5542_1_R_2024_02_06_14_21_49_Colorado.ndpi.ndpa,83,pol,17545172,2133902,11815,438548191.7435606
D5542_1_R_2024_02_06_14_21_49_Colorado.ndpi.ndpa,84,pol,17379006,2045786,14397,651169247.3174433
D5542_1_R_2024_02_06_14_21_49_Colorado.ndpi.ndpa,85,pol,17420288,2061397,9645,292249876.7326604
D5542_1_R_2024_02_06_14_21_49_Colorado.ndpi.ndpa,86,pol,17628230,2162002,14954,702529596.8058045
D5542_1_R_2024_02_06_14_21_49_Colorado.ndpi.ndpa,87,paly,17673154,2077182,14491,659700154.203672
D5542_1_R_2024_02_06_14_21_49_Colorado.ndpi.ndpa,88,spo,17770460,2034512,19461,1189817022.4638348
D5542_1_R_2024_02_06_14_21_49_Colorado.ndpi.ndpa,89,pol,17792488,2027574,12892,522144209.82210636
D5542_1_R_2024_02_06_14_21_49_Colorado.ndpi.ndpa,90,paly,17836200,2146218,9971,312339783.6993189
D5542_1_R_2024_02_06_14_21_49_Colorado.ndpi.ndpa,91,paly,17778786,2246997,14769,685254748.4939144
D5542_1_R_2024_02_06_14_21_49_Colorado.ndpi.ndpa,92,paly,17791622,2324706,15944,798627837.3183157
D5542_1_R_2024_02_06_14_21_49_Colorado.ndpi.ndpa,93,pol,16674190,2180911,12510,491659564.446068
D5542_1_R_2024_02_06_14_21_49_Colorado.ndpi.ndpa,94,spo,16714086,2223755,17328,943293303.2643274
D5542_1_R_2024_02_06_14_21_49_Colorado.ndpi.ndpa,95,pol,16553468,2210225,10061,318003698.2626229
D5542_1_R_2024_02_06_14_21_49_Colorado.ndpi.ndpa,96,pol,16686506,2236937,8095,205865503.5369019
D5542_1_R_2024_02_06_14_21_49_Colorado.ndpi.ndpa,97,paly,16555550,2280128,8397,221512469.64188877
D5542_1_R_2024_02_06_14_21_49_Colorado.ndpi.ndpa,98,pol,16399646,2250987,12662,503679750.32804465
D5542_1_R_2024_02_06_14_21_49_Colorado.ndpi.ndpa,99,spo,16102017,2277526,16445,849606112.5913328
D5542_1_R_2024_02_06_14_21_49_Colorado.ndpi.ndpa,100,din,16261940,2294871,21233,1416356539.8646991
D5542_1_R_2024_02_06_14_21_49_Colorado.ndpi.ndpa,101,paly,16220312,2306320,14769,685254748.4939144
D5542_1_R_2024_02_06_14_21_49_Colorado.ndpi.ndpa,102,pol,16322280,2438149,8034,202774587.91440716
D5542_1_R_2024_02_06_14_21_49_Colorado.ndpi.ndpa,103,pol,16556440,2434853,16897,896951748.5710406
D5542_1_R_2024_02_06_14_21_49_Colorado.ndpi.ndpa,104,pol,16518108,2478738,15352,740422821.3757621
D5542_1_R_2024_02_06_14_21_49_Colorado.ndpi.ndpa,105,paly,16651642,2342921,14481,658789971.9800739
D5542_1_R_2024_02_06_14_21_49_Colorado.ndpi.ndpa,106,pol,16782586,2395305,16220,826516584.684693
D5542_1_R_2024_02_06_14_21_49_Colorado.ndpi.ndpa,107,pol,17053834,2384724,20388,1305867527.3440728
D5542_1_R_2024_02_06_14_21_49_Colorado.ndpi.ndpa,108,paly,17167090,2334769,15205,726311167.3085477
D5542_1_R_2024_02_06_14_21_49_Colorado.ndpi.ndpa,109,pol,17468520,2341534,16697,875844015.8501016
D5542_1_R_2024_02_06_14_21_49_Colorado.ndpi.ndpa,110,pol,17315016,2385072,13684,588269055.1806538
D5542_1_R_2024_02_06_14_21_49_Colorado.ndpi.ndpa,111,pol,17312760,2452893,13614,582265911.4426153
D5542_1_R_2024_02_06_14_21_49_Colorado.ndpi.ndpa,112,din,17284140,2474922,21543,1458015817.743186
D5542_1_R_2024_02_06_14_21_49_Colorado.ndpi.ndpa,113,pol,17281018,2457576,12766,511987729.7995747
D5542_1_R_2024_02_06_14_21_49_Colorado.ndpi.ndpa,114,pol,17279978,2448903,13419,565705209.9727391
D5542_1_R_2024_02_06_14_21_49_Colorado.ndpi.ndpa,115,paly,17395670,2449424,18849,1116160120.7537117
D5542_1_R_2024_02_06_14_21_49_Colorado.ndpi.ndpa,116,pol,17680276,2466422,19099,1145964410.258318
D5542_1_R_2024_02_06_14_21_49_Colorado.ndpi.ndpa,117,pol,17570654,2402070,12915,524008936.6991638
D5542_1_R_2024_02_06_14_21_49_Colorado.ndpi.ndpa,118,pol,17464348,2555580,12705,507106539.90432
D5542_1_R_2024_02_06_14_21_49_Colorado.ndpi.ndpa,119,paly,17397058,2538929,21899,1506601653.9715662
D5542_1_R_2024_02_06_14_21_49_Colorado.ndpi.ndpa,120,pol,17016194,2546908,14727,681362842.9836824
D5542_1_R_2024_02_06_14_21_49_Colorado.ndpi.ndpa,121,din,17017946,2626351,19099,1145964410.258318
D5542_1_R_2024_02_06_14_21_49_Colorado.ndpi.ndpa,122,pol,16890284,2530776,15163,722304204.1089708
D5542_1_R_2024_02_06_14_21_49_Colorado.ndpi.ndpa,123,pol,16711468,2569110,7735,187962195.3226244
D5542_1_R_2024_02_06_14_21_49_Colorado.ndpi.ndpa,124,paly,16686491,2587670,18657,1093537034.533128
D5542_1_R_2024_02_06_14_21_49_Colorado.ndpi.ndpa,125,pol,16434685,2582813,11307,401647119.8327186
D5542_1_R_2024_02_06_14_21_49_Colorado.ndpi.ndpa,126,paly,16378659,2568763,9159,263539665.71922264
D5542_1_R_2024_02_06_14_21_49_Colorado.ndpi.ndpa,127,pol,16413350,2593915,8354,219249602.4446566
D5542_1_R_2024_02_06_14_21_49_Colorado.ndpi.ndpa,128,paly,16395488,2622014,11248,397466461.11691725
D5542_1_R_2024_02_06_14_21_49_Colorado.ndpi.ndpa,129,pol,16235227,2621321,18814,1112018857.6097863
D5542_1_R_2024_02_06_14_21_49_Colorado.ndpi.ndpa,130,pol,16047394,2570671,14769,685254748.4939144
D5542_1_R_2024_02_06_14_21_49_Colorado.ndpi.ndpa,131,pol,16073585,2611434,14371,648819436.543523
D5406_1_L_2024_02_09_10_25_26_Colorado.ndpi.ndpa,2,paly,11770668,6527873,6606,137096703.22587124
D5406_1_L_2024_02_09_10_25_26_Colorado.ndpi.ndpa,3,din,12410272,6477317,20239,1286850138.1182013
D5406_1_L_2024_02_09_10_25_26_Colorado.ndpi.ndpa,4,paly,12388169,6512753,12525,492839311.0273073
D5406_1_L_2024_02_09_10_25_26_Colorado.ndpi.ndpa,5,pol,12388169,6496790,6957,152052610.0532553
D5406_1_L_2024_02_09_10_25_26_Colorado.ndpi.ndpa,6,paly,12925778,6623607,11310,401860280.0358573
D5406_1_L_2024_02_09_10_25_26_Colorado.ndpi.ndpa,7,pol,13005769,6596416,6769,143945767.90977868
D5406_1_L_2024_02_09_10_25_26_Colorado.ndpi.ndpa,8,paly,12565680,6625711,11193,393588934.67626077
D5406_1_L_2024_02_09_10_25_26_Colorado.ndpi.ndpa,9,paly,12524457,6619572,6337,126158723.75642522
D5406_1_L_2024_02_09_10_25_26_Colorado.ndpi.ndpa,10,pol,12234173,6592731,6526,133796271.64771594
D5406_1_L_2024_02_09_10_25_26_Colorado.ndpi.ndpa,11,paly,12182074,6715704,7615,182175381.654712
D5406_1_L_2024_02_09_10_25_26_Colorado.ndpi.ndpa,12,paly,11820250,6598172,8007,201413942.14498883
D5406_1_L_2024_02_09_10_25_26_Colorado.ndpi.ndpa,13,paly,11569940,6658342,10656,356728901.3902526
D5406_1_L_2024_02_09_10_25_26_Colorado.ndpi.ndpa,14,paly,11194923,6695006,7979,200007740.1405008
D5406_1_L_2024_02_09_10_25_26_Colorado.ndpi.ndpa,15,paly,11623777,6758316,10739,362307694.50060755
D5406_1_L_2024_02_09_10_25_26_Colorado.ndpi.ndpa,16,fun,11997720,6689809,8353,219197115.8561931
D5406_1_L_2024_02_09_10_25_26_Colorado.ndpi.ndpa,17,paly,12423981,6732466,10030,316047048.3845214
D5406_1_L_2024_02_09_10_25_26_Colorado.ndpi.ndpa,18,paly,12873540,6860225,6370,127476090.94544768
D5406_1_L_2024_02_09_10_25_26_Colorado.ndpi.ndpa,19,pol,12912582,6932923,7337,169116861.70161206
D5406_1_L_2024_02_09_10_25_26_Colorado.ndpi.ndpa,20,paly,11819662,6882116,17515,963762793.1633558
D5406_1_L_2024_02_09_10_25_26_Colorado.ndpi.ndpa,21,paly,11534750,6915443,8420,222727609.40596342
D5406_1_L_2024_02_09_10_25_26_Colorado.ndpi.ndpa,22,paly,11951992,6974103,15129,719068589.8704443
D5406_1_L_2024_02_09_10_25_26_Colorado.ndpi.ndpa,23,spo,12492108,6961851,12253,471666182.91369104
D5406_1_L_2024_02_09_10_25_26_Colorado.ndpi.ndpa,24,paly,12682114,7025399,20238,1286722975.872362
D5406_1_L_2024_02_09_10_25_26_Colorado.ndpi.ndpa,25,paly,12650586,7205767,14362,648007030.1080827
D5406_1_L_2024_02_09_10_25_26_Colorado.ndpi.ndpa,26,paly,12360933,7119838,6063,115484848.55658853
D5406_1_L_2024_02_09_10_25_26_Colorado.ndpi.ndpa,27,paly,11676225,7168682,15603,764832069.5243219
D5406_1_L_2024_02_09_10_25_26_Colorado.ndpi.ndpa,28,paly,11335422,7095005,9932,309901226.0745274
D5406_1_L_2024_02_09_10_25_26_Colorado.ndpi.ndpa,29,paly,11317290,7220469,8640,234518634.95341662
D5406_1_L_2024_02_09_10_25_26_Colorado.ndpi.ndpa,30,paly,11608418,7207413,7025,155039560.95006478
D5406_1_L_2024_02_09_10_25_26_Colorado.ndpi.ndpa,31,paly,11595352,7235838,10396,339533331.16897583
D5406_1_L_2024_02_09_10_25_26_Colorado.ndpi.ndpa,32,paly,12198848,7363098,6443,130414576.49239023
D5406_1_L_2024_02_09_10_25_26_Colorado.ndpi.ndpa,33,spo,12322036,7363262,11602,422878489.93253976
D5406_1_L_2024_02_09_10_25_26_Colorado.ndpi.ndpa,34,paly,12550929,7297916,12243,470896618.3772677
D5406_1_L_2024_02_09_10_25_26_Colorado.ndpi.ndpa,35,paly,12613826,7293995,17462,957938968.3923914
D5406_1_L_2024_02_09_10_25_26_Colorado.ndpi.ndpa,36,pol,12838104,7283214,10786,365485965.24842805
D5406_1_L_2024_02_09_10_25_26_Colorado.ndpi.ndpa,37,paly,12669205,7457045,8266,214654834.6932223
D5406_1_L_2024_02_09_10_25_26_Colorado.ndpi.ndpa,38,paly,12790090,7414081,12242,470819696.48114455
D5406_1_L_2024_02_09_10_25_26_Colorado.ndpi.ndpa,39,paly,12364680,7447080,8368,219985074.4176032
D5406_1_L_2024_02_09_10_25_26_Colorado.ndpi.ndpa,40,paly,12136606,7474852,10167,324739800.6994852
D5406_1_L_2024_02_09_10_25_26_Colorado.ndpi.ndpa,41,paly,11981410,7414898,13420,565789527.1779689
D5406_1_L_2024_02_09_10_25_26_Colorado.ndpi.ndpa,42,paly,11705468,7466847,23488,1733173137.0776808
D5406_1_L_2024_02_09_10_25_26_Colorado.ndpi.ndpa,43,paly,11648618,7486614,13598,580898087.1339835
D5406_1_L_2024_02_09_10_25_26_Colorado.ndpi.ndpa,44,paly,11638806,7661093,17063,914662037.3326817
D5406_1_L_2024_02_09_10_25_26_Colorado.ndpi.ndpa,45,paly,12199347,7625316,6965,152402508.0766415
D5406_1_L_2024_02_09_10_25_26_Colorado.ndpi.ndpa,46,pol,12637844,7661884,7678,185202177.37114695
D5406_1_L_2024_02_09_10_25_26_Colorado.ndpi.ndpa,47,paly,12573807,7791756,21496,1451660900.4509468
D5406_1_L_2024_02_09_10_25_26_Colorado.ndpi.ndpa,48,paly,11821652,7832890,6326,125721121.89092873
D5406_1_L_2024_02_09_10_25_26_Colorado.ndpi.ndpa,49,pol,11846186,7669824,10148,323527193.0590893
D5406_1_L_2024_02_09_10_25_26_Colorado.ndpi.ndpa,50,paly,11743443,7820261,16033,807568662.3555776
D5406_1_L_2024_02_09_10_25_26_Colorado.ndpi.ndpa,51,paly,11580978,7736208,9948,310900503.86578125
D5406_1_L_2024_02_09_10_25_26_Colorado.ndpi.ndpa,52,paly,11446102,7786162,18454,1069869742.6047518
D5406_1_L_2024_02_09_10_25_26_Colorado.ndpi.ndpa,53,paly,11395064,7826126,15842,788442253.5814413
D5406_1_L_2024_02_09_10_25_26_Colorado.ndpi.ndpa,54,paly,11733668,7966847,8433,223415897.79884574
D5406_1_L_2024_02_09_10_25_26_Colorado.ndpi.ndpa,55,paly,12104412,7905164,9774,300119726.5511282
D5406_1_L_2024_02_09_10_25_26_Colorado.ndpi.ndpa,56,paly,12589837,7959680,15547,759351875.2993999
D5406_1_L_2024_02_09_10_25_26_Colorado.ndpi.ndpa,57,paly,12900172,7828061,18775,1107413373.8858106
D5406_1_L_2024_02_09_10_25_26_Colorado.ndpi.ndpa,58,din,6885502,8395122,32985,3418084929.890578
D5406_1_L_2024_02_09_10_25_26_Colorado.ndpi.ndpa,59,pol,6721623,8347003,15698,774173893.7310733
D5406_1_L_2024_02_09_10_25_26_Colorado.ndpi.ndpa,60,paly,7024601,8290306,33966,3624421377.0158086
D5406_1_L_2024_02_09_10_25_26_Colorado.ndpi.ndpa,61,paly,6869897,8265550,7482,175867374.62397638
D5406_1_L_2024_02_09_10_25_26_Colorado.ndpi.ndpa,62,paly,6838618,8666745,23296,1704953693.102216
D5406_1_L_2024_02_09_10_25_26_Colorado.ndpi.ndpa,63,paly,6990793,8549492,16093,813624270.6909312
D5406_1_L_2024_02_09_10_25_26_Colorado.ndpi.ndpa,64,pol,6585310,8580843,7702,186361802.05144
D5406_1_L_2024_02_09_10_25_26_Colorado.ndpi.ndpa,65,paly,6609184,8626707,8229,212737473.57284665
D5406_1_L_2024_02_09_10_25_26_Colorado.ndpi.ndpa,66,fun,6395178,8277128,20199,1281768549.1691668
D5406_1_L_2024_02_09_10_25_26_Colorado.ndpi.ndpa,68,paly,6097719,8357924,17126,921428735.7403973
D5406_1_L_2024_02_09_10_25_26_Colorado.ndpi.ndpa,69,din,6157288,8344701,13956,611887800.0777541
D5406_1_L_2024_02_09_10_25_26_Colorado.ndpi.ndpa,70,paly,6219854,8363952,11100,387075630.8487984
D5406_1_L_2024_02_09_10_25_26_Colorado.ndpi.ndpa,71,paly,6041967,7533233,19578,1204166444.8294435
D5406_1_L_2024_02_09_10_25_26_Colorado.ndpi.ndpa,72,paly,6175799,7240673,21868,1502339213.3158064
D5406_1_L_2024_02_09_10_25_26_Colorado.ndpi.ndpa,73,pol,6160154,7353540,14100,624580035.4601867
D5406_1_L_2024_02_09_10_25_26_Colorado.ndpi.ndpa,74,paly,6435243,7343110,14278,640449112.1657825
D5406_1_L_2024_02_09_10_25_26_Colorado.ndpi.ndpa,75,pol,6496334,7326162,18253,1046690735.8561524
D5406_1_L_2024_02_09_10_25_26_Colorado.ndpi.ndpa,76,pol,6794144,7331190,12161,464609889.3535749
D5406_1_L_2024_02_09_10_25_26_Colorado.ndpi.ndpa,77,paly,6820035,7304371,10064,318193371.91908336
D5406_1_L_2024_02_09_10_25_26_Colorado.ndpi.ndpa,78,paly,7205940,7251475,9587,288745568.3576578
D5406_1_L_2024_02_09_10_25_26_Colorado.ndpi.ndpa,79,paly,7484739,7341620,9722,296934805.0516601
D5406_1_L_2024_02_09_10_25_26_Colorado.ndpi.ndpa,80,paly,7331460,7479457,6497,132609795.77501264
D5406_1_L_2024_02_09_10_25_26_Colorado.ndpi.ndpa,81,paly,7283089,7469653,4790,72081016.00322957
D5406_1_L_2024_02_09_10_25_26_Colorado.ndpi.ndpa,82,paly,7205849,7496660,10153,323846080.42139196
D5406_1_L_2024_02_09_10_25_26_Colorado.ndpi.ndpa,83,paly,6302649,7467342,7448,174272639.36116114
D5406_1_L_2024_02_09_10_25_26_Colorado.ndpi.ndpa,84,pol,6286745,7508337,7842,193198410.32047597
D5406_1_L_2024_02_09_10_25_26_Colorado.ndpi.ndpa,85,paly,6395416,7452674,16723,878573808.5386589
D5406_1_L_2024_02_09_10_25_26_Colorado.ndpi.ndpa,86,paly,5941287,7378812,14513,661704766.7768158
D5406_1_L_2024_02_09_10_25_26_Colorado.ndpi.ndpa,87,din,6524415,7544563,25495,2042019595.409914
D5406_1_L_2024_02_09_10_25_26_Colorado.ndpi.ndpa,88,din,6648462,7672146,17871,1003338742.7231704
D5406_1_L_2024_02_09_10_25_26_Colorado.ndpi.ndpa,89,paly,6979607,7597930,17403,951476602.3482144
D5406_1_L_2024_02_09_10_25_26_Colorado.ndpi.ndpa,90,paly,7153522,7656707,12386,481961141.1988003
D5406_1_L_2024_02_09_10_25_26_Colorado.ndpi.ndpa,91,pol,7222174,7637869,10065,318256609.03760743
D5406_1_L_2024_02_09_10_25_26_Colorado.ndpi.ndpa,92,paly,7566798,7609966,7474,175491489.34615967
D5406_1_L_2024_02_09_10_25_26_Colorado.ndpi.ndpa,93,paly,7527471,7727431,14095,624137149.4358469
D5406_1_L_2024_02_09_10_25_26_Colorado.ndpi.ndpa,94,paly,6940490,7739931,12999,530847480.1892744
D5406_1_L_2024_02_09_10_25_26_Colorado.ndpi.ndpa,95,paly,6796187,7850174,11993,451861708.48916715
D5406_1_L_2024_02_09_10_25_26_Colorado.ndpi.ndpa,96,paly,6572488,7738670,18493,1074396567.131867
D5406_1_L_2024_02_09_10_25_26_Colorado.ndpi.ndpa,97,fun,6634762,7741651,6957,152052610.0532553
D5406_1_L_2024_02_09_10_25_26_Colorado.ndpi.ndpa,98,fun,5931674,7797261,7201,162905405.2378992
D5406_1_L_2024_02_09_10_25_26_Colorado.ndpi.ndpa,99,paly,6146565,7864432,11568,420403606.07189476
D5406_1_L_2024_02_09_10_25_26_Colorado.ndpi.ndpa,100,paly,6261817,7885834,9021,255657912.40619043
D5406_1_L_2024_02_09_10_25_26_Colorado.ndpi.ndpa,101,paly,6411802,7949863,7479,175726370.52090532
D5406_1_L_2024_02_09_10_25_26_Colorado.ndpi.ndpa,102,paly,6890527,7907762,15095,715840238.994133
D5406_1_L_2024_02_09_10_25_26_Colorado.ndpi.ndpa,103,paly,6975540,7775240,15843,788541794.9446702
D5406_1_L_2024_02_09_10_25_26_Colorado.ndpi.ndpa,104,paly,7609631,7934461,6718,141784864.24371144
D5406_1_L_2024_02_09_10_25_26_Colorado.ndpi.ndpa,105,paly,5999173,8047737,8035,202825070.1667577
D5406_1_L_2024_02_09_10_25_26_Colorado.ndpi.ndpa,106,paly,6585631,8031860,9380,276411144.6705058
D5406_1_L_2024_02_09_10_25_26_Colorado.ndpi.ndpa,107,paly,6807413,8155604,14349,646834452.6412787
D5406_1_L_2024_02_09_10_25_26_Colorado.ndpi.ndpa,108,paly,6806758,8115011,8075,204849512.47273096
D5406_1_L_2024_02_09_10_25_26_Colorado.ndpi.ndpa,109,paly,7080427,8126305,12896,522468271.38750947
D5406_1_L_2024_02_09_10_25_26_Colorado.ndpi.ndpa,110,paly,7416642,8064105,16919,899288942.7088641
D5406_1_L_2024_02_09_10_25_26_Colorado.ndpi.ndpa,111,spo,7687705,8163625,19071,1142606801.6938672
D5406_1_L_2024_02_09_10_25_26_Colorado.ndpi.ndpa,112,fun,7623870,8273628,14213,634631149.6067097
D5406_1_L_2024_02_09_10_25_26_Colorado.ndpi.ndpa,113,paly,7557252,8209790,6583,136143710.5191827
D5406_1_L_2024_02_09_10_25_26_Colorado.ndpi.ndpa,114,fun,7672646,8237617,6583,136143710.5191827
D5406_1_L_2024_02_09_10_25_26_Colorado.ndpi.ndpa,115,paly,6838184,8286559,6899,149527875.40038317
D5406_1_L_2024_02_09_10_25_26_Colorado.ndpi.ndpa,116,paly,7497338,8333705,11556,419531851.80963546
D5406_1_L_2024_02_09_10_25_26_Colorado.ndpi.ndpa,117,paly,7698019,8571710,11763,434696423.22107095
D5406_1_L_2024_02_09_10_25_26_Colorado.ndpi.ndpa,118,din,7406169,8580385,24178,1836498674.3216283
D5406_1_L_2024_02_09_10_25_26_Colorado.ndpi.ndpa,119,pol,7329562,8468262,6718,141784864.24371144
D5406_1_L_2024_02_09_10_25_26_Colorado.ndpi.ndpa,120,paly,6565824,8499198,6356,126916372.2319135
D5406_1_L_2024_02_09_10_25_26_Colorado.ndpi.ndpa,121,din,6250092,8676147,25885,2104971457.3210769
D5406_1_L_2024_02_09_10_25_26_Colorado.ndpi.ndpa,122,paly,7513047,8748987,5710,102428801.03690697
D5406_1_L_2024_02_09_10_25_26_Colorado.ndpi.ndpa,123,paly,7615202,8689711,10857,370313503.02434474
D5406_1_L_2024_02_09_10_25_26_Colorado.ndpi.ndpa,124,paly,7691269,8712470,10906,373663656.58942837
D1821_1_L_2024_01_22_16_22_31_New_Mex.ndpi.ndpa,2,pol,10496865,8870230,17080,916485515.0981975
D1821_1_L_2024_01_22_16_22_31_New_Mex.ndpi.ndpa,3,pol,10727814,8769294,15816,785856383.5355303
D1821_1_L_2024_01_22_16_22_31_New_Mex.ndpi.ndpa,4,paly,11705905,8800194,19173,1154861802.777144
D1821_1_L_2024_01_22_16_22_31_New_Mex.ndpi.ndpa,5,pol,11468544,9022070,15349,740133471.2675885
D1821_1_L_2024_01_22_16_22_31_New_Mex.ndpi.ndpa,6,bipol,10966087,9411936,26457,2199029560.1307178
D1821_1_L_2024_01_22_16_22_31_New_Mex.ndpi.ndpa,7,pol,11041497,9461715,12490,490088768.11927307
D1821_1_L_2024_01_22_16_22_31_New_Mex.ndpi.ndpa,8,pol,10967416,9329771,9401,277650191.95467424
D1821_1_L_2024_01_22_16_22_31_New_Mex.ndpi.ndpa,9,paly,11120580,9324018,11181,392745454.7478838
D1821_1_L_2024_01_22_16_22_31_New_Mex.ndpi.ndpa,10,paly,11143791,9387110,14870,694659228.6245489
D1821_1_L_2024_01_22_16_22_31_New_Mex.ndpi.ndpa,11,pol,11588376,9347036,15147,720780657.3356858
D1821_1_L_2024_01_22_16_22_31_New_Mex.ndpi.ndpa,12,pol,11354689,9389160,12117,461253939.5500453
D1821_1_L_2024_01_22_16_22_31_New_Mex.ndpi.ndpa,13,pol,11498840,9516589,11377,406635591.97550076
D1821_1_L_2024_01_22_16_22_31_New_Mex.ndpi.ndpa,14,fun,11403922,9379953,13580,579361207.4414767
D1821_1_L_2024_01_22_16_22_31_New_Mex.ndpi.ndpa,15,pol,11320616,9321021,12760,511506576.0351215
D1821_1_L_2024_01_22_16_22_31_New_Mex.ndpi.ndpa,16,pol,11297114,9147649,12628,500978420.46892893
D1821_1_L_2024_01_22_16_22_31_New_Mex.ndpi.ndpa,17,pol,11307587,9170758,15466,751460028.0491717
D1821_1_L_2024_01_22_16_22_31_New_Mex.ndpi.ndpa,18,pol,11598348,9096907,14156,629551090.6132975
D1821_1_L_2024_01_22_16_22_31_New_Mex.ndpi.ndpa,19,pol,11587066,9083132,8662,235714463.34744966
D1821_1_L_2024_01_22_16_22_31_New_Mex.ndpi.ndpa,20,pol,11543442,9768217,14312,643502928.7206309
D1821_1_L_2024_01_22_16_22_31_New_Mex.ndpi.ndpa,21,pol,11463373,9715464,16052,809483824.3610958
D1821_1_L_2024_01_22_16_22_31_New_Mex.ndpi.ndpa,22,pol,11280182,9634909,13740,593093737.2488484
D1821_1_L_2024_01_22_16_22_31_New_Mex.ndpi.ndpa,23,pol,11311790,9690943,15652,769643402.9653314
D1821_1_L_2024_01_22_16_22_31_New_Mex.ndpi.ndpa,24,pol,10944040,9948637,11391,407636980.9170178
D1821_1_L_2024_01_22_16_22_31_New_Mex.ndpi.ndpa,25,pol,10514652,10202179,17116,920352991.583955
D1821_1_L_2024_01_22_16_22_31_New_Mex.ndpi.ndpa,26,bipol,10156171,10083893,37783,4484796580.197124
D1821_1_L_2024_01_22_16_22_31_New_Mex.ndpi.ndpa,27,pol,10341327,9972973,10122,321871510.8987944
D1821_1_L_2024_01_22_16_22_31_New_Mex.ndpi.ndpa,28,bipol,10296744,9294455,33316,3487029163.0185704
D1821_1_L_2024_01_22_16_22_31_New_Mex.ndpi.ndpa,29,pol,10244180,9224107,13606,581581798.2263695
D1821_1_L_2024_01_22_16_22_31_New_Mex.ndpi.ndpa,30,pol,10389014,9445584,14414,652707958.558467
D1821_1_L_2024_01_22_16_22_31_New_Mex.ndpi.ndpa,31,pol,10626216,9470661,12551,494887554.03922415
D1821_1_L_2024_01_22_16_22_31_New_Mex.ndpi.ndpa,32,pol,10454428,9107891,15747,779014475.3996876
D1821_1_L_2024_01_22_16_22_31_New_Mex.ndpi.ndpa,33,pol,10296086,9123594,15423,747287279.8636721
D1821_1_L_2024_01_22_16_22_31_New_Mex.ndpi.ndpa,34,pol,10296521,9108326,13649,585263634.8606339
D1821_1_L_2024_01_22_16_22_31_New_Mex.ndpi.ndpa,35,pol,10605137,9192516,14744,682936802.8942795
D1821_1_L_2024_01_22_16_22_31_New_Mex.ndpi.ndpa,36,pol,10209585,8871968,13865,603934195.3991417
D1821_1_L_2024_01_22_16_22_31_New_Mex.ndpi.ndpa,37,pol,10174340,8879771,12639,501851585.30628973
D1821_1_L_2024_01_22_16_22_31_New_Mex.ndpi.ndpa,38,pol,10743419,8813254,12527,492996717.38562274
D1821_1_L_2024_01_22_16_22_31_New_Mex.ndpi.ndpa,39,pol,11095604,9002289,15077,714134052.5903391
D1821_1_L_2024_01_22_16_22_31_New_Mex.ndpi.ndpa,40,pol,11270383,9079917,15526,757301882.420375
D1821_1_L_2024_01_22_16_22_31_New_Mex.ndpi.ndpa,41,pol,11642983,9403517,11214,395067201.6746295
D1821_1_L_2024_01_22_16_22_31_New_Mex.ndpi.ndpa,42,bipol,11515326,9460287,29171,2673329600.918103
D1821_1_L_2024_01_22_16_22_31_New_Mex.ndpi.ndpa,43,pol,11519680,9576649,13434,566970627.7856418
D1821_1_L_2024_01_22_16_22_31_New_Mex.ndpi.ndpa,44,pol,10174686,9378914,10491,345767083.5157512
D1821_1_L_2024_01_22_16_22_31_New_Mex.ndpi.ndpa,45,pol,9891604,9668862,10852,369972498.84976083
D1821_1_L_2024_01_22_16_22_31_New_Mex.ndpi.ndpa,46,pol,10793800,9693267,14550,665083018.7465931
D1821_1_L_2024_01_22_16_22_31_New_Mex.ndpi.ndpa,47,paly,11367746,10057624,31499,3117047393.328889
D1821_1_L_2024_01_22_16_22_31_New_Mex.ndpi.ndpa,48,pol,10933238,10034744,28966,2635887832.6372447
D1821_1_L_2024_01_22_16_22_31_New_Mex.ndpi.ndpa,49,pol,11694403,8876850,9960,311651017.7843532
D1821_1_L_2024_01_22_16_22_31_New_Mex.ndpi.ndpa,51,bipol,12250875,9108735,51928,8471358575.533036
D1821_1_L_2024_01_22_16_22_31_New_Mex.ndpi.ndpa,52,bipol,12315546,8788126,35119,3874664955.545467
D1821_1_L_2024_01_22_16_22_31_New_Mex.ndpi.ndpa,53,pol,12474077,8753370,17883,1004686636.7680078
D1821_1_L_2024_01_22_16_22_31_New_Mex.ndpi.ndpa,54,pol,12598893,9603247,9061,257930163.54067883
D1821_1_L_2024_01_22_16_22_31_New_Mex.ndpi.ndpa,55,pol,12666336,9537826,14748,683307410.2964382
D1821_1_L_2024_01_22_16_22_31_New_Mex.ndpi.ndpa,56,pol,12657155,9739504,13691,588871062.872898
D1821_1_L_2024_01_22_16_22_31_New_Mex.ndpi.ndpa,57,pol,13053935,9894935,15007,707518235.4529973
D1821_1_L_2024_01_22_16_22_31_New_Mex.ndpi.ndpa,58,pol,13210657,9814553,14871,694752662.7316593
D1821_1_L_2024_01_22_16_22_31_New_Mex.ndpi.ndpa,59,pol,12972154,9587170,14339,645933192.5408169
D1821_1_L_2024_01_22_16_22_31_New_Mex.ndpi.ndpa,60,pol,13090460,9679904,13091,538388182.2038329
D1821_1_L_2024_01_22_16_22_31_New_Mex.ndpi.ndpa,61,bipol,13212526,9358291,32143,3245806975.669775
D1821_1_L_2024_01_22_16_22_31_New_Mex.ndpi.ndpa,62,pol,12803036,8687736,13124,541105958.3004901
D1821_1_L_2024_01_22_16_22_31_New_Mex.ndpi.ndpa,63,paly,12744075,9253922,15092,715555733.2218313
D1821_1_L_2024_01_22_16_22_31_New_Mex.ndpi.ndpa,64,spo,12784379,9808259,15233,728988633.6298668
D1821_1_L_2024_01_22_16_22_31_New_Mex.ndpi.ndpa,65,pol,12821798,9797502,15016,708367115.7791458
D1821_1_L_2024_01_22_16_22_31_New_Mex.ndpi.ndpa,66,pol,12579266,10128442,16306,835304360.7526498
D1821_1_L_2024_01_22_16_22_31_New_Mex.ndpi.ndpa,67,paly,12299706,10038239,18862,1117700264.5609853
D1821_1_L_2024_01_22_16_22_31_New_Mex.ndpi.ndpa,68,paly,12457219,10077283,9006,254808410.04469648
D1821_1_L_2024_01_22_16_22_31_New_Mex.ndpi.ndpa,69,pol,12103830,10092528,16949,902480926.5086175
D1821_1_L_2024_01_22_16_22_31_New_Mex.ndpi.ndpa,70,pol,12166819,9863491,17051,913375969.8312669
D1821_1_L_2024_01_22_16_22_31_New_Mex.ndpi.ndpa,71,pol,12254298,9828698,12690,505909828.72275126
D1821_1_L_2024_01_22_16_22_31_New_Mex.ndpi.ndpa,72,paly,12021082,9999945,13188,546396299.7981704
D1821_1_L_2024_01_22_16_22_31_New_Mex.ndpi.ndpa,73,pol,12159545,9857152,11948,448477129.3517855
D1821_1_L_2024_01_22_16_22_31_New_Mex.ndpi.ndpa,74,pol,12160682,9872507,11131,389240693.983539
D1821_1_L_2024_01_22_16_22_31_New_Mex.ndpi.ndpa,75,pol,11994278,9852420,13137,542178476.041277
D1821_1_L_2024_01_22_16_22_31_New_Mex.ndpi.ndpa,76,pol,11910635,10008622,14420,653251466.6539086
D1821_1_L_2024_01_22_16_22_31_New_Mex.ndpi.ndpa,77,pol,11855264,10042762,13920,608735098.7525413
D1821_1_L_2024_01_22_16_22_31_New_Mex.ndpi.ndpa,78,pol,13032656,9624589,10925,374966754.66461825
D1821_1_L_2024_01_22_16_22_31_New_Mex.ndpi.ndpa,79,pol,12216801,9644546,12698,506547898.757066
D1821_1_L_2024_01_22_16_22_31_New_Mex.ndpi.ndpa,80,pol,13244791,9429839,14105,625023078.5641593
D1821_1_L_2024_01_22_16_22_31_New_Mex.ndpi.ndpa,81,pol,12434411,9409500,10831,368541996.6260973
D1821_1_L_2024_01_22_16_22_31_New_Mex.ndpi.ndpa,82,pol,12449994,9330799,16620,867784545.7822485
D1821_1_L_2024_01_22_16_22_31_New_Mex.ndpi.ndpa,83,pol,12281495,9374639,10892,372704930.4761471
D1821_1_L_2024_01_22_16_22_31_New_Mex.ndpi.ndpa,84,pol,12034756,9301467,14642,673520281.0390037
D1821_1_L_2024_01_22_16_22_31_New_Mex.ndpi.ndpa,85,pol,12231967,9348261,15368,741966976.9968545
D1821_1_L_2024_01_22_16_22_31_New_Mex.ndpi.ndpa,86,pol,12310691,9264873,14622,671681569.6907107
D1821_1_L_2024_01_22_16_22_31_New_Mex.ndpi.ndpa,87,pol,12452141,9073660,13902,607161801.7179941
D1821_1_L_2024_01_22_16_22_31_New_Mex.ndpi.ndpa,88,pol,12570482,9123312,12093,459428548.5546035
D1821_1_L_2024_01_22_16_22_31_New_Mex.ndpi.ndpa,89,pol,13232736,9253227,12295,474905215.2050246
D1821_1_L_2024_01_22_16_22_31_New_Mex.ndpi.ndpa,90,pol,11862670,8942219,13583,579617212.6852251
D1821_1_L_2024_01_22_16_22_31_New_Mex.ndpi.ndpa,91,pol,11829999,8714697,17029,911020529.3233114
D1821_1_L_2024_01_22_16_22_31_New_Mex.ndpi.ndpa,92,pol,12004349,8804275,10812,367250120.31986606
D1821_1_L_2024_01_22_16_22_31_New_Mex.ndpi.ndpa,93,pol,11995997,8754268,7543,178746722.83080778
D1821_1_L_2024_01_22_16_22_31_New_Mex.ndpi.ndpa,94,pol,11997485,8763193,7205,163086436.3729697
D3202-D-1_R_2024_02_21_13_01_51_Louisiana.ndpi.ndpa,2,pol,14123343,5445913,12343,478620538.07538354
D3202-D-1_R_2024_02_21_13_01_51_Louisiana.ndpi.ndpa,3,pol,14327153,5421321,9584,288564885.9393719
D3202-D-1_R_2024_02_21_13_01_51_Louisiana.ndpi.ndpa,4,pol,14338010,5403377,11404,408567944.77601933
D3202-D-1_R_2024_02_21_13_01_51_Louisiana.ndpi.ndpa,5,pol,14383423,5584597,12265,472590489.7378596
D3202-D-1_R_2024_02_21_13_01_51_Louisiana.ndpi.ndpa,6,pol,14490868,5538295,13452,568490995.2671613
D3202-D-1_R_2024_02_21_13_01_51_Louisiana.ndpi.ndpa,7,din,14276422,5438602,22020,1523296702.5096803
D3202-D-1_R_2024_02_21_13_01_51_Louisiana.ndpi.ndpa,8,pol,14683198,5550246,11557,419604463.4406379
D3202-D-1_R_2024_02_21_13_01_51_Louisiana.ndpi.ndpa,9,pol,14683688,5566739,11837,440182900.63130015
D3202-D-1_R_2024_02_21_13_01_51_Louisiana.ndpi.ndpa,10,din,15081518,5587172,37142,4333915545.4426155
D3202-D-1_R_2024_02_21_13_01_51_Louisiana.ndpi.ndpa,11,paly,15429877,5633697,15963,800532374.4574795
D3202-D-1_R_2024_02_21_13_01_51_Louisiana.ndpi.ndpa,12,pol,14096639,5424103,14378,649451660.0739094
D3202-D-1_R_2024_02_21_13_01_51_Louisiana.ndpi.ndpa,13,fun,15518538,5685336,9361,275292489.50000817
D3202-D-1_R_2024_02_21_13_01_51_Louisiana.ndpi.ndpa,14,pol,15302063,5693177,11675,428216750.14296526
D3202-D-1_R_2024_02_21_13_01_51_Louisiana.ndpi.ndpa,15,pol,15230184,5678475,13788,597244861.8521134
D3202-D-1_R_2024_02_21_13_01_51_Louisiana.ndpi.ndpa,16,fun,14719576,5693994,9874,306292327.7969014
D3202-D-1_R_2024_02_21_13_01_51_Louisiana.ndpi.ndpa,17,paly,14694419,5643842,8215,212014228.67850783
D3202-D-1_R_2024_02_21_13_01_51_Louisiana.ndpi.ndpa,18,paly,14580588,5685499,7884,195273407.1354308
D3202-D-1_R_2024_02_21_13_01_51_Louisiana.ndpi.ndpa,19,din,14586959,5674881,22368,1571824959.6279056
D3202-D-1_R_2024_02_21_13_01_51_Louisiana.ndpi.ndpa,20,pol,13888548,5599570,11763,434696423.22107095
D3202-D-1_R_2024_02_21_13_01_51_Louisiana.ndpi.ndpa,21,pol,13768152,5586011,8834,245168495.81900927
D3202-D-1_R_2024_02_21_13_01_51_Louisiana.ndpi.ndpa,22,pol,13801641,5723576,9219,267003837.106483
D3202-D-1_R_2024_02_21_13_01_51_Louisiana.ndpi.ndpa,23,pol,13858326,5712467,17142,923151233.2932488
D3202-D-1_R_2024_02_21_13_01_51_Louisiana.ndpi.ndpa,24,pol,14124571,5706749,10521,347747417.86086804
D3202-D-1_R_2024_02_21_13_01_51_Louisiana.ndpi.ndpa,25,pol,14211641,5734031,11056,384013005.26814926
D3202-D-1_R_2024_02_21_13_01_51_Louisiana.ndpi.ndpa,26,paly,14588280,5751837,12364,480250543.9989207
D3202-D-1_R_2024_02_21_13_01_51_Louisiana.ndpi.ndpa,27,pol,14855654,5800846,12495,490481231.58152276
D3202-D-1_R_2024_02_21_13_01_51_Louisiana.ndpi.ndpa,28,paly,14789494,5777486,17480,959914891.9414227
D3202-D-1_R_2024_02_21_13_01_51_Louisiana.ndpi.ndpa,29,pol,14959497,5801500,9283,270723884.932193
D3202-D-1_R_2024_02_21_13_01_51_Louisiana.ndpi.ndpa,30,din,14992333,5781243,37304,4371803944.526257
D3202-D-1_R_2024_02_21_13_01_51_Louisiana.ndpi.ndpa,31,din,15045901,5759842,17006,908561274.886118
D3202-D-1_R_2024_02_21_13_01_51_Louisiana.ndpi.ndpa,32,pol,15545648,5780262,10488,345569361.0989122
D3202-D-1_R_2024_02_21_13_01_51_Louisiana.ndpi.ndpa,33,pol,15279516,5947886,7918,196961284.33723968
D3202-D-1_R_2024_02_21_13_01_51_Louisiana.ndpi.ndpa,34,pol,15261220,5921421,12277,473515701.3407124
D3202-D-1_R_2024_02_21_13_01_51_Louisiana.ndpi.ndpa,35,pol,15245864,5939717,7054,156322244.9561916
D3202-D-1_R_2024_02_21_13_01_51_Louisiana.ndpi.ndpa,36,pol,15254359,5935960,7037,155569685.86080214
D3202-D-1_R_2024_02_21_13_01_51_Louisiana.ndpi.ndpa,37,spo,14858896,5838596,18855,1116870824.4101772
D3202-D-1_R_2024_02_21_13_01_51_Louisiana.ndpi.ndpa,38,pol,14913459,5930732,13155,543665253.6141444
D3202-D-1_R_2024_02_21_13_01_51_Louisiana.ndpi.ndpa,39,paly,14750916,5919787,15812,785458934.3657393
D3202-D-1_R_2024_02_21_13_01_51_Louisiana.ndpi.ndpa,40,pol,14887158,5931876,7430,173431308.28215918
D3202-D-1_R_2024_02_21_13_01_51_Louisiana.ndpi.ndpa,41,paly,14690346,5800695,14264,639193769.4405198
D3202-D-1_R_2024_02_21_13_01_51_Louisiana.ndpi.ndpa,42,paly,14574214,5839249,13597,580812651.521769
D3202-D-1_R_2024_02_21_13_01_51_Louisiana.ndpi.ndpa,43,pol,14295238,5926322,10302,333421010.80303967
D3202-D-1_R_2024_02_21_13_01_51_Louisiana.ndpi.ndpa,44,pol,14260607,5952296,15292,734646563.4591657
D3202-D-1_R_2024_02_21_13_01_51_Louisiana.ndpi.ndpa,45,paly,13907013,5937431,12599,498680084.69063777
D3202-D-1_R_2024_02_21_13_01_51_Louisiana.ndpi.ndpa,46,paly,13826314,5835168,7091,157966444.59533763
D3202-D-1_R_2024_02_21_13_01_51_Louisiana.ndpi.ndpa,47,din,13853758,6077612,22791,1631836469.8860898
D3202-D-1_R_2024_02_21_13_01_51_Louisiana.ndpi.ndpa,48,pol,14172913,6051637,11989,451560341.7890936
D3202-D-1_R_2024_02_21_13_01_51_Louisiana.ndpi.ndpa,49,paly,14415940,6066013,6821,146165868.6062175
D3202-D-1_R_2024_02_21_13_01_51_Louisiana.ndpi.ndpa,50,pol,14579626,6059478,10861,370586419.4613474
D3202-D-1_R_2024_02_21_13_01_51_Louisiana.ndpi.ndpa,51,pol,14506114,6099339,9385,276705904.60122883
D3202-D-1_R_2024_02_21_13_01_51_Louisiana.ndpi.ndpa,52,pol,14360561,6040691,12347,478930801.7658521
D3202-D-1_R_2024_02_21_13_01_51_Louisiana.ndpi.ndpa,53,pol,14671710,5970608,9292,271249080.6840569
D3202-D-1_R_2024_02_21_13_01_51_Louisiana.ndpi.ndpa,54,pol,14737054,6090027,10175,325251050.92155975
D3202-D-1_R_2024_02_21_13_01_51_Louisiana.ndpi.ndpa,55,fun,14858070,5985148,7452,174459878.2833151
D3202-D-1_R_2024_02_21_13_01_51_Louisiana.ndpi.ndpa,56,paly,14964394,6018310,9677,294192336.0367456
D3202-D-1_R_2024_02_21_13_01_51_Louisiana.ndpi.ndpa,57,pol,15278708,6094928,13297,555465653.674076
D3202-D-1_R_2024_02_21_13_01_51_Louisiana.ndpi.ndpa,58,pol,15202241,6174990,10927,375104054.82995075
D3202-D-1_R_2024_02_21_13_01_51_Louisiana.ndpi.ndpa,59,pol,15036933,6181850,13957,611975491.3534938
D3202-D-1_R_2024_02_21_13_01_51_Louisiana.ndpi.ndpa,60,pol,14843380,6130554,14182,631865778.3813505
D3202-D-1_R_2024_02_21_13_01_51_Louisiana.ndpi.ndpa,61,paly,14761564,6133985,12128,462091786.60279447
D3202-D-1_R_2024_02_21_13_01_51_Louisiana.ndpi.ndpa,62,pol,14695077,6132678,8187,210571433.4027908
D3202-D-1_R_2024_02_21_13_01_51_Louisiana.ndpi.ndpa,63,spo,14312069,6132188,21337,1430265250.1880841
D3202-D-1_R_2024_02_21_13_01_51_Louisiana.ndpi.ndpa,64,pol,14097620,6124673,12552,494966417.4396072
D3202-D-1_R_2024_02_21_13_01_51_Louisiana.ndpi.ndpa,65,fun,14090268,6209459,10975,378406798.6202991
D3202-D-1_R_2024_02_21_13_01_51_Louisiana.ndpi.ndpa,66,pol,13937233,6158653,9937,310213327.5966983
D3202-D-1_R_2024_02_21_13_01_51_Louisiana.ndpi.ndpa,67,paly,14582536,6288703,12565,495992213.41445
D3202-D-1_R_2024_02_21_13_01_51_Louisiana.ndpi.ndpa,68,pol,14922922,6265016,16562,861738374.7912263
D3202-D-1_R_2024_02_21_13_01_51_Louisiana.ndpi.ndpa,69,pol,15081192,6294421,13376,562085514.0411627
D3202-D-1_R_2024_02_21_13_01_51_Louisiana.ndpi.ndpa,70,pol,15298480,6254560,10258,330579000.4248962
D3202-D-1_R_2024_02_21_13_01_51_Louisiana.ndpi.ndpa,71,pol,15348958,6359929,15097,716029940.9249274
D3202-D-1_R_2024_02_21_13_01_51_Louisiana.ndpi.ndpa,72,paly,15435383,6384925,12013,453370049.9540087
D3202-D-1_R_2024_02_21_13_01_51_Louisiana.ndpi.ndpa,73,din,15504820,6428561,26687,2237429624.126664
D3202-D-1_R_2024_02_21_13_01_51_Louisiana.ndpi.ndpa,74,pol,15043468,6484595,10455,343398146.7257559
D3202-D-1_R_2024_02_21_13_01_51_Louisiana.ndpi.ndpa,75,fun,14348980,6487536,13981,614081966.9268377
D3202-D-1_R_2024_02_21_13_01_51_Louisiana.ndpi.ndpa,76,din,14359924,6471199,31855,3187902949.436177
D3202-D-1_R_2024_02_21_13_01_51_Louisiana.ndpi.ndpa,77,pol,14232218,6422680,8913,249573049.56004664
D3202-D-1_R_2024_02_21_13_01_51_Louisiana.ndpi.ndpa,78,pol,13903916,6595041,8552,229765731.99417123
D3202-D-1_R_2024_02_21_13_01_51_Louisiana.ndpi.ndpa,79,pol,15315632,6551586,8843,245668301.21904683
D3202-D-1_R_2024_02_21_13_01_51_Louisiana.ndpi.ndpa,80,alg,15534063,6592263,44187,6133931284.410816
D3202-D-1_R_2024_02_21_13_01_51_Louisiana.ndpi.ndpa,81,spo,15021748,6753843,13154,543582601.453021
D3202-D-1_R_2024_02_21_13_01_51_Louisiana.ndpi.ndpa,82,pol,14297203,6785046,13149,543169434.8951843
D3202-D-1_R_2024_02_21_13_01_51_Louisiana.ndpi.ndpa,83,pol,14267156,6866088,12104,460264736.84643155
D3202-D-1_R_2024_02_21_13_01_51_Louisiana.ndpi.ndpa,84,pol,14643956,6886018,11741,433071943.35901153
D3202-D-1_R_2024_02_21_13_01_51_Louisiana.ndpi.ndpa,85,pol,15254364,6919672,17945,1011665169.6267623
USNMPAL_792954_D1890-4_L_2024_09_19_11_55_30_Kentucky.ndpi.ndpa,2,paly,430822,-7473130,14563,666272014.1766046
USNMPAL_792954_D1890-4_L_2024_09_19_11_55_30_Kentucky.ndpi.ndpa,3,paly,1196434,-7394492,18619,1089087006.23843
USNMPAL_792954_D1890-4_L_2024_09_19_11_55_30_Kentucky.ndpi.ndpa,4,paly,1228406,-7356614,10130,322380499.17415845
USNMPAL_792954_D1890-4_L_2024_09_19_11_55_30_Kentucky.ndpi.ndpa,5,paly,2094900,-7383127,13707,590248236.5612668
USNMPAL_792954_D1890-4_L_2024_09_19_11_55_30_Kentucky.ndpi.ndpa,6,paly,494182,-7301098,27940,2452464198.831889
USNMPAL_792954_D1890-4_L_2024_09_19_11_55_30_Kentucky.ndpi.ndpa,7,din,1398507,-7168398,27507,2377039111.3869534
USNMPAL_792954_D1890-4_L_2024_09_19_11_55_30_Kentucky.ndpi.ndpa,8,paly,1621466,-7248169,9854,305052780.99950105
USNMPAL_792954_D1890-4_L_2024_09_19_11_55_30_Kentucky.ndpi.ndpa,9,pol,1927720,-7029879,12050,456167107.28287196
USNMPAL_792954_D1890-4_L_2024_09_19_11_55_30_Kentucky.ndpi.ndpa,10,paly,1683485,-7066072,9851,304867065.74978405
USNMPAL_792954_D1890-4_L_2024_09_19_11_55_30_Kentucky.ndpi.ndpa,11,pol,1390413,-7082680,14603,669937121.8299886
USNMPAL_792954_D1890-4_L_2024_09_19_11_55_30_Kentucky.ndpi.ndpa,12,paly,860487,-7049039,11580,421276265.1128383
USNMPAL_792954_D1890-4_L_2024_09_19_11_55_30_Kentucky.ndpi.ndpa,13,paly,656268,-7029877,7683,185443467.39490592
USNMPAL_792954_D1890-4_L_2024_09_19_11_55_30_Kentucky.ndpi.ndpa,14,pol,854811,-7021660,10200,326851299.6794821
USNMPAL_792954_D1890-4_L_2024_09_19_11_55_30_Kentucky.ndpi.ndpa,15,pol,1119916,-6988588,9859,305362432.0794021
USNMPAL_792954_D1890-4_L_2024_09_19_11_55_30_Kentucky.ndpi.ndpa,16,paly,1353800,-6969852,11363,405635434.5383039
USNMPAL_792954_D1890-4_L_2024_09_19_11_55_30_Kentucky.ndpi.ndpa,17,paly,1350961,-6940896,23359,1714187666.4331696
USNMPAL_792954_D1890-4_L_2024_09_19_11_55_30_Kentucky.ndpi.ndpa,18,paly,2042823,-6914354,10094,320093218.66041523
USNMPAL_792954_D1890-4_L_2024_09_19_11_55_30_Kentucky.ndpi.ndpa,19,paly,1855062,-6847515,20690,1344840730.9373696
USNMPAL_792954_D1890-4_L_2024_09_19_11_55_30_Kentucky.ndpi.ndpa,20,pol,1312076,-6823527,10615,353989083.87953776
USNMPAL_792954_D1890-4_L_2024_09_19_11_55_30_Kentucky.ndpi.ndpa,21,pol,1266230,-6860289,13221,549134188.370996
USNMPAL_792954_D1890-4_L_2024_09_19_11_55_30_Kentucky.ndpi.ndpa,22,spo,1263817,-6817423,13421,565873850.6663839
USNMPAL_792954_D1890-4_L_2024_09_19_11_55_30_Kentucky.ndpi.ndpa,23,paly,1358490,-6806494,27325,2345687826.2614956
USNMPAL_792954_D1890-4_L_2024_09_19_11_55_30_Kentucky.ndpi.ndpa,24,paly,802300,-6884845,9903,308094134.8562927
USNMPAL_792954_D1890-4_L_2024_09_19_11_55_30_Kentucky.ndpi.ndpa,25,paly,655559,-6597727,25129,1983810960.3526232
USNMPAL_792954_D1890-4_L_2024_09_19_11_55_30_Kentucky.ndpi.ndpa,26,paly,1299020,-6542385,17141,923043530.0723057
USNMPAL_792954_D1890-4_L_2024_09_19_11_55_30_Kentucky.ndpi.ndpa,27,paly,1726339,-6380303,17801,995494060.2034506
USNMPAL_792954_D1890-4_L_2024_09_19_11_55_30_Kentucky.ndpi.ndpa,28,pol,1315192,-6390381,12332,477767831.28938293
USNMPAL_792954_D1890-4_L_2024_09_19_11_55_30_Kentucky.ndpi.ndpa,29,paly,1116646,-6334034,14321,644312507.7226831
USNMPAL_792954_D1890-4_L_2024_09_19_11_55_30_Kentucky.ndpi.ndpa,30,pol,758873,-6226027,14600,669661890.0392003
USNMPAL_792954_D1890-4_L_2024_09_19_11_55_30_Kentucky.ndpi.ndpa,31,paly,1683197,-6343840,15235,729180069.719806
USNMPAL_792954_D1890-4_L_2024_09_19_11_55_30_Kentucky.ndpi.ndpa,32,spo,455021,-6209434,11616,423899670.9077744
USNMPAL_792954_D1890-4_L_2024_09_19_11_55_30_Kentucky.ndpi.ndpa,33,paly,1313209,-5998965,17148,923797584.5657983
USNMPAL_792954_D1890-4_L_2024_09_19_11_55_30_Kentucky.ndpi.ndpa,34,pol,633132,-5978947,11241,396971902.1766112
USNMPAL_792954_D1890-4_L_2024_09_19_11_55_30_Kentucky.ndpi.ndpa,35,paly,508957,-5983064,25277,2007247518.0085566
USNMPAL_792954_D1890-4_L_2024_09_19_11_55_30_Kentucky.ndpi.ndpa,36,paly,316950,-6086413,24713,1918672323.7598908
USNMPAL_792954_D1890-4_L_2024_09_19_11_55_30_Kentucky.ndpi.ndpa,37,pol,345214,-6493792,17763,991248411.3604244
USNMPAL_792954_D1890-4_L_2024_09_19_11_55_30_Kentucky.ndpi.ndpa,38,pol,355170,-6452939,23994,1808652702.8808224
USNMPAL_792954_D1890-4_L_2024_09_19_11_55_30_Kentucky.ndpi.ndpa,40,pol,-2601590,-5181836,15783,782580434.3889244
USNMPAL_792954_D1890-4_L_2024_09_19_11_55_30_Kentucky.ndpi.ndpa,41,paly,-1797083,-5072215,53405,8960117636.287344
USNMPAL_792954_D1890-4_L_2024_09_19_11_55_30_Kentucky.ndpi.ndpa,42,pol,-1306592,-5159959,13325,557807447.1035442
USNMPAL_792954_D1890-4_L_2024_09_19_11_55_30_Kentucky.ndpi.ndpa,43,paly,-1239536,-5077922,10430,341757842.6615003
USNMPAL_792954_D1890-4_L_2024_09_19_11_55_30_Kentucky.ndpi.ndpa,44,paly,-1072611,-5033693,10751,363117848.4141153
USNMPAL_792954_D1890-4_L_2024_09_19_11_55_30_Kentucky.ndpi.ndpa,45,paly,-836645,-5215127,20646,1339126852.484503
USNMPAL_792954_D1890-4_L_2024_09_19_11_55_30_Kentucky.ndpi.ndpa,46,pol,-863752,-5071263,14805,688599489.0948559
USNMPAL_792954_D1890-4_L_2024_09_19_11_55_30_Kentucky.ndpi.ndpa,47,paly,-819524,-4909612,16059,810189982.1329917
USNMPAL_792954_D1890-4_L_2024_09_19_11_55_30_Kentucky.ndpi.ndpa,48,paly,-1061858,-4850640,12458,487580721.6065768
USNMPAL_792954_D1890-4_L_2024_09_19_11_55_30_Kentucky.ndpi.ndpa,49,paly,-1084448,-4854207,17015,909523195.9991281
USNMPAL_792954_D1890-4_L_2024_09_19_11_55_30_Kentucky.ndpi.ndpa,50,pol,-1329760,-4989272,14134,627595826.1775562
USNMPAL_792954_D1890-4_L_2024_09_19_11_55_30_Kentucky.ndpi.ndpa,51,paly,-1823272,-4917935,13956,611887800.0777541
USNMPAL_792954_D1890-4_L_2024_09_19_11_55_30_Kentucky.ndpi.ndpa,52,paly,-2199526,-5022800,20427,1310868267.4061673
USNMPAL_792954_D1890-4_L_2024_09_19_11_55_30_Kentucky.ndpi.ndpa,53,paly,-2230201,-4954079,16817,888478496.1931906
USNMPAL_792954_D1890-4_L_2024_09_19_11_55_30_Kentucky.ndpi.ndpa,54,paly,-1553127,-4790280,15116,717833362.7629427
USNMPAL_792954_D1890-4_L_2024_09_19_11_55_30_Kentucky.ndpi.ndpa,55,pol,-862551,-4585682,17440,955526715.3228885
USNMPAL_792954_D1890-4_L_2024_09_19_11_55_30_Kentucky.ndpi.ndpa,56,paly,-1112344,-4566422,9932,309901226.0745274
USNMPAL_792954_D1890-4_L_2024_09_19_11_55_30_Kentucky.ndpi.ndpa,57,pol,-1496330,-4460130,19259,1165245244.0193415
USNMPAL_792954_D1890-4_L_2024_09_19_11_55_30_Kentucky.ndpi.ndpa,58,paly,-2211066,-4607057,15766,780895494.5762466
USNMPAL_792954_D1890-4_L_2024_09_19_11_55_30_Kentucky.ndpi.ndpa,59,fun,-2386870,-4634640,9177,264576542.09135464
USNMPAL_792954_D1890-4_L_2024_09_19_11_55_30_Kentucky.ndpi.ndpa,60,pol,-2533821,-4642012,16645,870397172.7727901
USNMPAL_792954_D1890-4_L_2024_09_19_11_55_30_Kentucky.ndpi.ndpa,61,paly,-2463562,-4429860,18434,1067552001.2086395
USNMPAL_792954_D1890-4_L_2024_09_19_11_55_30_Kentucky.ndpi.ndpa,62,paly,-2336683,-4429622,15399,744963355.8132174
USNMPAL_792954_D1890-4_L_2024_09_19_11_55_30_Kentucky.ndpi.ndpa,63,paly,-2185215,-4418921,14078,622632511.908744
USNMPAL_792954_D1890-4_L_2024_09_19_11_55_30_Kentucky.ndpi.ndpa,64,paly,-1609711,-4269827,13554,577144864.0898516
USNMPAL_792954_D1890-4_L_2024_09_19_11_55_30_Kentucky.ndpi.ndpa,65,pol,-1318680,-4361852,20958,1379906132.5616074
USNMPAL_792954_D1890-4_L_2024_09_19_11_55_30_Kentucky.ndpi.ndpa,66,paly,-874214,-4321190,16397,844653655.6667314
USNMPAL_792954_D1890-4_L_2024_09_19_11_55_30_Kentucky.ndpi.ndpa,67,paly,-1480835,-4236228,13292,555047994.6387445
USNMPAL_792954_D1890-4_L_2024_09_19_11_55_30_Kentucky.ndpi.ndpa,68,paly,-1822855,-4111863,15762,780499302.0435171
USNMPAL_792954_D1890-4_L_2024_09_19_11_55_30_Kentucky.ndpi.ndpa,69,din,-2394639,-4141824,35266,3907169742.387136
USNMPAL_792954_D1890-4_L_2024_09_19_11_55_30_Kentucky.ndpi.ndpa,70,din,-1759203,-3948648,26489,2204352272.5991006
USNMPAL_792954_D1890-4_L_2024_09_19_11_55_30_Kentucky.ndpi.ndpa,71,spo,-1202956,-4029119,28717,2590764926.8670263
USNMPAL_792954_D1890-4_L_2024_09_19_11_55_30_Kentucky.ndpi.ndpa,72,paly,-1270961,-4054801,15515,756229182.4672141
USNMPAL_792954_D1890-4_L_2024_09_19_11_55_30_Kentucky.ndpi.ndpa,73,pol,-1211755,-3915693,14998,706669864.0648587
USNMPAL_792954_D1890-4_L_2024_09_19_11_55_30_Kentucky.ndpi.ndpa,74,paly,-922009,-4107352,12547,494572163.26954496
USNMPAL_792954_D1890-4_L_2024_09_19_11_55_30_Kentucky.ndpi.ndpa,75,spo,-837597,-4077152,22368,1571824959.6279056
USNMPAL_792954_D1890-4_L_2024_09_19_11_55_30_Kentucky.ndpi.ndpa,76,pol,-880873,-3825113,13620,582779260.2485824
USNMPAL_792954_D1890-4_L_2024_09_19_11_55_30_Kentucky.ndpi.ndpa,77,pol,-857569,-3832009,16515,856854395.1616951
USNMPAL_792954_D1890-4_L_2024_09_19_11_55_30_Kentucky.ndpi.ndpa,78,paly,-1736214,-3778982,18584,1084996322.7362275
USNMPAL_792954_D1890-4_L_2024_09_19_11_55_30_Kentucky.ndpi.ndpa,79,pol,-2040054,-3871245,10743,362577645.27414525
USNMPAL_792954_D1890-4_L_2024_09_19_11_55_30_Kentucky.ndpi.ndpa,80,paly,-1620543,-3835815,18010,1019007307.2776506
USNMPAL_792954_D1890-4_L_2024_09_19_11_55_30_Kentucky.ndpi.ndpa,81,paly,-2473746,-3858404,11957,449153027.303242
USNMPAL_792954_D1890-4_L_2024_09_19_11_55_30_Kentucky.ndpi.ndpa,82,pol,-2272480,-3734026,30422,2907537981.6058292
USNMPAL_792954_D1890-4_L_2024_09_19_11_55_30_Kentucky.ndpi.ndpa,83,paly,-1896517,-3676719,24784,1929712781.9816968
USNMPAL_792954_D1890-4_L_2024_09_19_11_55_30_Kentucky.ndpi.ndpa,84,pol,-1138094,-3671012,15565,761111217.4508927
USNMPAL_793367_D3702_L_2024_02_02_15_49_54_Tennessee.ndpi.ndpa,3,paly,6779040,5988053,17436,955088450.5813421
USNMPAL_793367_D3702_L_2024_02_02_15_49_54_Tennessee.ndpi.ndpa,4,pol,7197441,5973353,15088,715176480.1566899
USNMPAL_793367_D3702_L_2024_02_02_15_49_54_Tennessee.ndpi.ndpa,5,pol,7214591,5838113,13483,571114178.009019
USNMPAL_793367_D3702_L_2024_02_02_15_49_54_Tennessee.ndpi.ndpa,6,pol,7618913,5837378,14137,627862274.0752851
USNMPAL_793367_D3702_L_2024_02_02_15_49_54_Tennessee.ndpi.ndpa,7,paly,7879208,5794259,17093,917881164.492962
USNMPAL_793367_D3702_L_2024_02_02_15_49_54_Tennessee.ndpi.ndpa,8,paly,8252843,5794993,12388,482116800.83160037
USNMPAL_793367_D3702_L_2024_02_02_15_49_54_Tennessee.ndpi.ndpa,9,paly,8286162,5873639,15558,760426786.9337889
USNMPAL_793367_D3702_L_2024_02_02_15_49_54_Tennessee.ndpi.ndpa,10,pol,8288367,6045634,14069,621836674.2329587
USNMPAL_793367_D3702_L_2024_02_02_15_49_54_Tennessee.ndpi.ndpa,11,paly,7852387,6109089,18243,1045544180.2012984
USNMPAL_793367_D3702_L_2024_02_02_15_49_54_Tennessee.ndpi.ndpa,12,pol,7734991,6087039,11785,436323944.1448191
USNMPAL_793367_D3702_L_2024_02_02_15_49_54_Tennessee.ndpi.ndpa,13,pol,7116522,6224238,21392,1437648291.3753223
USNMPAL_793367_D3702_L_2024_02_02_15_49_54_Tennessee.ndpi.ndpa,14,pol,6725248,6228158,13019,532482239.34249634
USNMPAL_793367_D3702_L_2024_02_02_15_49_54_Tennessee.ndpi.ndpa,15,pol,6588046,6248164,18678,1096000153.1292853
USNMPAL_793367_D3702_L_2024_02_02_15_49_54_Tennessee.ndpi.ndpa,16,pol,7526841,6262618,14107,625200339.7880454
USNMPAL_793367_D3702_L_2024_02_02_15_49_54_Tennessee.ndpi.ndpa,17,paly,8030589,6412314,38097,4559649172.071203
USNMPAL_793367_D3702_L_2024_02_02_15_49_54_Tennessee.ndpi.ndpa,18,pol,8086264,6476483,13429,566548664.7683749
USNMPAL_793367_D3702_L_2024_02_02_15_49_54_Tennessee.ndpi.ndpa,19,pol,8012162,6534547,32620,3342856901.986431
USNMPAL_793367_D3702_L_2024_02_02_15_49_54_Tennessee.ndpi.ndpa,20,paly,7886480,6651902,14469,657698582.6922169
USNMPAL_793367_D3702_L_2024_02_02_15_49_54_Tennessee.ndpi.ndpa,21,pol,7904648,6519357,17543,966846655.9103433
USNMPAL_793367_D3702_L_2024_02_02_15_49_54_Tennessee.ndpi.ndpa,22,pol,7714889,6644797,10422,341233774.74139905
USNMPAL_793367_D3702_L_2024_02_02_15_49_54_Tennessee.ndpi.ndpa,23,spo,7281404,6679097,17410,952242180.2035604
USNMPAL_793367_D3702_L_2024_02_02_15_49_54_Tennessee.ndpi.ndpa,24,pol,7164900,6619072,14256,638476983.6606767
USNMPAL_793367_D3702_L_2024_02_02_15_49_54_Tennessee.ndpi.ndpa,25,paly,6608542,6480647,16059,810189982.1329917
USNMPAL_793367_D3702_L_2024_02_02_15_49_54_Tennessee.ndpi.ndpa,26,pol,6570812,6706230,16378,842697307.3815247
USNMPAL_793367_D3702_L_2024_02_02_15_49_54_Tennessee.ndpi.ndpa,27,pol,6914161,6826770,11825,439290864.24686927
USNMPAL_793367_D3702_L_2024_02_02_15_49_54_Tennessee.ndpi.ndpa,28,fun,7048907,6706475,8333,218148703.5558371
USNMPAL_793367_D3702_L_2024_02_02_15_49_54_Tennessee.ndpi.ndpa,29,pol,6967814,6811335,10682,358471819.2953524
USNMPAL_793367_D3702_L_2024_02_02_15_49_54_Tennessee.ndpi.ndpa,30,spo,7486476,6912765,27195,2323421474.1699123
USNMPAL_793367_D3702_L_2024_02_02_15_49_54_Tennessee.ndpi.ndpa,31,paly,7617303,6706966,16060,810290886.9474324
USNMPAL_793367_D3702_L_2024_02_02_15_49_54_Tennessee.ndpi.ndpa,32,pol,7546492,6803006,28748,2596361407.144021
USNMPAL_793367_D3702_L_2024_02_02_15_49_54_Tennessee.ndpi.ndpa,33,paly,8224395,6953093,16713,877523385.6190045
USNMPAL_793367_D3702_L_2024_02_02_15_49_54_Tennessee.ndpi.ndpa,34,pol,7703897,7056120,13866,604021314.9050184
USNMPAL_793367_D3702_L_2024_02_02_15_49_54_Tennessee.ndpi.ndpa,35,pol,7552870,7104965,18469,1071609697.9879793
USNMPAL_793367_D3702_L_2024_02_02_15_49_54_Tennessee.ndpi.ndpa,36,pol,7610417,7075209,22972,1657858605.4198172
USNMPAL_793367_D3702_L_2024_02_02_15_49_54_Tennessee.ndpi.ndpa,37,pol,7227614,6957023,17332,943728853.669821
USNMPAL_793367_D3702_L_2024_02_02_15_49_54_Tennessee.ndpi.ndpa,38,paly,7357587,7104123,19263,1165729325.748148
USNMPAL_793367_D3702_L_2024_02_02_15_49_54_Tennessee.ndpi.ndpa,39,bipol,6597621,6989025,27702,2410860728.205301
USNMPAL_793367_D3702_L_2024_02_02_15_49_54_Tennessee.ndpi.ndpa,40,pol,6808721,7323453,18707,1099406157.9285645
USNMPAL_793367_D3702_L_2024_02_02_15_49_54_Tennessee.ndpi.ndpa,41,pol,8386862,7263939,14737,682288481.8431362
USNMPAL_793367_D3702_L_2024_02_02_15_49_54_Tennessee.ndpi.ndpa,42,bipol,2659689,4815319,32210,3259352426.7762184
USNMPAL_793367_D3702_L_2024_02_02_15_49_54_Tennessee.ndpi.ndpa,43,paly,2749824,4775927,14484,659062960.6737076
USNMPAL_793367_D3702_L_2024_02_02_15_49_54_Tennessee.ndpi.ndpa,44,pol,3258703,4861807,11202,394222138.3835551
USNMPAL_793367_D3702_L_2024_02_02_15_49_54_Tennessee.ndpi.ndpa,45,spo,3269172,4826142,29952,2818392839.617949
USNMPAL_793367_D3702_L_2024_02_02_15_49_54_Tennessee.ndpi.ndpa,46,paly,3602922,4823303,16271,831722332.5169901
USNMPAL_793367_D3702_L_2024_02_02_15_49_54_Tennessee.ndpi.ndpa,47,pol,3894267,4890197,10409,340383022.026029
USNMPAL_793367_D3702_L_2024_02_02_15_49_54_Tennessee.ndpi.ndpa,48,pol,4082524,4870857,15922,796425417.5053314
USNMPAL_793367_D3702_L_2024_02_02_15_49_54_Tennessee.ndpi.ndpa,49,paly,4100622,4824546,14173,631064059.6441177
USNMPAL_793367_D3702_L_2024_02_02_15_49_54_Tennessee.ndpi.ndpa,50,paly,4311057,4765103,9707,296019234.9966611
USNMPAL_793367_D3702_L_2024_02_02_15_49_54_Tennessee.ndpi.ndpa,51,pol,4151366,5056831,16181,822546745.6855034
USNMPAL_793367_D3702_L_2024_02_02_15_49_54_Tennessee.ndpi.ndpa,52,paly,4167956,4932714,21108,1399729268.0464935
USNMPAL_793367_D3702_L_2024_02_02_15_49_54_Tennessee.ndpi.ndpa,53,pol,4280096,4999076,10420,341102820.5932268
USNMPAL_793367_D3702_L_2024_02_02_15_49_54_Tennessee.ndpi.ndpa,54,pol,3504890,4925617,17865,1002665134.9927583
USNMPAL_793367_D3702_L_2024_02_02_15_49_54_Tennessee.ndpi.ndpa,55,paly,3438175,5052840,18631,1090491298.1545846
USNMPAL_793367_D3702_L_2024_02_02_15_49_54_Tennessee.ndpi.ndpa,56,paly,3392042,4931294,15655,769938464.4889493
USNMPAL_793367_D3702_L_2024_02_02_15_49_54_Tennessee.ndpi.ndpa,57,pol,3205207,4969444,15535,758180111.5050933
USNMPAL_793367_D3702_L_2024_02_02_15_49_54_Tennessee.ndpi.ndpa,58,pol,2579045,5019659,12061,457000323.6280497
USNMPAL_793367_D3702_L_2024_02_02_15_49_54_Tennessee.ndpi.ndpa,59,bipol,2593062,5036516,62659,12334364879.679102
USNMPAL_793367_D3702_L_2024_02_02_15_49_54_Tennessee.ndpi.ndpa,60,pol,2647711,5204923,13859,603411610.310773
USNMPAL_793367_D3702_L_2024_02_02_15_49_54_Tennessee.ndpi.ndpa,61,pol,2845017,5168370,13912,608035604.2986636
USNMPAL_793367_D3702_L_2024_02_02_15_49_54_Tennessee.ndpi.ndpa,62,pol,3036823,5167661,11030,382208989.66912246
USNMPAL_793367_D3702_L_2024_02_02_15_49_54_Tennessee.ndpi.ndpa,63,bipol,2845549,5179549,29095,2659417950.0639944
USNMPAL_793367_D3702_L_2024_02_02_15_49_54_Tennessee.ndpi.ndpa,64,paly,2900376,5147610,20076,1266205648.9419973
USNMPAL_793367_D3702_L_2024_02_02_15_49_54_Tennessee.ndpi.ndpa,65,pol,3071067,5168016,13845,602193124.7505223
USNMPAL_793367_D3702_L_2024_02_02_15_49_54_Tennessee.ndpi.ndpa,66,bipol,3275648,5175823,45812,6593384104.910262
USNMPAL_793367_D3702_L_2024_02_02_15_49_54_Tennessee.ndpi.ndpa,67,pol,3882290,5122591,8435,223521882.56860724
USNMPAL_793367_D3702_L_2024_02_02_15_49_54_Tennessee.ndpi.ndpa,68,pol,4035947,5098282,10742,362510148.15598285
USNMPAL_793367_D3702_L_2024_02_02_15_49_54_Tennessee.ndpi.ndpa,69,fun,4212138,5146545,7549,179031200.32877564
USNMPAL_793367_D3702_L_2024_02_02_15_49_54_Tennessee.ndpi.ndpa,70,paly,4112244,5345648,10051,317371861.14813286
USNMPAL_793367_D3702_L_2024_02_02_15_49_54_Tennessee.ndpi.ndpa,71,paly,3869337,5299869,21199,1411824201.842477
USNMPAL_793367_D3702_L_2024_02_02_15_49_54_Tennessee.ndpi.ndpa,72,pol,3569475,5338905,8809,243782817.83932716
USNMPAL_793367_D3702_L_2024_02_02_15_49_54_Tennessee.ndpi.ndpa,73,pol,4043045,5413446,20577,1330190947.1813366
USNMPAL_793367_D3702_L_2024_02_02_15_49_54_Tennessee.ndpi.ndpa,74,pol,3796590,5537137,10932,375447415.19902486
USNMPAL_793367_D3702_L_2024_02_02_15_49_54_Tennessee.ndpi.ndpa,75,pol,3413334,5577947,16510,856335639.6747712
USNMPAL_793367_D3702_L_2024_02_02_15_49_54_Tennessee.ndpi.ndpa,76,bipol,3415108,5599420,51828,8438762666.796451
USNMPAL_793367_D3702_L_2024_02_02_15_49_54_Tennessee.ndpi.ndpa,77,pol,3267840,5611659,13601,581154431.6697384
USNMPAL_793367_D3702_L_2024_02_02_15_49_54_Tennessee.ndpi.ndpa,78,pol,2893102,5554347,11669,427776726.10953283
USNMPAL_793367_D3702_L_2024_02_02_15_49_54_Tennessee.ndpi.ndpa,79,pol,2712298,5633502,11336,403710037.2239204
USNMPAL_793367_D3702_L_2024_02_02_15_49_54_Tennessee.ndpi.ndpa,80,pol,2941541,5717075,10384,338749943.6248767
USNMPAL_793367_D3702_L_2024_02_02_15_49_54_Tennessee.ndpi.ndpa,81,pol,3969942,5760903,13088,538141450.9415979
USNMPAL_793367_D3702_L_2024_02_02_15_49_54_Tennessee.ndpi.ndpa,82,pol,3844142,5906065,16254,829985267.3990039
USNMPAL_793367_D3702_L_2024_02_02_15_49_54_Tennessee.ndpi.ndpa,83,pol,2543913,5933941,19314,1171910179.957822
USNMPAL_793367_D3702_L_2024_02_02_15_49_54_Tennessee.ndpi.ndpa,84,pol,3437111,5950797,17321,942531331.9573478
USNMPAL_793367_D3702_L_2024_02_02_15_49_54_Tennessee.ndpi.ndpa,85,pol,3735020,6044663,16344,839202134.7579587
USNMPAL_793367_D3702_L_2024_02_02_15_49_54_Tennessee.ndpi.ndpa,86,paly,4307775,5990721,13837,601497400.2078289
USNMPAL_793367_D3702_L_2024_02_02_15_49_54_Tennessee.ndpi.ndpa,87,pol,3488035,6094896,18617,1088853045.5503318
USNMPAL_793367_D3702_L_2024_02_02_15_49_54_Tennessee.ndpi.ndpa,88,spo,3386897,6092056,16401,845065807.4901412
USNMPAL_793367_D3702_L_2024_02_02_15_49_54_Tennessee.ndpi.ndpa,89,pol,3446693,6117962,12696,506388343.5493755
USNMPAL_793367_D3702_L_2024_02_02_15_49_54_Tennessee.ndpi.ndpa,90,pol,3412625,6106784,13117,540528888.5707302
USNMPAL_793367_D3702_L_2024_02_02_15_49_54_Tennessee.ndpi.ndpa,91,din,2568931,6198873,20809,1360355112.407597
USNMPAL_793367_D3702_L_2024_02_02_15_49_54_Tennessee.ndpi.ndpa,92,pol,3912099,6286892,13222,549217261.5055349
USNMPAL_792715_D1298_L_2024_01_25_14_55_02_Wyoming.ndpi.ndpa,2,spo,3968535,1011387,35316,3918256737.02092
USNMPAL_792715_D1298_L_2024_01_25_14_55_02_Wyoming.ndpi.ndpa,3,spo,4469836,1211455,34280,3691743332.538192
USNMPAL_792715_D1298_L_2024_01_25_14_55_02_Wyoming.ndpi.ndpa,4,spo,4885950,1185536,38400,4632466863.277366
USNMPAL_792715_D1298_L_2024_01_25_14_55_02_Wyoming.ndpi.ndpa,5,spo,5165233,1032429,31756,3168118804.2577143
USNMPAL_792715_D1298_L_2024_01_25_14_55_02_Wyoming.ndpi.ndpa,6,bipol,4410182,1602611,71994,16283302093.254122
USNMPAL_792715_D1298_L_2024_01_25_14_55_02_Wyoming.ndpi.ndpa,8,fun,3711379,619139,15557,760329036.2783725
USNMPAL_792715_D1298_L_2024_01_25_14_55_02_Wyoming.ndpi.ndpa,9,pol,3692154,546704,8429,223204003.65754643
USNMPAL_792715_D1298_L_2024_01_25_14_55_02_Wyoming.ndpi.ndpa,10,pol,4392234,676699,15825,786751011.7339004
USNMPAL_792715_D1298_L_2024_01_25_14_55_02_Wyoming.ndpi.ndpa,11,paly,4368319,672350,12358,479784545.2774284
USNMPAL_792715_D1298_L_2024_01_25_14_55_02_Wyoming.ndpi.ndpa,12,alg,4120350,731970,23179,1687871047.4288726
USNMPAL_792715_D1298_L_2024_01_25_14_55_02_Wyoming.ndpi.ndpa,13,pol,4057986,735975,12656,503202517.2712231
USNMPAL_792715_D1298_L_2024_01_25_14_55_02_Wyoming.ndpi.ndpa,14,pol,3684145,712859,6774,144158500.8563165
USNMPAL_792715_D1298_L_2024_01_25_14_55_02_Wyoming.ndpi.ndpa,15,pol,3474166,665599,10347,336340194.4047186
USNMPAL_792715_D1298_L_2024_01_25_14_55_02_Wyoming.ndpi.ndpa,16,paly,3509410,845944,33417,3508203601.176323
USNMPAL_792715_D1298_L_2024_01_25_14_55_02_Wyoming.ndpi.ndpa,17,paly,3712866,853039,18074,1026262425.9536272
USNMPAL_792715_D1298_L_2024_01_25_14_55_02_Wyoming.ndpi.ndpa,18,pol,4021825,864597,16175,821936849.4541061
USNMPAL_792715_D1298_L_2024_01_25_14_55_02_Wyoming.ndpi.ndpa,19,pol,4969874,801087,12623,500581778.6884499
USNMPAL_792715_D1298_L_2024_01_25_14_55_02_Wyoming.ndpi.ndpa,20,pol,4628875,1147954,12485,489696461.73665607
USNMPAL_792715_D1298_L_2024_01_25_14_55_02_Wyoming.ndpi.ndpa,21,fun,4597178,1185258,19070,1142486978.2084668
USNMPAL_792715_D1298_L_2024_01_25_14_55_02_Wyoming.ndpi.ndpa,22,fun,4608163,1230230,6007,113361383.25017412
USNMPAL_792715_D1298_L_2024_01_25_14_55_02_Wyoming.ndpi.ndpa,23,paly,3698792,1185373,21676,1476074091.298287
USNMPAL_792715_D1298_L_2024_01_25_14_55_02_Wyoming.ndpi.ndpa,24,spo,3773080,1369037,30712,2963234837.938351
USNMPAL_792715_D1298_L_2024_01_25_14_55_02_Wyoming.ndpi.ndpa,25,fun,3741612,1238927,10610,353655682.35917556
USNMPAL_792715_D1298_L_2024_01_25_14_55_02_Wyoming.ndpi.ndpa,26,spo,4150927,1294884,34157,3665298187.836844
USNMPAL_792715_D1298_L_2024_01_25_14_55_02_Wyoming.ndpi.ndpa,27,pol,4307694,1334020,13394,563599321.8772216
USNMPAL_792715_D1298_L_2024_01_25_14_55_02_Wyoming.ndpi.ndpa,28,pol,4619630,1260898,12294,474827966.5832655
USNMPAL_792715_D1298_L_2024_01_25_14_55_02_Wyoming.ndpi.ndpa,29,pol,4739895,1286874,19801,1231754394.1240172
USNMPAL_792715_D1298_L_2024_01_25_14_55_02_Wyoming.ndpi.ndpa,30,pol,5105840,1265132,7438,173804981.87874776
USNMPAL_792715_D1298_L_2024_01_25_14_55_02_Wyoming.ndpi.ndpa,31,fun,4870509,1422727,9769,299812745.82498264
USNMPAL_792715_D1298_L_2024_01_25_14_55_02_Wyoming.ndpi.ndpa,32,pol,4128903,1370928,17866,1002777387.2398636
USNMPAL_792715_D1298_L_2024_01_25_14_55_02_Wyoming.ndpi.ndpa,33,pol,4137743,1385969,10583,351858028.4852723
USNMPAL_792715_D1298_L_2024_01_25_14_55_02_Wyoming.ndpi.ndpa,34,pol,3974280,1497591,8236,213099557.83413616
USNMPAL_792715_D1298_L_2024_01_25_14_55_02_Wyoming.ndpi.ndpa,35,pol,5189297,1674259,15289,734358344.3243474
USNMPAL_792715_D1298_L_2024_01_25_14_55_02_Wyoming.ndpi.ndpa,36,paly,4842393,1638107,22404,1576888553.5342205
USNMPAL_792715_D1298_L_2024_01_25_14_55_02_Wyoming.ndpi.ndpa,37,pol,4384362,1762711,20532,1324379299.2234976
USNMPAL_792715_D1298_L_2024_01_25_14_55_02_Wyoming.ndpi.ndpa,38,pol,3895084,2043349,12115,461101685.40368176
USNMPAL_792715_D1298_L_2024_01_25_14_55_02_Wyoming.ndpi.ndpa,39,fun,4652188,2059344,16579,863508338.6674808
USNMPAL_792715_D1298_L_2024_01_25_14_55_02_Wyoming.ndpi.ndpa,40,pol,5634557,-4987672,13260,552378696.4583247
USNMPAL_792715_D1298_L_2024_01_25_14_55_02_Wyoming.ndpi.ndpa,41,spo,5639250,-5003807,21708,1480435526.6801538
USNMPAL_792715_D1298_L_2024_01_25_14_55_02_Wyoming.ndpi.ndpa,42,fun,5808834,-5039968,11525,417284007.7084728
USNMPAL_792715_D1298_L_2024_01_25_14_55_02_Wyoming.ndpi.ndpa,43,pol,5775075,-4833875,16074,811704214.0840588
USNMPAL_792715_D1298_L_2024_01_25_14_55_02_Wyoming.ndpi.ndpa,44,pol,5755964,-4849782,15203,726120108.209727
USNMPAL_792715_D1298_L_2024_01_25_14_55_02_Wyoming.ndpi.ndpa,45,pol,4761917,-4896241,16507,856024461.7808404
USNMPAL_792715_D1298_L_2024_01_25_14_55_02_Wyoming.ndpi.ndpa,46,spo,5131869,-4786409,33229,3468841179.3859878
USNMPAL_792715_D1298_L_2024_01_25_14_55_02_Wyoming.ndpi.ndpa,47,fun,5924657,-4686966,10879,371815787.4985501
USNMPAL_792715_D1298_L_2024_01_25_14_55_02_Wyoming.ndpi.ndpa,48,fun,4175716,-4574136,17103,918955463.5167836
USNMPAL_792715_D1298_L_2024_01_25_14_55_02_Wyoming.ndpi.ndpa,49,pol,4151342,-4674608,10284,332256899.9284373
USNMPAL_792715_D1298_L_2024_01_25_14_55_02_Wyoming.ndpi.ndpa,50,pol,4376540,-4479845,14199,633381524.5800766
USNMPAL_792715_D1298_L_2024_01_25_14_55_02_Wyoming.ndpi.ndpa,51,fun,4981414,-4547818,13083,537730357.8349124
USNMPAL_792715_D1298_L_2024_01_25_14_55_02_Wyoming.ndpi.ndpa,52,spo,5920194,-4487947,32701,3359479071.858167
USNMPAL_792715_D1298_L_2024_01_25_14_55_02_Wyoming.ndpi.ndpa,53,fun,5879275,-4427646,18783,1108357309.3808787
USNMPAL_792715_D1298_L_2024_01_25_14_55_02_Wyoming.ndpi.ndpa,54,pol,4382880,-4320995,15879,792129468.6223285
USNMPAL_792715_D1298_L_2024_01_25_14_55_02_Wyoming.ndpi.ndpa,55,pol,5224395,-4318707,10853,370040687.118307
USNMPAL_792715_D1298_L_2024_01_25_14_55_02_Wyoming.ndpi.ndpa,56,pol,5220848,-4330836,10234,329033940.0251195
USNMPAL_792715_D1298_L_2024_01_25_14_55_02_Wyoming.ndpi.ndpa,57,pol,5467443,-4262406,12589,497888780.33305156
USNMPAL_792715_D1298_L_2024_01_25_14_55_02_Wyoming.ndpi.ndpa,58,pol,5466871,-4327976,11822,439067996.52243096
USNMPAL_792715_D1298_L_2024_01_25_14_55_02_Wyoming.ndpi.ndpa,59,paly,5786472,-4256456,14082,622986380.9052444
USNMPAL_792715_D1298_L_2024_01_25_14_55_02_Wyoming.ndpi.ndpa,60,pol,5807414,-4166398,10914,374212053.003039
USNMPAL_792715_D1298_L_2024_01_25_14_55_02_Wyoming.ndpi.ndpa,61,paly,5850898,-4187911,28300,2516070140.3335295
USNMPAL_792715_D1298_L_2024_01_25_14_55_02_Wyoming.ndpi.ndpa,62,paly,4990503,-4204961,18694,1097878674.7396848
USNMPAL_792715_D1298_L_2024_01_25_14_55_02_Wyoming.ndpi.ndpa,63,pol,4777435,-4152437,16391,844035616.427176
USNMPAL_792715_D1298_L_2024_01_25_14_55_02_Wyoming.ndpi.ndpa,64,pol,4198993,-4051279,14577,667553658.3155632
USNMPAL_792715_D1298_L_2024_01_25_14_55_02_Wyoming.ndpi.ndpa,65,fun,4960636,-4032627,8446,224105248.05004498
USNMPAL_792715_D1298_L_2024_01_25_14_55_02_Wyoming.ndpi.ndpa,66,pol,5364915,-4031597,14260,638835326.2851158
USNMPAL_792715_D1298_L_2024_01_25_14_55_02_Wyoming.ndpi.ndpa,67,pol,5381279,-4038119,9270,269966167.34166634
USNMPAL_792715_D1298_L_2024_01_25_14_55_02_Wyoming.ndpi.ndpa,68,pol,4299805,-3919338,14745,683029445.3200412
USNMPAL_792715_D1298_L_2024_01_25_14_55_02_Wyoming.ndpi.ndpa,69,pol,4285501,-3963166,17256,935470586.7604414
USNMPAL_792715_D1298_L_2024_01_25_14_55_02_Wyoming.ndpi.ndpa,70,pol,4745874,-3797696,17451,956732461.724929
USNMPAL_792715_D1298_L_2024_01_25_14_55_02_Wyoming.ndpi.ndpa,71,pol,5568165,-3719768,26328,2177637623.2303715
USNMPAL_792715_D1298_L_2024_01_25_14_55_02_Wyoming.ndpi.ndpa,72,spo,4599084,-3650079,39185,4823803129.109945
USNMPAL_792715_D1298_L_2024_01_25_14_55_02_Wyoming.ndpi.ndpa,73,pol,5452959,-3619846,12800,514718540.3641517
USNMPAL_792715_D1298_L_2024_01_25_14_55_02_Wyoming.ndpi.ndpa,74,paly,5713398,-3595587,32169,3251060070.4449544
USNMPAL_792715_D1298_L_2024_01_25_14_55_02_Wyoming.ndpi.ndpa,75,pol,4137019,-3516629,11215,395137664.45625687
USNMPAL_792715_D1298_L_2024_01_25_14_55_02_Wyoming.ndpi.ndpa,76,fun,4938977,824198,14311,643413006.9141072
USNMPAL_792715_D1298_L_2024_01_25_14_55_02_Wyoming.ndpi.ndpa,77,paly,3628700,614429,14823,690274913.023386
USNMPAL_792715_D1298_L_2024_01_25_14_55_02_Wyoming.ndpi.ndpa,78,paly,5117282,-4552098,27181,2321029892.7800703
USNMPAL_792715_D1298_L_2024_01_25_14_55_02_Wyoming.ndpi.ndpa,79,alg,3737247,745621,19167,1154139110.803112
USNMPAL_792715_D1298_L_2024_01_25_14_55_02_Wyoming.ndpi.ndpa,80,pol,4953486,865822,12153,463998811.8833398
USNMPAL_792715_D1298_L_2024_01_25_14_55_02_Wyoming.ndpi.ndpa,81,alg,4999829,808606,14876,695219927.514991
USNMPAL_792715_D1298_L_2024_01_25_14_55_02_Wyoming.ndpi.ndpa,82,alg,3680383,1405771,24590,1899620860.8200984
USNMPAL_792715_D1298_L_2024_01_25_14_55_02_Wyoming.ndpi.ndpa,83,paly,5720882,-4858684,16887,895890392.9089519
USNMPAL_792715_D1298_L_2024_01_25_14_55_02_Wyoming.ndpi.ndpa,84,fun,5855936,-4243925,12099,459884557.0114574
USNMPAL_792733_D1388_L_2024_01_22_11_09_00_S_Dakota.ndpi.ndpa,2,spo,9982261,5489277,18372,1060382974.7377418
USNMPAL_792733_D1388_L_2024_01_22_11_09_00_S_Dakota.ndpi.ndpa,3,pol,8928895,4598654,13882,605416081.5122473
USNMPAL_792733_D1388_L_2024_01_22_11_09_00_S_Dakota.ndpi.ndpa,4,pol,9023863,4654895,10488,345569361.0989122
USNMPAL_792733_D1388_L_2024_01_22_11_09_00_S_Dakota.ndpi.ndpa,5,pol,9426714,4585011,10126,322125954.770994
USNMPAL_792733_D1388_L_2024_01_22_11_09_00_S_Dakota.ndpi.ndpa,6,pol,9379909,4594349,10362,337316083.0386664
USNMPAL_792733_D1388_L_2024_01_22_11_09_00_S_Dakota.ndpi.ndpa,7,paly,9479611,4649607,14309,643233182.1506157
USNMPAL_792733_D1388_L_2024_01_22_11_09_00_S_Dakota.ndpi.ndpa,8,paly,9505128,4602111,16107,815040500.6591694
USNMPAL_792733_D1388_L_2024_01_22_11_09_00_S_Dakota.ndpi.ndpa,9,pol,10269739,4540175,10153,323846080.42139196
USNMPAL_792733_D1388_L_2024_01_22_11_09_00_S_Dakota.ndpi.ndpa,10,paly,10224676,4528976,16371,841977119.2568378
USNMPAL_792733_D1388_L_2024_01_22_11_09_00_S_Dakota.ndpi.ndpa,11,paly,10251607,4512710,15093,715650562.1960799
USNMPAL_792733_D1388_L_2024_01_22_11_09_00_S_Dakota.ndpi.ndpa,12,pol,10607016,4538042,16280,832642690.359193
USNMPAL_792733_D1388_L_2024_01_22_11_09_00_S_Dakota.ndpi.ndpa,13,paly,10492697,4422490,17116,920352991.583955
USNMPAL_792733_D1388_L_2024_01_22_11_09_00_S_Dakota.ndpi.ndpa,14,paly,10357472,4833563,13596,580727222.19274
USNMPAL_792733_D1388_L_2024_01_22_11_09_00_S_Dakota.ndpi.ndpa,15,spo,10401470,4768500,13669,586980075.4228492
USNMPAL_792733_D1388_L_2024_01_22_11_09_00_S_Dakota.ndpi.ndpa,16,paly,10428666,4855429,13517,573998160.0650144
USNMPAL_792733_D1388_L_2024_01_22_11_09_00_S_Dakota.ndpi.ndpa,17,pol,10422534,4819964,10355,336860492.4136355
USNMPAL_792733_D1388_L_2024_01_22_11_09_00_S_Dakota.ndpi.ndpa,18,paly,10026617,4825563,16834,890275697.6777518
USNMPAL_792733_D1388_L_2024_01_22_11_09_00_S_Dakota.ndpi.ndpa,19,pol,9777812,4852494,15273,732822130.6494832
USNMPAL_792733_D1388_L_2024_01_22_11_09_00_S_Dakota.ndpi.ndpa,20,din,9803410,4694906,19155,1152694405.4390616
USNMPAL_792733_D1388_L_2024_01_22_11_09_00_S_Dakota.ndpi.ndpa,21,paly,9599179,4770634,15981,802338765.1005524
USNMPAL_792733_D1388_L_2024_01_22_11_09_00_S_Dakota.ndpi.ndpa,22,pol,9549317,4723169,14570,666912682.3080438
USNMPAL_792733_D1388_L_2024_01_22_11_09_00_S_Dakota.ndpi.ndpa,23,paly,9394832,4824496,13546,576463766.8025533
USNMPAL_792733_D1388_L_2024_01_22_11_09_00_S_Dakota.ndpi.ndpa,24,paly,9408700,4829031,13015,532155086.4499221
USNMPAL_792733_D1388_L_2024_01_22_11_09_00_S_Dakota.ndpi.ndpa,25,alg,9019147,4798097,17493,961343213.8997847
USNMPAL_792733_D1388_L_2024_01_22_11_09_00_S_Dakota.ndpi.ndpa,26,paly,8847751,4957601,21567,1461266235.166296
USNMPAL_792733_D1388_L_2024_01_22_11_09_00_S_Dakota.ndpi.ndpa,27,paly,9270654,5091327,10215,327813333.8898276
USNMPAL_792733_D1388_L_2024_01_22_11_09_00_S_Dakota.ndpi.ndpa,28,paly,9376080,5013446,15688,773187873.4608176
USNMPAL_792733_D1388_L_2024_01_22_11_09_00_S_Dakota.ndpi.ndpa,29,paly,9311361,5110861,14883,695874362.1054382
USNMPAL_792733_D1388_L_2024_01_22_11_09_00_S_Dakota.ndpi.ndpa,30,pol,9350426,4902759,14238,636865685.9213917
USNMPAL_792733_D1388_L_2024_01_22_11_09_00_S_Dakota.ndpi.ndpa,31,paly,9554658,4950339,11984,451183774.78567106
USNMPAL_792733_D1388_L_2024_01_22_11_09_00_S_Dakota.ndpi.ndpa,32,pol,10426918,5031977,10520,347681315.60984385
USNMPAL_792733_D1388_L_2024_01_22_11_09_00_S_Dakota.ndpi.ndpa,33,paly,10625005,5068038,13350,559902496.7044069
USNMPAL_792733_D1388_L_2024_01_22_11_09_00_S_Dakota.ndpi.ndpa,34,paly,10387447,5162662,13821,600107157.494021
USNMPAL_792733_D1388_L_2024_01_22_11_09_00_S_Dakota.ndpi.ndpa,35,pol,10100204,5122786,12141,463082949.6602241
USNMPAL_792733_D1388_L_2024_01_22_11_09_00_S_Dakota.ndpi.ndpa,36,paly,10092697,5236558,17141,923043530.0723057
USNMPAL_792733_D1388_L_2024_01_22_11_09_00_S_Dakota.ndpi.ndpa,37,paly,10039567,5258792,10589,352257111.2832431
USNMPAL_792733_D1388_L_2024_01_22_11_09_00_S_Dakota.ndpi.ndpa,38,paly,9403881,5322318,9707,296019234.9966611
USNMPAL_792733_D1388_L_2024_01_22_11_09_00_S_Dakota.ndpi.ndpa,39,paly,9456570,5227501,21244,1417824439.607311
USNMPAL_792733_D1388_L_2024_01_22_11_09_00_S_Dakota.ndpi.ndpa,40,pol,9216510,5305342,13475,570436649.5709752
USNMPAL_792733_D1388_L_2024_01_22_11_09_00_S_Dakota.ndpi.ndpa,41,pol,9159092,5293114,16182,822648417.0485516
USNMPAL_792733_D1388_L_2024_01_22_11_09_00_S_Dakota.ndpi.ndpa,42,fun,9141548,5157543,16308,835509280.5582582
USNMPAL_792733_D1388_L_2024_01_22_11_09_00_S_Dakota.ndpi.ndpa,43,pol,8871692,5261591,11947,448402060.99532795
USNMPAL_792733_D1388_L_2024_01_22_11_09_00_S_Dakota.ndpi.ndpa,44,pol,8923526,5432987,18828,1113674439.2391162
USNMPAL_792733_D1388_L_2024_01_22_11_09_00_S_Dakota.ndpi.ndpa,45,spo,8917672,5553736,17953,1012567384.7713908
USNMPAL_792733_D1388_L_2024_01_22_11_09_00_S_Dakota.ndpi.ndpa,46,paly,9110920,5475213,15661,770528757.1821882
USNMPAL_792733_D1388_L_2024_01_22_11_09_00_S_Dakota.ndpi.ndpa,47,pol,9017877,5373563,9530,285322272.23241323
USNMPAL_792733_D1388_L_2024_01_22_11_09_00_S_Dakota.ndpi.ndpa,48,pol,9207190,5489464,12053,456394272.70606035
USNMPAL_792733_D1388_L_2024_01_22_11_09_00_S_Dakota.ndpi.ndpa,49,paly,9237576,5509096,14916,698963700.6484209
USNMPAL_792733_D1388_L_2024_01_22_11_09_00_S_Dakota.ndpi.ndpa,50,pol,9509004,5380016,11434,410720375.56669986
USNMPAL_792733_D1388_L_2024_01_22_11_09_00_S_Dakota.ndpi.ndpa,51,paly,9637273,5487044,17180,927248611.529396
USNMPAL_792733_D1388_L_2024_01_22_11_09_00_S_Dakota.ndpi.ndpa,52,paly,9485185,5554005,16924,899820547.3097414
USNMPAL_792733_D1388_L_2024_01_22_11_09_00_S_Dakota.ndpi.ndpa,53,paly,9544614,5439446,14623,671773445.567865
USNMPAL_792733_D1388_L_2024_01_22_11_09_00_S_Dakota.ndpi.ndpa,54,pol,9539504,5424926,13892,606288627.4558554
USNMPAL_792733_D1388_L_2024_01_22_11_09_00_S_Dakota.ndpi.ndpa,55,paly,9495403,5344520,12387,482038967.8736077
USNMPAL_792733_D1388_L_2024_01_22_11_09_00_S_Dakota.ndpi.ndpa,56,pol,9737039,5530071,12079,458365408.4678875
USNMPAL_792733_D1388_L_2024_01_22_11_09_00_S_Dakota.ndpi.ndpa,57,pol,9801577,5463649,9744,298280198.38874525
USNMPAL_792733_D1388_L_2024_01_22_11_09_00_S_Dakota.ndpi.ndpa,58,pol,9784636,5474406,14293,641795488.8213681
USNMPAL_792733_D1388_L_2024_01_22_11_09_00_S_Dakota.ndpi.ndpa,59,paly,10458790,5541366,14255,638387413.7125303
USNMPAL_792733_D1388_L_2024_01_22_11_09_00_S_Dakota.ndpi.ndpa,60,fun,10623365,5743745,33431,3511143729.7762237
USNMPAL_792733_D1388_L_2024_01_22_11_09_00_S_Dakota.ndpi.ndpa,61,paly,10413941,5764451,12776,512790155.3951546
USNMPAL_792733_D1388_L_2024_01_22_11_09_00_S_Dakota.ndpi.ndpa,62,paly,10130779,5570294,17813,996836676.3726299
USNMPAL_792733_D1388_L_2024_01_22_11_09_00_S_Dakota.ndpi.ndpa,63,spo,9963786,5751812,15157,721732685.5734297
USNMPAL_792733_D1388_L_2024_01_22_11_09_00_S_Dakota.ndpi.ndpa,64,fun,10130453,5730300,10889,372499649.3873836
USNMPAL_792733_D1388_L_2024_01_22_11_09_00_S_Dakota.ndpi.ndpa,65,spo,9653139,5647473,15522,756911721.7455404
USNMPAL_792733_D1388_L_2024_01_22_11_09_00_S_Dakota.ndpi.ndpa,66,trilete,9345275,5639174,15439,748838573.1832736
USNMPAL_792733_D1388_L_2024_01_22_11_09_00_S_Dakota.ndpi.ndpa,67,paly,9623293,5778453,11795,437064731.6925355
USNMPAL_792733_D1388_L_2024_01_22_11_09_00_S_Dakota.ndpi.ndpa,68,spo,9290950,5635180,16557,861218142.7557551
USNMPAL_792733_D1388_L_2024_01_22_11_09_00_S_Dakota.ndpi.ndpa,69,pol,9043632,5631469,18199,1040506799.7440851
USNMPAL_792733_D1388_L_2024_01_22_11_09_00_S_Dakota.ndpi.ndpa,70,paly,9120330,5668608,11989,451560341.7890936
USNMPAL_792733_D1388_L_2024_01_22_11_09_00_S_Dakota.ndpi.ndpa,71,spo,9200258,5609940,15770,781291787.6399411
USNMPAL_792733_D1388_L_2024_01_22_11_09_00_S_Dakota.ndpi.ndpa,72,pol,8962090,5697673,8113,206782044.3440308
USNMPAL_792733_D1388_L_2024_01_22_11_09_00_S_Dakota.ndpi.ndpa,73,paly,9063816,5714359,13021,532645853.4878953
USNMPAL_792733_D1388_L_2024_01_22_11_09_00_S_Dakota.ndpi.ndpa,74,pol,9202948,5795095,16370,841874260.3717667
USNMPAL_792733_D1388_L_2024_01_22_11_09_00_S_Dakota.ndpi.ndpa,75,paly,10459952,5940067,9784,300734159.2423173
USNMPAL_792733_D1388_L_2024_01_22_11_09_00_S_Dakota.ndpi.ndpa,76,pol,10449725,5904274,13498,572385627.6798166
USNMPAL_792733_D1388_L_2024_01_22_11_09_00_S_Dakota.ndpi.ndpa,77,pol,10384600,5884897,15322,737531864.9840757
USNMPAL_792733_D1388_L_2024_01_22_11_09_00_S_Dakota.ndpi.ndpa,78,pol,10138858,5942767,14467,657516772.4421684
USNMPAL_792733_D1388_L_2024_01_22_11_09_00_S_Dakota.ndpi.ndpa,79,pol,9988779,5966181,12484,489618019.30968857
USNMPAL_792733_D1388_L_2024_01_22_11_09_00_S_Dakota.ndpi.ndpa,80,pol,9840064,5736771,9797,301533861.07706654
USNMPAL_792733_D1388_L_2024_01_22_11_09_00_S_Dakota.ndpi.ndpa,81,pol,9576450,5840026,17105,919170398.7197716
USNMPAL_792733_D1388_L_2024_01_22_11_09_00_S_Dakota.ndpi.ndpa,82,paly,9032542,5879149,14263,639104149.2268908
USNMPAL_792733_D1388_L_2024_01_22_11_09_00_S_Dakota.ndpi.ndpa,83,paly,9123848,5813968,22365,1571403361.0353866
D1821_1_R_2024_01_23_15_01_49_New_Mex.ndpi.ndpa,3,spo,14371274,-8432458,15331,738398558.14057
D1821_1_R_2024_01_23_15_01_49_New_Mex.ndpi.ndpa,4,pol,14393872,-8406858,15987,802941347.7042521
D1821_1_R_2024_01_23_15_01_49_New_Mex.ndpi.ndpa,5,pol,14466062,-8473042,11391,407636980.9170178
D1821_1_R_2024_01_23_15_01_49_New_Mex.ndpi.ndpa,6,paly,15014511,-8503713,11587,421785734.05187833
D1821_1_R_2024_01_23_15_01_49_New_Mex.ndpi.ndpa,7,pol,15043797,-8521239,11604,423024297.53077817
D1821_1_R_2024_01_23_15_01_49_New_Mex.ndpi.ndpa,8,pol,15319018,-8537381,14908,698214141.7740157
D1821_1_R_2024_01_23_15_01_49_New_Mex.ndpi.ndpa,9,paly,15393963,-8572434,11812,438325512.5146815
D1821_1_R_2024_01_23_15_01_49_New_Mex.ndpi.ndpa,10,paly,15877575,-8443294,14446,655609282.2059102
D1821_1_R_2024_01_23_15_01_49_New_Mex.ndpi.ndpa,11,pol,15932918,-8330419,14542,664351857.0387673
D1821_1_R_2024_01_23_15_01_49_New_Mex.ndpi.ndpa,12,pol,15888414,-8204510,15797,783969395.3329295
D1821_1_R_2024_01_23_15_01_49_New_Mex.ndpi.ndpa,13,pol,15824888,-8233013,18039,1022291594.2111591
D1821_1_R_2024_01_23_15_01_49_New_Mex.ndpi.ndpa,14,pol,15537494,-8160039,14523,662616959.6197121
D1821_1_R_2024_01_23_15_01_49_New_Mex.ndpi.ndpa,15,paly,15519848,-8316958,15041,710727787.0388696
D1821_1_R_2024_01_23_15_01_49_New_Mex.ndpi.ndpa,16,pol,14333684,-8154552,12449,486876492.7725702
D1821_1_R_2024_01_23_15_01_49_New_Mex.ndpi.ndpa,17,pol,14486068,-8185792,13339,558980191.0747586
D1821_1_R_2024_01_23_15_01_49_New_Mex.ndpi.ndpa,18,pol,14610548,-8203680,12600,498759249.68391556
D1821_1_R_2024_01_23_15_01_49_New_Mex.ndpi.ndpa,19,paly,14725968,-8253758,13574,578849366.5999832
D1821_1_R_2024_01_23_15_01_49_New_Mex.ndpi.ndpa,20,pol,15591233,-8142391,30184,2862222932.8873253
D1821_1_R_2024_01_23_15_01_49_New_Mex.ndpi.ndpa,21,pol,15014348,-8278563,15358,741001691.2381126
D1821_1_R_2024_01_23_15_01_49_New_Mex.ndpi.ndpa,22,pol,14473944,-8017002,12365,480328232.4436513
D1821_1_R_2024_01_23_15_01_49_New_Mex.ndpi.ndpa,23,pol,14603941,-7987670,10352,336665333.53640187
D1821_1_R_2024_01_23_15_01_49_New_Mex.ndpi.ndpa,24,pol,15301734,-8069468,13251,551629115.5927708
D1821_1_R_2024_01_23_15_01_49_New_Mex.ndpi.ndpa,25,paly,15260478,-8081152,18175,1037764264.7557249
D1821_1_R_2024_01_23_15_01_49_New_Mex.ndpi.ndpa,26,pol,15538210,-7906955,14802,688320449.6937714
D1821_1_R_2024_01_23_15_01_49_New_Mex.ndpi.ndpa,27,pol,15614384,-7742338,10029,315984031.1774831
D1821_1_R_2024_01_23_15_01_49_New_Mex.ndpi.ndpa,28,pol,15440120,-7782641,11398,408138137.2018964
D1821_1_R_2024_01_23_15_01_49_New_Mex.ndpi.ndpa,29,pol,14509107,-7838444,13904,607336511.9686456
D1821_1_R_2024_01_23_15_01_49_New_Mex.ndpi.ndpa,30,pol,14298936,-7702677,14115,625909636.0110023
D1821_1_R_2024_01_23_15_01_49_New_Mex.ndpi.ndpa,31,paly,14782093,-7524078,18441,1068362924.8123473
D1821_1_R_2024_01_23_15_01_49_New_Mex.ndpi.ndpa,32,paly,14877803,-7512018,16106,814939300.5350194
D1821_1_R_2024_01_23_15_01_49_New_Mex.ndpi.ndpa,33,spo,15189239,-7543323,17601,973250327.5789733
D1821_1_R_2024_01_23_15_01_49_New_Mex.ndpi.ndpa,34,pol,15286746,-7621074,16230,827536031.5007828
D1821_1_R_2024_01_23_15_01_49_New_Mex.ndpi.ndpa,35,paly,16053514,-7328517,14091,623782953.7137107
D1821_1_R_2024_01_23_15_01_49_New_Mex.ndpi.ndpa,36,pol,15770783,-7314147,14231,636239619.9126065
D1821_1_R_2024_01_23_15_01_49_New_Mex.ndpi.ndpa,37,pol,15467142,-7202379,16345,839304830.2802119
D1821_1_R_2024_01_23_15_01_49_New_Mex.ndpi.ndpa,38,pol,15301894,-7431934,14805,688599489.0948559
D1821_1_R_2024_01_23_15_01_49_New_Mex.ndpi.ndpa,39,paly,16025344,-7158935,14628,672232919.2014158
D1821_1_R_2024_01_23_15_01_49_New_Mex.ndpi.ndpa,40,pol,21247850,-9062837,19196,1157634217.4532323
D1821_1_R_2024_01_23_15_01_49_New_Mex.ndpi.ndpa,41,pol,21329180,-9108685,16452,850329555.4060088
D1821_1_R_2024_01_23_15_01_49_New_Mex.ndpi.ndpa,42,pol,22163812,-9115538,14007,616368066.2017431
D1821_1_R_2024_01_23_15_01_49_New_Mex.ndpi.ndpa,43,pol,22265774,-9153905,11428,410289437.01922166
D1821_1_R_2024_01_23_15_01_49_New_Mex.ndpi.ndpa,44,pol,22637048,-9110829,15702,774568477.7683642
D1821_1_R_2024_01_23_15_01_49_New_Mex.ndpi.ndpa,45,paly,22747206,-9163085,16349,839715675.2010777
D1821_1_R_2024_01_23_15_01_49_New_Mex.ndpi.ndpa,46,pol,22970052,-8908413,9263,269558605.3851235
D1821_1_R_2024_01_23_15_01_49_New_Mex.ndpi.ndpa,47,paly,22776046,-8895230,11181,392745454.7478838
D1821_1_R_2024_01_23_15_01_49_New_Mex.ndpi.ndpa,48,pol,21495334,-8949607,12555,495203045.33986825
D1821_1_R_2024_01_23_15_01_49_New_Mex.ndpi.ndpa,49,pol,21401102,-8768781,13785,596984992.4494011
D1821_1_R_2024_01_23_15_01_49_New_Mex.ndpi.ndpa,50,pol,22810508,-8775164,13430,566633044.8054577
D1821_1_R_2024_01_23_15_01_49_New_Mex.ndpi.ndpa,51,pol,23014934,-8673940,11435,410792220.6490948
D1821_1_R_2024_01_23_15_01_49_New_Mex.ndpi.ndpa,52,pol,23025056,-8664035,12221,469205788.07836443
D1821_1_R_2024_01_23_15_01_49_New_Mex.ndpi.ndpa,53,paly,22372392,-8507606,15423,747287279.8636721
D1821_1_R_2024_01_23_15_01_49_New_Mex.ndpi.ndpa,54,pol,22410460,-8528510,13649,585263634.8606339
D1821_1_R_2024_01_23_15_01_49_New_Mex.ndpi.ndpa,55,paly,21879486,-8483402,17254,935253754.0354906
D1821_1_R_2024_01_23_15_01_49_New_Mex.ndpi.ndpa,56,pol,21811490,-8597389,12401,483129201.05536824
D1821_1_R_2024_01_23_15_01_49_New_Mex.ndpi.ndpa,57,paly,21545674,-8473939,18093,1028421243.6021725
D1821_1_R_2024_01_23_15_01_49_New_Mex.ndpi.ndpa,58,pol,21283156,-8528952,19300,1170211847.535662
D1821_1_R_2024_01_23_15_01_49_New_Mex.ndpi.ndpa,59,paly,21256530,-8594308,12387,482038967.8736077
D1821_1_R_2024_01_23_15_01_49_New_Mex.ndpi.ndpa,60,pol,21534230,-8309597,13623,583036019.4745677
D1821_1_R_2024_01_23_15_01_49_New_Mex.ndpi.ndpa,61,pol,21450172,-8339525,17775,992588162.3971037
D1821_1_R_2024_01_23_15_01_49_New_Mex.ndpi.ndpa,62,paly,21897310,-8424906,13234,550214629.2084553
D1821_1_R_2024_01_23_15_01_49_New_Mex.ndpi.ndpa,63,pol,21981588,-8183764,11528,417501277.11480236
D1821_1_R_2024_01_23_15_01_49_New_Mex.ndpi.ndpa,64,pol,21228584,-8221613,12713,507745363.92087156
D1821_1_R_2024_01_23_15_01_49_New_Mex.ndpi.ndpa,65,pol,21200418,-7895972,11050,383596316.98494774
D1821_1_R_2024_01_23_15_01_49_New_Mex.ndpi.ndpa,66,pol,21938018,-7862745,13188,546396299.7981704
D1821_1_R_2024_01_23_15_01_49_New_Mex.ndpi.ndpa,67,pol,22652734,-7995216,13182,545899237.0085194
D1821_1_R_2024_01_23_15_01_49_New_Mex.ndpi.ndpa,68,paly,23013614,-7840519,11819,438845185.3466604
D1821_1_R_2024_01_23_15_01_49_New_Mex.ndpi.ndpa,69,paly,23018014,-7851742,11819,438845185.3466604
D1821_1_R_2024_01_23_15_01_49_New_Mex.ndpi.ndpa,70,paly,22807208,-7847143,8271,214914597.2817844
D1821_1_R_2024_01_23_15_01_49_New_Mex.ndpi.ndpa,71,pol,22538308,-7809074,13182,545899237.0085194
D1821_1_R_2024_01_23_15_01_49_New_Mex.ndpi.ndpa,72,paly,22407160,-7770345,11565,420185582.6833283
D5609_L_2024_03_01_11_15_57_Alaska.ndpi.ndpa,2,pol,-2780843,3792922,22123,1537580672.933944
D5609_L_2024_03_01_11_15_57_Alaska.ndpi.ndpa,3,pol,-2546945,3761305,39031,4785961816.216995
D5609_L_2024_03_01_11_15_57_Alaska.ndpi.ndpa,4,pol,-2257765,3758500,15213,727075655.031243
D5609_L_2024_03_01_11_15_57_Alaska.ndpi.ndpa,5,spo,-2132609,3723568,23057,1670149976.7212446
D5609_L_2024_03_01_11_15_57_Alaska.ndpi.ndpa,6,paly,-1973814,3798786,29193,2677363431.0180535
D5609_L_2024_03_01_11_15_57_Alaska.ndpi.ndpa,7,pol,-1827311,3705661,35216,3896098455.71662
D5609_L_2024_03_01_11_15_57_Alaska.ndpi.ndpa,8,pol,-1635544,3748277,18420,1065931077.6294639
D5609_L_2024_03_01_11_15_57_Alaska.ndpi.ndpa,9,paly,-1605755,3729865,16812,887950253.0964527
D5609_L_2024_03_01_11_15_57_Alaska.ndpi.ndpa,10,pol,-1444606,4084443,18303,1052432938.9083838
D5609_L_2024_03_01_11_15_57_Alaska.ndpi.ndpa,11,spo,-1630166,4079271,21298,1425041519.879438
D5609_L_2024_03_01_11_15_57_Alaska.ndpi.ndpa,12,bipol,-1555694,4082788,69424,15141508276.048742
D5609_L_2024_03_01_11_15_57_Alaska.ndpi.ndpa,13,pol,-2647590,3992762,13438,567308311.2967908
D5609_L_2024_03_01_11_15_57_Alaska.ndpi.ndpa,14,pol,-2976035,4016170,8247,213669169.42293647
D5609_L_2024_03_01_11_15_57_Alaska.ndpi.ndpa,15,pol,-2733803,4016570,24337,1860732558.7682648
D5609_L_2024_03_01_11_15_57_Alaska.ndpi.ndpa,16,pol,-2638390,4044574,11598,422586950.1342866
D5609_L_2024_03_01_11_15_57_Alaska.ndpi.ndpa,17,pol,-2470524,4102800,13983,614257669.9207675
D5609_L_2024_03_01_11_15_57_Alaska.ndpi.ndpa,18,pol,-2349621,4042830,36676,4225847309.132361
D5609_L_2024_03_01_11_15_57_Alaska.ndpi.ndpa,19,paly,-2294145,4172310,20444,1313051067.97303
D5609_L_2024_03_01_11_15_57_Alaska.ndpi.ndpa,20,pol,-2001415,4079085,15268,732342393.7433168
D5609_L_2024_03_01_11_15_57_Alaska.ndpi.ndpa,21,pol,-2040676,4134385,15374,742546450.0449945
D5609_L_2024_03_01_11_15_57_Alaska.ndpi.ndpa,22,pol,-1873587,4150424,40166,5068355165.910503
D5609_L_2024_03_01_11_15_57_Alaska.ndpi.ndpa,23,spo,-1800746,4089610,28169,2492830400.3157506
D5609_L_2024_03_01_11_15_57_Alaska.ndpi.ndpa,24,pol,-1747438,4042998,18460,1070565555.1120396
D5609_L_2024_03_01_11_15_57_Alaska.ndpi.ndpa,25,pol,-1203088,4143407,27673,2405815723.1027174
D5609_L_2024_03_01_11_15_57_Alaska.ndpi.ndpa,26,paly,-1136094,4061709,22675,1615267534.3018687
D5609_L_2024_03_01_11_15_57_Alaska.ndpi.ndpa,27,spo,-1370323,4213074,23499,1734796891.2318373
D5609_L_2024_03_01_11_15_57_Alaska.ndpi.ndpa,28,spo,-1549279,4277063,21306,1426112275.1867464
D5609_L_2024_03_01_11_15_57_Alaska.ndpi.ndpa,29,spo,-1739090,4242813,18676,1095765451.025321
D5609_L_2024_03_01_11_15_57_Alaska.ndpi.ndpa,30,bipol,-1805584,4270881,42054,5556028866.093256
D5609_L_2024_03_01_11_15_57_Alaska.ndpi.ndpa,31,paly,-1831479,4217752,17220,931571443.0207356
D5609_L_2024_03_01_11_15_57_Alaska.ndpi.ndpa,32,bipol,-1933744,4188682,43495,5943312184.49079
D5609_L_2024_03_01_11_15_57_Alaska.ndpi.ndpa,33,spo,-2641021,4212740,21830,1497122523.316297
D5609_L_2024_03_01_11_15_57_Alaska.ndpi.ndpa,34,paly,-2702674,4229615,32484,3315040788.242205
D5609_L_2024_03_01_11_15_57_Alaska.ndpi.ndpa,35,pol,-2874105,4223767,13409,564862383.4956341
D5609_L_2024_03_01_11_15_57_Alaska.ndpi.ndpa,36,paly,-2962985,4211738,23826,1783413901.484119
D5609_L_2024_03_01_11_15_57_Alaska.ndpi.ndpa,37,pol,-2973677,4314335,16933,900777831.4319947
D5609_L_2024_03_01_11_15_57_Alaska.ndpi.ndpa,38,paly,-2640013,4436297,19554,1201215961.5401568
D5609_L_2024_03_01_11_15_57_Alaska.ndpi.ndpa,39,paly,-2557313,4338230,19833,1235738838.3874533
D5609_L_2024_03_01_11_15_57_Alaska.ndpi.ndpa,40,pol,-2560654,4436968,24224,1843493405.2321048
D5609_L_2024_03_01_11_15_57_Alaska.ndpi.ndpa,41,spo,-2085469,4404390,19285,1168393572.2475805
D5609_L_2024_03_01_11_15_57_Alaska.ndpi.ndpa,42,bipol,-2227810,4406395,47344,7041736475.334588
D5609_L_2024_03_01_11_15_57_Alaska.ndpi.ndpa,43,pol,-2176921,4440783,37123,4329482648.252657
D5609_L_2024_03_01_11_15_57_Alaska.ndpi.ndpa,44,pol,-1850387,4430217,22115,1536468850.727468
D5609_L_2024_03_01_11_15_57_Alaska.ndpi.ndpa,45,paly,-1445032,4329591,21946,1513075581.0767083
D5609_L_2024_03_01_11_15_57_Alaska.ndpi.ndpa,46,pol,-1489139,4438268,8552,229765731.99417123
D5609_L_2024_03_01_11_15_57_Alaska.ndpi.ndpa,47,pol,-1481257,4438100,6322,125562182.43539831
D5609_L_2024_03_01_11_15_57_Alaska.ndpi.ndpa,48,pol,-1482096,4445815,7165,161280648.91568628
D5609_L_2024_03_01_11_15_57_Alaska.ndpi.ndpa,49,paly,-1340547,4468288,26029,2128456797.6277351
D5609_L_2024_03_01_11_15_57_Alaska.ndpi.ndpa,50,pol,-1154612,4409128,14503,660793202.2524502
D5609_L_2024_03_01_11_15_57_Alaska.ndpi.ndpa,51,paly,-1154822,4471534,16700,876158775.1596574
D5609_L_2024_03_01_11_15_57_Alaska.ndpi.ndpa,52,bipol,-1124986,4524914,33166,3455700258.599177
D5609_L_2024_03_01_11_15_57_Alaska.ndpi.ndpa,53,din,-1482410,4573662,20983,1383200170.9987125
D5609_L_2024_03_01_11_15_57_Alaska.ndpi.ndpa,54,paly,-1556370,4511467,24622,1904568190.6654892
D5609_L_2024_03_01_11_15_57_Alaska.ndpi.ndpa,55,paly,-1562254,4474065,17602,973360921.0651577
D5609_L_2024_03_01_11_15_57_Alaska.ndpi.ndpa,56,paly,-2571502,4555172,17559,968611074.8755642
D5609_L_2024_03_01_11_15_57_Alaska.ndpi.ndpa,57,pol,-2611004,4505794,14673,676375250.4868432
D5609_L_2024_03_01_11_15_57_Alaska.ndpi.ndpa,58,pol,-2907502,4757320,10871,371269150.3768255
D5609_L_2024_03_01_11_15_57_Alaska.ndpi.ndpa,59,pol,-2733946,4806909,13633,583892291.9682301
D5609_L_2024_03_01_11_15_57_Alaska.ndpi.ndpa,60,paly,-2355075,4647847,20797,1358786603.160254
D5609_L_2024_03_01_11_15_57_Alaska.ndpi.ndpa,61,pol,-2235309,4768246,12425,485001037.35660076
D5609_L_2024_03_01_11_15_57_Alaska.ndpi.ndpa,62,bipol,-1830591,4726012,34499,3739063889.1837463
D5609_L_2024_03_01_11_15_57_Alaska.ndpi.ndpa,63,pol,-1735190,4740510,14472,657971345.1911795
D5609_L_2024_03_01_11_15_57_Alaska.ndpi.ndpa,64,paly,-1472321,4724751,16266,831211242.5161407
D5609_L_2024_03_01_11_15_57_Alaska.ndpi.ndpa,65,pol,-1367893,4702899,11223,395701592.9039469
D5609_L_2024_03_01_11_15_57_Alaska.ndpi.ndpa,66,paly,-1194956,4878147,16653,871234042.790224
D5609_L_2024_03_01_11_15_57_Alaska.ndpi.ndpa,67,paly,-1462663,4830029,20961,1380301209.8289447
D5609_L_2024_03_01_11_15_57_Alaska.ndpi.ndpa,68,spo,-1552595,4845788,17952,1012454585.8871636
D5609_L_2024_03_01_11_15_57_Alaska.ndpi.ndpa,69,paly,-1592910,4906319,19277,1167424403.4803188
D5609_L_2024_03_01_11_15_57_Alaska.ndpi.ndpa,70,paly,-2164328,4857251,39380,4871932878.341655
D5609_L_2024_03_01_11_15_57_Alaska.ndpi.ndpa,71,bipol,-2267277,4794700,47688,7144438305.905833
D5609_L_2024_03_01_11_15_57_Alaska.ndpi.ndpa,72,paly,-2396072,4851387,62924,12438915496.68628
D5609_L_2024_03_01_11_15_57_Alaska.ndpi.ndpa,73,pol,-2562442,4746049,20287,1292961314.9444115
D5609_L_2024_03_01_11_15_57_Alaska.ndpi.ndpa,74,pol,-2653009,4862898,16406,845581138.6410728
D5609_L_2024_03_01_11_15_57_Alaska.ndpi.ndpa,75,paly,-2917550,4889396,19577,1204043435.769092
D5609_L_2024_03_01_11_15_57_Alaska.ndpi.ndpa,76,bipol,-2517483,4949562,52315,8598096835.169455
D5609_L_2024_03_01_11_15_57_Alaska.ndpi.ndpa,77,bipol,-2464923,5008856,52889,8787808492.334677
D5609_L_2024_03_01_11_15_57_Alaska.ndpi.ndpa,78,paly,-2340684,4939137,15505,755254660.4260706
D5609_L_2024_03_01_11_15_57_Alaska.ndpi.ndpa,79,bipol,-2190824,4984965,39013,4781548531.989974
D5609_L_2024_03_01_11_15_57_Alaska.ndpi.ndpa,80,spo,-1954303,5017978,22397,1575903328.086906
D5609_L_2024_03_01_11_15_57_Alaska.ndpi.ndpa,81,pol,-2094823,5008639,14277,640359403.9875592
D5609_L_2024_03_01_11_15_57_Alaska.ndpi.ndpa,82,pol,-1691282,4897002,21476,1448960890.0607457
D5609_L_2024_03_01_11_15_57_Alaska.ndpi.ndpa,83,bipol,-1341382,5050340,30039,2834789493.40264
D5609_L_2024_03_01_11_15_57_Alaska.ndpi.ndpa,84,pol,-1291212,5055986,17080,916485515.0981975
D5609_L_2024_03_01_11_15_57_Alaska.ndpi.ndpa,85,bipol,-1141135,4993870,72113,16337176426.865294
D5609_L_2024_03_01_11_15_57_Alaska.ndpi.ndpa,86,bipol,-1683245,5169583,49286,7631273489.876601
D5609_L_2024_03_01_11_15_57_Alaska.ndpi.ndpa,87,pol,-1964075,5206940,53128,8867410364.91167
D5609_L_2024_03_01_11_15_57_Alaska.ndpi.ndpa,88,pol,-2671036,5145257,16290,833665907.0864673
D5609_L_2024_03_01_11_15_57_Alaska.ndpi.ndpa,89,pol,-2866292,5191736,14642,673520281.0390037
D5609_L_2024_03_01_11_15_57_Alaska.ndpi.ndpa,90,bipol,-2858255,5241907,67869,14470807728.354376
USNMPAL_793472_D3916_R_2023_11_20_17_04_43_Alaska.ndpi.ndpa,3,pol,20668680,1187172,21560,1460317822.9016964
USNMPAL_793472_D3916_R_2023_11_20_17_04_43_Alaska.ndpi.ndpa,4,spo,20802284,1093714,20866,1367817887.2163832
USNMPAL_793472_D3916_R_2023_11_20_17_04_43_Alaska.ndpi.ndpa,5,spo,20535252,1320905,18002,1018102227.000522
USNMPAL_793472_D3916_R_2023_11_20_17_04_43_Alaska.ndpi.ndpa,6,paly,20666988,1246346,17685,982562083.6024371
USNMPAL_793472_D3916_R_2023_11_20_17_04_43_Alaska.ndpi.ndpa,7,calamuspollenites?,20976400,1135878,10084,319459308.0947739
USNMPAL_793472_D3916_R_2023_11_20_17_04_43_Alaska.ndpi.ndpa,8,pol,20822120,1210647,16680,874061447.9041208
USNMPAL_793472_D3916_R_2023_11_20_17_04_43_Alaska.ndpi.ndpa,9,paly,20853832,1207561,18932,1126011599.2534695
USNMPAL_793472_D3916_R_2023_11_20_17_04_43_Alaska.ndpi.ndpa,10,spo,20231146,845477,27401,2358754263.0280824
USNMPAL_793472_D3916_R_2023_11_20_17_04_43_Alaska.ndpi.ndpa,11,pol,19870320,1322476,16269,831517877.6670943
USNMPAL_793472_D3916_R_2023_11_20_17_04_43_Alaska.ndpi.ndpa,12,pol,19900072,1485060,21966,1515834653.408797
USNMPAL_793472_D3916_R_2023_11_20_17_04_43_Alaska.ndpi.ndpa,13,pol,19707810,1396422,17134,922289783.4548931
USNMPAL_793472_D3916_R_2023_11_20_17_04_43_Alaska.ndpi.ndpa,14,spo,19541964,1323978,18688,1097174040.640226
USNMPAL_793472_D3916_R_2023_11_20_17_04_43_Alaska.ndpi.ndpa,15,pol,19738180,1342241,18222,1043138458.502922
USNMPAL_793472_D3916_R_2023_11_20_17_04_43_Alaska.ndpi.ndpa,16,pol,19474526,1481318,17465,958268147.6122273
USNMPAL_793472_D3916_R_2023_11_20_17_04_43_Alaska.ndpi.ndpa,17,pol,20149302,1285040,17224,932004279.0901766
USNMPAL_793472_D3916_R_2023_11_20_17_04_43_Alaska.ndpi.ndpa,18,pol,20178236,1192825,16663,872280695.7986939
USNMPAL_793472_D3916_R_2023_11_20_17_04_43_Alaska.ndpi.ndpa,19,spo,20547464,1850315,26398,2189232676.2280936
USNMPAL_793472_D3916_R_2023_11_20_17_04_43_Alaska.ndpi.ndpa,20,paly,20719252,1849981,16723,878573808.5386589
USNMPAL_793472_D3916_R_2023_11_20_17_04_43_Alaska.ndpi.ndpa,21,pol,20731986,2309254,17017,909737025.361502
USNMPAL_793472_D3916_R_2023_11_20_17_04_43_Alaska.ndpi.ndpa,22,pol,20599430,2177134,17839,999748781.9660603
USNMPAL_793472_D3916_R_2023_11_20_17_04_43_Alaska.ndpi.ndpa,23,spo,19778984,2240105,23191,1689619155.2450361
USNMPAL_793472_D3916_R_2023_11_20_17_04_43_Alaska.ndpi.ndpa,24,pol,19800550,2017724,17085,917022177.6632469
USNMPAL_793472_D3916_R_2023_11_20_17_04_43_Alaska.ndpi.ndpa,25,pol,20076504,2169156,16181,822546745.6855034
USNMPAL_793472_D3916_R_2023_11_20_17_04_43_Alaska.ndpi.ndpa,26,pol,20342802,1809385,18411,1064889705.6382446
USNMPAL_793472_D3916_R_2023_11_20_17_04_43_Alaska.ndpi.ndpa,27,pol,19492904,813367,14374,649090351.7860053
USNMPAL_793472_D3916_R_2023_11_20_17_04_43_Alaska.ndpi.ndpa,28,pol,19624936,952438,17650,978676797.4279263
USNMPAL_793472_D3916_R_2023_11_20_17_04_43_Alaska.ndpi.ndpa,29,pol,19628668,807771,14557,665723115.1081694
USNMPAL_793472_D3916_R_2023_11_20_17_04_43_Alaska.ndpi.ndpa,30,paly,20101576,824059,16150,819398049.8909239
USNMPAL_793472_D3916_R_2023_11_20_17_04_43_Alaska.ndpi.ndpa,31,pol,19936428,913074,16053,809584685.1932392
USNMPAL_793472_D3916_R_2023_11_20_17_04_43_Alaska.ndpi.ndpa,32,paly,20550876,981223,15308,736184687.2223632
USNMPAL_793472_D3916_R_2023_11_20_17_04_43_Alaska.ndpi.ndpa,33,spo,20851852,813514,22776,1629689175.599398
USNMPAL_793472_D3916_R_2023_11_20_17_04_43_Alaska.ndpi.ndpa,34,paly,21128124,1215281,21018,1387818422.1552324
USNMPAL_793472_D3916_R_2023_11_20_17_04_43_Alaska.ndpi.ndpa,35,pol,21027444,1203502,14390,650536188.1234109
USNMPAL_793472_D3916_R_2023_11_20_17_04_43_Alaska.ndpi.ndpa,36,paly,20807296,1068325,11782,436101830.40261763
USNMPAL_793472_D3916_R_2023_11_20_17_04_43_Alaska.ndpi.ndpa,37,pol,20270218,1084123,13598,580898087.1339835
USNMPAL_793472_D3916_R_2023_11_20_17_04_43_Alaska.ndpi.ndpa,38,pol,19478448,1235732,17839,999748781.9660603
USNMPAL_793472_D3916_R_2023_11_20_17_04_43_Alaska.ndpi.ndpa,40,paly,19811114,1557658,17792,994487691.8375775
USNMPAL_793472_D3916_R_2023_11_20_17_04_43_Alaska.ndpi.ndpa,41,paly,20268386,1373777,17298,940029879.6476314
USNMPAL_793472_D3916_R_2023_11_20_17_04_43_Alaska.ndpi.ndpa,42,pol,20925982,1345256,17114,920137918.1508904
USNMPAL_793472_D3916_R_2023_11_20_17_04_43_Alaska.ndpi.ndpa,43,pol,20892698,1654115,18492,1074280375.327574
USNMPAL_793472_D3916_R_2023_11_20_17_04_43_Alaska.ndpi.ndpa,44,pol,21050250,1765889,14166,630440852.4846472
USNMPAL_793472_D3916_R_2023_11_20_17_04_43_Alaska.ndpi.ndpa,45,paly,20507382,1666145,15016,708367115.7791458
USNMPAL_793472_D3916_R_2023_11_20_17_04_43_Alaska.ndpi.ndpa,46,pol,20381304,1536611,16247,829270533.0791637
USNMPAL_793472_D3916_R_2023_11_20_17_04_43_Alaska.ndpi.ndpa,47,paly,19945782,1859427,20010,1257894012.6566186
USNMPAL_793472_D3916_R_2023_11_20_17_04_43_Alaska.ndpi.ndpa,48,paly,20123390,1720526,14084,623163353.1026064
USNMPAL_793472_D3916_R_2023_11_20_17_04_43_Alaska.ndpi.ndpa,49,pol,19791594,1818925,15750,779311327.631118
USNMPAL_793472_D3916_R_2023_11_20_17_04_43_Alaska.ndpi.ndpa,50,pol,19603786,1682943,11617,423972659.52989525
USNMPAL_793472_D3916_R_2023_11_20_17_04_43_Alaska.ndpi.ndpa,51,spo,19551972,1700628,10504,346624534.1066587
USNMPAL_793472_D3916_R_2023_11_20_17_04_43_Alaska.ndpi.ndpa,52,pol,19508114,1917700,18019,1020026003.2530963
USNMPAL_793472_D3916_R_2023_11_20_17_04_43_Alaska.ndpi.ndpa,53,paly,19630696,2211142,15326,737916999.1106645
USNMPAL_793472_D3916_R_2023_11_20_17_04_43_Alaska.ndpi.ndpa,54,pol,19576174,1959703,14326,644762493.74642
USNMPAL_793472_D3916_R_2023_11_20_17_04_43_Alaska.ndpi.ndpa,55,paly,20434632,2157567,16925,899926887.0794727
USNMPAL_793472_D3916_R_2023_11_20_17_04_43_Alaska.ndpi.ndpa,56,pol,20461828,2120658,19429,1185907373.2382956
USNMPAL_793472_D3916_R_2023_11_20_17_04_43_Alaska.ndpi.ndpa,57,spo,19357754,2295492,24917,1950479441.4130137
USNMPAL_793472_D3916_R_2023_11_20_17_04_43_Alaska.ndpi.ndpa,58,paly,20062968,2157792,20490,1318966573.8424041
USNMPAL_793472_D3916_R_2023_11_20_17_04_43_Alaska.ndpi.ndpa,59,paly,19570506,2275338,11543,418588472.37646693
USNMPAL_793472_D3916_R_2023_11_20_17_04_43_Alaska.ndpi.ndpa,60,din,19373570,2049038,17309,941225811.714222
USNMPAL_793472_D3916_R_2023_11_20_17_04_43_Alaska.ndpi.ndpa,61,pol,19387596,1811938,11521,416994403.13129425
USNMPAL_793472_D3916_R_2023_11_20_17_04_43_Alaska.ndpi.ndpa,62,pol,21068486,794752,20899,1372147771.58323
USNMPAL_793472_D3916_R_2023_11_20_17_04_43_Alaska.ndpi.ndpa,63,paly,19555484,952595,11350,404707819.61707115
USNMPAL_793472_D3916_R_2023_11_20_17_04_43_Alaska.ndpi.ndpa,64,paly,19366324,1017779,17104,919062927.9766849
USNMPAL_793472_D3916_R_2023_11_20_17_04_43_Alaska.ndpi.ndpa,65,paly,19415612,1035153,12035,455032128.3969463
USNMPAL_793472_D3916_R_2023_11_20_17_04_43_Alaska.ndpi.ndpa,66,paly,20790160,1002130,16599,865592973.8886969
USNMPAL_793472_D3916_R_2023_11_20_17_04_43_Alaska.ndpi.ndpa,67,paly,19906156,1089345,11448,411726778.49009204
USNMPAL_793472_D3916_R_2023_11_20_17_04_43_Alaska.ndpi.ndpa,68,pol,19779304,1204345,12739,509824319.1425699
USNMPAL_793472_D3916_R_2023_11_20_17_04_43_Alaska.ndpi.ndpa,69,pol,19551970,1089166,15232,728892925.0096753
USNMPAL_793472_D3916_R_2023_11_20_17_04_43_Alaska.ndpi.ndpa,70,pol,19467292,1193401,15106,716883910.6311747
USNMPAL_793472_D3916_R_2023_11_20_17_04_43_Alaska.ndpi.ndpa,71,pol,20311816,1417633,11214,395067201.6746295
USNMPAL_793472_D3916_R_2023_11_20_17_04_43_Alaska.ndpi.ndpa,72,paly,20204824,1401040,18212,1041993850.6355132
USNMPAL_793472_D3916_R_2023_11_20_17_04_43_Alaska.ndpi.ndpa,73,pol,20283304,2048157,12600,498759249.68391556
USNMPAL_793472_D3916_R_2023_11_20_17_04_43_Alaska.ndpi.ndpa,74,pol,20255956,2044724,10696,359412072.8438306
USNMPAL_793472_D3916_R_2023_11_20_17_04_43_Alaska.ndpi.ndpa,75,pol,20886186,1958295,12527,492996717.38562274
USNMPAL_793472_D3916_R_2023_11_20_17_04_43_Alaska.ndpi.ndpa,76,pol,20852888,1999376,13298,555549204.3306981
USNMPAL_793472_D3916_R_2023_11_20_17_04_43_Alaska.ndpi.ndpa,77,paly,20083424,1317109,13824,600367705.4807465
USNMPAL_793472_D3916_R_2023_11_20_17_04_43_Alaska.ndpi.ndpa,78,pol,20713736,1428218,12284,474055825.9408662
USNMPAL_793472_D3916_R_2023_11_20_17_04_43_Alaska.ndpi.ndpa,79,spo,20698216,1406878,21142,1404242165.8933752
USNMPAL_793472_D3916_R_2023_11_20_17_04_43_Alaska.ndpi.ndpa,80,pol,20117636,1531990,13413,565199438.6882524
USNMPAL_793472_D3916_R_2023_11_20_17_04_43_Alaska.ndpi.ndpa,81,pol,19546476,1692621,9246,268570093.8318935
USNMPAL_793472_D3916_R_2023_11_20_17_04_43_Alaska.ndpi.ndpa,82,paly,20751672,1677901,19274,1167061068.865153
USNMPAL_793472_D3916_R_2023_11_20_17_04_43_Alaska.ndpi.ndpa,83,paly,20837718,1749713,21117,1400923151.794674
USNMPAL_793472_D3916_R_2023_11_20_17_04_43_Alaska.ndpi.ndpa,84,pol,20661832,1869438,13043,534447267.8482049
USNMPAL_793472_D3916_R_2023_11_20_17_04_43_Alaska.ndpi.ndpa,85,pol,20453384,1801048,15229,728605836.8482122
D5410_1_L_2024_02_09_10_06_56_Utah.ndpi.ndpa,2,pol,-571190,-2943120,12686,505590944.5020413
D5410_1_L_2024_02_09_10_06_56_Utah.ndpi.ndpa,3,paly,-563001,-2976265,19067,1142127545.451377
D5410_1_L_2024_02_09_10_06_56_Utah.ndpi.ndpa,4,pol,-614191,-2542473,16967,904398831.1245222
D5410_1_L_2024_02_09_10_06_56_Utah.ndpi.ndpa,5,paly,-693426,-2539579,23331,1710080599.5252788
D5410_1_L_2024_02_09_10_06_56_Utah.ndpi.ndpa,6,paly,363920,-2322538,17476,959475621.8902272
D5410_1_L_2024_02_09_10_06_56_Utah.ndpi.ndpa,7,pol,-1322213,-2205820,13989,614784929.6990049
D5410_1_L_2024_02_09_10_06_56_Utah.ndpi.ndpa,8,pol,-256789,-2069931,10042,316803744.95743567
D5410_1_L_2024_02_09_10_06_56_Utah.ndpi.ndpa,9,paly,471457,-1850546,29773,2784806779.4167676
D5410_1_L_2024_02_09_10_06_56_Utah.ndpi.ndpa,10,pol,-239573,-1855132,12783,513352227.1615863
D5410_1_L_2024_02_09_10_06_56_Utah.ndpi.ndpa,12,pol,13063386,5122399,16096,813927644.8687104
D5410_1_L_2024_02_09_10_06_56_Utah.ndpi.ndpa,13,fun,13697498,5069199,14849,692698563.7910362
D5410_1_L_2024_02_09_10_06_56_Utah.ndpi.ndpa,14,paly,13664542,5177275,15179,723829359.3776944
D5410_1_L_2024_02_09_10_06_56_Utah.ndpi.ndpa,15,pol,14445678,5261269,10060,317940486.27684
D5410_1_L_2024_02_09_10_06_56_Utah.ndpi.ndpa,16,fun,13589754,5254577,16657,871652628.5953882
D5410_1_L_2024_02_09_10_06_56_Utah.ndpi.ndpa,17,paly,12708698,5262272,17667,980562975.0996225
D5410_1_L_2024_02_09_10_06_56_Utah.ndpi.ndpa,18,paly,12842366,5389596,16966,904292227.461008
D5410_1_L_2024_02_09_10_06_56_Utah.ndpi.ndpa,19,spo,14104759,5532148,17360,946780521.3752946
D5410_1_L_2024_02_09_10_06_56_Utah.ndpi.ndpa,20,paly,13830102,5456747,16749,881307848.6604837
D5410_1_L_2024_02_09_10_06_56_Utah.ndpi.ndpa,21,alg,13005418,5511244,23069,1671888885.9541183
D5410_1_L_2024_02_09_10_06_56_Utah.ndpi.ndpa,22,paly,12876103,5555274,16874,894511569.88444
D5410_1_L_2024_02_09_10_06_56_Utah.ndpi.ndpa,23,pol,13275502,5667613,12359,479862196.02304715
D5410_1_L_2024_02_09_10_06_56_Utah.ndpi.ndpa,24,pol,13532073,5723154,12309,475987355.64410955
D5410_1_L_2024_02_09_10_06_56_Utah.ndpi.ndpa,25,pol,13569988,5638178,12969,528400053.84842175
D5410_1_L_2024_02_09_10_06_56_Utah.ndpi.ndpa,26,alg,14216598,5611114,25289,2009153811.2980137
D5410_1_L_2024_02_09_10_06_56_Utah.ndpi.ndpa,27,pol,14391496,5771466,9892,307410068.7639368
D5410_1_L_2024_02_09_10_06_56_Utah.ndpi.ndpa,28,paly,14420303,5858218,15028,709499747.8953593
D5410_1_L_2024_02_09_10_06_56_Utah.ndpi.ndpa,29,pol,13130936,5976241,7225,163993100.0127957
D5410_1_L_2024_02_09_10_06_56_Utah.ndpi.ndpa,30,paly,13136664,5990972,12016,453596517.943628
D5410_1_L_2024_02_09_10_06_56_Utah.ndpi.ndpa,31,pol,13566332,5985597,12934,525551870.240714
D5410_1_L_2024_02_09_10_06_56_Utah.ndpi.ndpa,32,paly,13714700,5917006,19626,1210078268.7522275
D5410_1_L_2024_02_09_10_06_56_Utah.ndpi.ndpa,33,paly,13799419,5995245,17740,988683084.1888752
D5410_1_L_2024_02_09_10_06_56_Utah.ndpi.ndpa,34,pol,14070256,5918234,8709,238279375.82876855
D5410_1_L_2024_02_09_10_06_56_Utah.ndpi.ndpa,35,paly,14205306,6075570,11075,385334010.42146456
D5410_1_L_2024_02_09_10_06_56_Utah.ndpi.ndpa,36,fun,14240917,6104866,16976,905358546.8394895
D5410_1_L_2024_02_09_10_06_56_Utah.ndpi.ndpa,37,fun,14065850,6101357,9098,260040946.2375507
D5410_1_L_2024_02_09_10_06_56_Utah.ndpi.ndpa,38,fun,14079007,6082937,14364,648187520.8892167
D5410_1_L_2024_02_09_10_06_56_Utah.ndpi.ndpa,39,paly,13816806,6061185,10809,367046347.19557625
D5410_1_L_2024_02_09_10_06_56_Utah.ndpi.ndpa,40,pol,13565444,6163634,8542,229228708.1459666
D5410_1_L_2024_02_09_10_06_56_Utah.ndpi.ndpa,41,pol,13568426,6174159,10457,343529540.6968996
D5410_1_L_2024_02_09_10_06_56_Utah.ndpi.ndpa,42,pol,13298136,6066272,9615,290434664.49741626
D5410_1_L_2024_02_09_10_06_56_Utah.ndpi.ndpa,43,pol,13888544,6267116,16457,850846488.7691938
D5410_1_L_2024_02_09_10_06_56_Utah.ndpi.ndpa,44,paly,13747156,6196596,17105,919170398.7197716
D5410_1_L_2024_02_09_10_06_56_Utah.ndpi.ndpa,45,fun,14282309,6245539,9031,256225032.71201643
D5410_1_L_2024_02_09_10_06_56_Utah.ndpi.ndpa,46,paly,14379998,6166599,15152,721256592.9147414
D5410_1_L_2024_02_09_10_06_56_Utah.ndpi.ndpa,47,paly,13275680,6441823,11189,393307674.1691702
D5410_1_L_2024_02_09_10_06_56_Utah.ndpi.ndpa,48,paly,12993812,6349375,7219,163720837.02706498
D5410_1_L_2024_02_09_10_06_56_Utah.ndpi.ndpa,49,paly,12710722,6546710,12163,464762721.5529867
D5410_1_L_2024_02_09_10_06_56_Utah.ndpi.ndpa,50,paly,13579114,6480050,11793,436916523.9175098
D5410_1_L_2024_02_09_10_06_56_Utah.ndpi.ndpa,51,paly,14234237,6496365,10946,376409659.89607817
D5410_1_L_2024_02_09_10_06_56_Utah.ndpi.ndpa,52,paly,13798534,6567928,17105,919170398.7197716
D5410_1_L_2024_02_09_10_06_56_Utah.ndpi.ndpa,53,paly,13623680,6575121,13233,550131480.6756928
D5410_1_L_2024_02_09_10_06_56_Utah.ndpi.ndpa,54,fun,-1096014,-1593962,7864,194283931.11325616
D5410_1_L_2024_02_09_10_06_56_Utah.ndpi.ndpa,55,paly,-936865,-1693793,12841,518021237.03061026
D5410_1_L_2024_02_09_10_06_56_Utah.ndpi.ndpa,56,paly,-89080,-1782089,8925,250245526.31710348
D5410_1_L_2024_02_09_10_06_56_Utah.ndpi.ndpa,57,paly,-835526,-1991912,6694,140773623.26763272
D5410_1_L_2024_02_09_10_06_56_Utah.ndpi.ndpa,58,paly,-121761,-1889609,24857,1941097263.448627
D5410_1_L_2024_02_09_10_06_56_Utah.ndpi.ndpa,59,paly,312567,-1976669,17326,943075565.7606924
D5410_1_L_2024_02_09_10_06_56_Utah.ndpi.ndpa,60,paly,434229,-1916661,13404,564441205.8765305
D5410_1_L_2024_02_09_10_06_56_Utah.ndpi.ndpa,61,paly,28874,-2297720,17415,952789210.0243667
D5410_1_L_2024_02_09_10_06_56_Utah.ndpi.ndpa,62,paly,-97592,-2300055,10686,358740337.50264
D5410_1_L_2024_02_09_10_06_56_Utah.ndpi.ndpa,63,spo,-266217,-2306783,12452,487111179.1685713
D5410_1_L_2024_02_09_10_06_56_Utah.ndpi.ndpa,64,paly,-503498,-2266686,10601,353055955.4631979
D5410_1_L_2024_02_09_10_06_56_Utah.ndpi.ndpa,65,paly,-529176,-2243754,5898,109284711.25120659
D5410_1_L_2024_02_09_10_06_56_Utah.ndpi.ndpa,66,paly,-1007582,-2200773,7615,182175381.654712
D5410_1_L_2024_02_09_10_06_56_Utah.ndpi.ndpa,67,fun,-1021726,-2255564,4960,77288205.82655466
D5410_1_L_2024_02_09_10_06_56_Utah.ndpi.ndpa,68,paly,-835527,-2336993,14715,680252905.7327986
D5410_1_L_2024_02_09_10_06_56_Utah.ndpi.ndpa,69,paly,-456261,-2423504,10393,339337399.4599494
D5410_1_L_2024_02_09_10_06_56_Utah.ndpi.ndpa,70,paly,158888,-2755370,8891,248342525.41674736
D5410_1_L_2024_02_09_10_06_56_Utah.ndpi.ndpa,71,paly,-691650,-2729089,11093,386587581.28847057
D5410_1_L_2024_02_09_10_06_56_Utah.ndpi.ndpa,72,paly,-1039325,-2799945,22459,1584640323.4512103
D5410_1_L_2024_02_09_10_06_56_Utah.ndpi.ndpa,73,paly,-320456,-2878235,18233,1044398252.8649749
D5410_1_L_2024_02_09_10_06_56_Utah.ndpi.ndpa,74,paly,-119989,-2814667,15104,716694095.6030449
D5410_1_L_2024_02_09_10_06_56_Utah.ndpi.ndpa,75,paly,72211,-2849616,5954,111369823.99450599
D5410_1_L_2024_02_09_10_06_56_Utah.ndpi.ndpa,76,fun,-1212684,-3006879,7060,156588287.58846822
D5410_1_L_2024_02_09_10_06_56_Utah.ndpi.ndpa,77,paly,-1255055,-2947851,11676,428290109.47301924
D5410_1_L_2024_02_09_10_06_56_Utah.ndpi.ndpa,78,paly,-514715,-3112408,6924,150613531.28164744
D5410_1_L_2024_02_09_10_06_56_Utah.ndpi.ndpa,79,paly,-161266,-3051592,23077,1673048661.4308589
D5410_1_L_2024_02_09_10_06_56_Utah.ndpi.ndpa,80,paly,78270,-3073194,16368,841668561.4511802
USNMPAL_792723_D1366-D_2024_09_19_09_27_16_Maryland.ndpi.ndpa,2,pol,13057586,-697547,15638,768267196.8874999
USNMPAL_792723_D1366-D_2024_09_19_09_27_16_Maryland.ndpi.ndpa,3,paly,13401786,-687911,14798,687948485.1235864
USNMPAL_792723_D1366-D_2024_09_19_09_27_16_Maryland.ndpi.ndpa,4,pol,13624042,-610416,9883,306850943.8114142
USNMPAL_792723_D1366-D_2024_09_19_09_27_16_Maryland.ndpi.ndpa,5,pol,13711583,-712110,11800,437435361.0858428
USNMPAL_792723_D1366-D_2024_09_19_09_27_16_Maryland.ndpi.ndpa,6,din,13713487,-650525,50066,7874729830.265775
USNMPAL_792723_D1366-D_2024_09_19_09_27_16_Maryland.ndpi.ndpa,7,fun,13667776,-702374,12120,461482367.8934805
USNMPAL_792723_D1366-D_2024_09_19_09_27_16_Maryland.ndpi.ndpa,8,pol,13542070,-587035,14323,644492483.2826219
USNMPAL_792723_D1366-D_2024_09_19_09_27_16_Maryland.ndpi.ndpa,9,pol,13873690,-695814,14254,638297850.047569
USNMPAL_792723_D1366-D_2024_09_19_09_27_16_Maryland.ndpi.ndpa,10,pol,14132299,-676344,17781,993258377.2074499
USNMPAL_792723_D1366-D_2024_09_19_09_27_16_Maryland.ndpi.ndpa,11,pol,14079180,-681000,13756,594475836.954498
USNMPAL_792723_D1366-D_2024_09_19_09_27_16_Maryland.ndpi.ndpa,12,pol,14184994,-605024,13249,551462611.1821306
USNMPAL_792723_D1366-D_2024_09_19_09_27_16_Maryland.ndpi.ndpa,13,din,14253136,-605659,36066,4086446612.1198297
USNMPAL_792723_D1366-D_2024_09_19_09_27_16_Maryland.ndpi.ndpa,14,paly,14225625,-690311,16623,868097853.6759983
USNMPAL_792723_D1366-D_2024_09_19_09_27_16_Maryland.ndpi.ndpa,15,pol,14434500,-678460,16151,819499526.4752275
USNMPAL_792723_D1366-D_2024_09_19_09_27_16_Maryland.ndpi.ndpa,16,pol,14374821,-683963,14069,621836674.2329587
USNMPAL_792723_D1366-D_2024_09_19_09_27_16_Maryland.ndpi.ndpa,17,paly,14620519,-683116,13339,558980191.0747586
USNMPAL_792723_D1366-D_2024_09_19_09_27_16_Maryland.ndpi.ndpa,18,paly,14674484,-595712,16492,854469420.5412033
USNMPAL_792723_D1366-D_2024_09_19_09_27_16_Maryland.ndpi.ndpa,19,pol,14837741,-336851,11999,452313947.0348367
USNMPAL_792723_D1366-D_2024_09_19_09_27_16_Maryland.ndpi.ndpa,20,pol,14709472,-321175,13462,569336523.5139484
USNMPAL_792723_D1366-D_2024_09_19_09_27_16_Maryland.ndpi.ndpa,21,pol,14830355,-309418,21111,1400127172.7472193
USNMPAL_792723_D1366-D_2024_09_19_09_27_16_Maryland.ndpi.ndpa,22,bipol,14287524,-380685,30758,2972118068.1574945
USNMPAL_792723_D1366-D_2024_09_19_09_27_16_Maryland.ndpi.ndpa,23,pol,14250792,-380685,13617,582522557.571265
USNMPAL_792723_D1366-D_2024_09_19_09_27_16_Maryland.ndpi.ndpa,24,pol,14337758,-411810,13044,534529222.5757591
USNMPAL_792723_D1366-D_2024_09_19_09_27_16_Maryland.ndpi.ndpa,25,pol,14583896,-247481,14247,637671080.3220294
USNMPAL_792723_D1366-D_2024_09_19_09_27_16_Maryland.ndpi.ndpa,26,pol,14570382,-270700,12417,484376689.7989969
USNMPAL_792723_D1366-D_2024_09_19_09_27_16_Maryland.ndpi.ndpa,27,pol,14550603,-268735,14440,655064793.9335607
USNMPAL_792723_D1366-D_2024_09_19_09_27_16_Maryland.ndpi.ndpa,28,pol,14574436,-289497,9344,274293510.1600565
USNMPAL_792723_D1366-D_2024_09_19_09_27_16_Maryland.ndpi.ndpa,29,pol,13946232,-149199,13599,580983529.0293832
USNMPAL_792723_D1366-D_2024_09_19_09_27_16_Maryland.ndpi.ndpa,30,bipol,14019925,-185017,21870,1502614027.274772
USNMPAL_792723_D1366-D_2024_09_19_09_27_16_Maryland.ndpi.ndpa,31,pol,13068637,-509781,14008,616456077.9199334
USNMPAL_792723_D1366-D_2024_09_19_09_27_16_Maryland.ndpi.ndpa,32,pol,13139935,-343913,15503,755059831.4160656
USNMPAL_792723_D1366-D_2024_09_19_09_27_16_Maryland.ndpi.ndpa,33,pol,13382169,-386871,23238,1696474622.4947715
USNMPAL_792723_D1366-D_2024_09_19_09_27_16_Maryland.ndpi.ndpa,34,pol,13468383,-294988,10182,325698724.7331037
USNMPAL_792723_D1366-D_2024_09_19_09_27_16_Maryland.ndpi.ndpa,35,bipol,13748972,-573559,26601,2223032433.8447576
USNMPAL_792723_D1366-D_2024_09_19_09_27_16_Maryland.ndpi.ndpa,36,bipol,13675038,-546445,24168,1834979839.9373238
USNMPAL_792723_D1366-D_2024_09_19_09_27_16_Maryland.ndpi.ndpa,37,pol,13355000,-438589,12726,508784310.60256225
USNMPAL_792723_D1366-D_2024_09_19_09_27_16_Maryland.ndpi.ndpa,38,pol,13345273,-447057,12561,495676470.78639364
USNMPAL_792723_D1366-D_2024_09_19_09_27_16_Maryland.ndpi.ndpa,39,pol,13359577,-437673,16095,813826513.8595986
USNMPAL_792723_D1366-D_2024_09_19_09_27_16_Maryland.ndpi.ndpa,40,pol,13669391,-478459,17163,925414452.3488581
USNMPAL_792723_D1366-D_2024_09_19_09_27_16_Maryland.ndpi.ndpa,41,pol,13805831,-502450,14434,654520531.8558822
USNMPAL_792723_D1366-D_2024_09_19_09_27_16_Maryland.ndpi.ndpa,42,pol,13829270,-561186,15144,720495171.3864762
USNMPAL_792723_D1366-D_2024_09_19_09_27_16_Maryland.ndpi.ndpa,43,pol,13969101,-536644,15701,774469822.3342634
USNMPAL_792723_D1366-D_2024_09_19_09_27_16_Maryland.ndpi.ndpa,44,pol,14044658,-539402,14656,674808874.380912
USNMPAL_792723_D1366-D_2024_09_19_09_27_16_Maryland.ndpi.ndpa,45,pol,14062387,-551259,12298,475136998.76941377
USNMPAL_792723_D1366-D_2024_09_19_09_27_16_Maryland.ndpi.ndpa,46,pol,14398812,-468256,11879,443312153.1089467
USNMPAL_792723_D1366-D_2024_09_19_09_27_16_Maryland.ndpi.ndpa,47,pol,14181530,-440412,14181,631776673.3889167
USNMPAL_792723_D1366-D_2024_09_19_09_27_16_Maryland.ndpi.ndpa,48,bipol,14085969,-512194,32063,3229670247.8364644
USNMPAL_792723_D1366-D_2024_09_19_09_27_16_Maryland.ndpi.ndpa,49,pol,13626219,-441293,12801,514798968.2776763
USNMPAL_792723_D1366-D_2024_09_19_09_27_16_Maryland.ndpi.ndpa,50,fun,13562582,-378098,11140,389870391.6734319
USNMPAL_792723_D1366-D_2024_09_19_09_27_16_Maryland.ndpi.ndpa,51,pol,13517444,-565260,8191,210777245.42071277
USNMPAL_792723_D1366-D_2024_09_19_09_27_16_Maryland.ndpi.ndpa,52,paly,13028630,-317103,14515,661887155.0799127
USNMPAL_792723_D1366-D_2024_09_19_09_27_16_Maryland.ndpi.ndpa,53,pol,13277220,-258312,14122,626530600.0733182
USNMPAL_792723_D1366-D_2024_09_19_09_27_16_Maryland.ndpi.ndpa,54,pol,13439058,-338021,14688,677758855.0153741
USNMPAL_792723_D1366-D_2024_09_19_09_27_16_Maryland.ndpi.ndpa,55,paly,13434434,-270203,18296,1051628084.8616828
USNMPAL_792723_D1366-D_2024_09_19_09_27_16_Maryland.ndpi.ndpa,56,pol,13377406,-269322,20520,1322831675.2841156
USNMPAL_792723_D1366-D_2024_09_19_09_27_16_Maryland.ndpi.ndpa,57,din,13365076,-171778,45217,6423228362.500404
USNMPAL_792723_D1366-D_2024_09_19_09_27_16_Maryland.ndpi.ndpa,58,pol,13491464,-301910,13313,556803218.1622683
USNMPAL_792723_D1366-D_2024_09_19_09_27_16_Maryland.ndpi.ndpa,59,paly,13861378,-340223,13873,604631327.3753439
USNMPAL_792723_D1366-D_2024_09_19_09_27_16_Maryland.ndpi.ndpa,60,pol,14025637,-311158,12214,468668434.3629312
USNMPAL_792723_D1366-D_2024_09_19_09_27_16_Maryland.ndpi.ndpa,61,paly,13845525,-314681,16921,899501565.6996591
USNMPAL_792723_D1366-D_2024_09_19_09_27_16_Maryland.ndpi.ndpa,62,pol,14735075,32560,13438,567308311.2967908
USNMPAL_792723_D1366-D_2024_09_19_09_27_16_Maryland.ndpi.ndpa,63,pol,14637533,-63002,14122,626530600.0733182
USNMPAL_792723_D1366-D_2024_09_19_09_27_16_Maryland.ndpi.ndpa,64,pol,14319299,-65439,14523,662616959.6197121
USNMPAL_792723_D1366-D_2024_09_19_09_27_16_Maryland.ndpi.ndpa,65,pol,14368575,-6569,17313,941660884.5976323
USNMPAL_792723_D1366-D_2024_09_19_09_27_16_Maryland.ndpi.ndpa,66,paly,14169073,-77213,15094,715745397.4535137
USNMPAL_792723_D1366-D_2024_09_19_09_27_16_Maryland.ndpi.ndpa,67,pol,14283112,41998,13241,550796844.8669819
USNMPAL_792723_D1366-D_2024_09_19_09_27_16_Maryland.ndpi.ndpa,68,pol,14086227,-20578,12642,502089853.1179159
USNMPAL_792723_D1366-D_2024_09_19_09_27_16_Maryland.ndpi.ndpa,69,din,13888687,-43472,51340,8280596093.324301
USNMPAL_792723_D1366-D_2024_09_19_09_27_16_Maryland.ndpi.ndpa,70,pol,13601969,-114771,13469,569928767.1362252
USNMPAL_792723_D1366-D_2024_09_19_09_27_16_Maryland.ndpi.ndpa,71,pol,13694416,-74216,17659,979675135.8829768
USNMPAL_792723_D1366-D_2024_09_19_09_27_16_Maryland.ndpi.ndpa,72,spo,13564686,-88606,29845,2798292053.3159313
USNMPAL_792723_D1366-D_2024_09_19_09_27_16_Maryland.ndpi.ndpa,73,pol,13484234,-52412,17617,975020577.3401593
USNMPAL_792723_D1366-D_2024_09_19_09_27_16_Maryland.ndpi.ndpa,74,pol,13428853,-28864,15952,799429471.232547
USNMPAL_792723_D1366-D_2024_09_19_09_27_16_Maryland.ndpi.ndpa,75,paly,13389390,25427,11862,442044215.7387358
USNMPAL_792723_D1366-D_2024_09_19_09_27_16_Maryland.ndpi.ndpa,76,pol,13361700,40254,12343,478620538.07538354
USNMPAL_792723_D1366-D_2024_09_19_09_27_16_Maryland.ndpi.ndpa,77,paly,13171140,-36931,16088,813118772.7250053
USNMPAL_792723_D1366-D_2024_09_19_09_27_16_Maryland.ndpi.ndpa,78,bipol,13249468,-45227,25308,2012173959.4043937
USNMPAL_792723_D1366-D_2024_09_19_09_27_16_Maryland.ndpi.ndpa,79,pol,13180205,139209,13166,544574842.0767308
USNMPAL_792723_D1366-D_2024_09_19_09_27_16_Maryland.ndpi.ndpa,80,paly,13364010,68669,13967,612852749.6860822
USNMPAL_792723_D1366-D_2024_09_19_09_27_16_Maryland.ndpi.ndpa,81,pol,13363120,159904,14728,681455378.5952939
USNMPAL_792723_D1366-D_2024_09_19_09_27_16_Maryland.ndpi.ndpa,82,paly,13264098,141434,10912,374074916.2005245
USNMPAL_792723_D1366-D_2024_09_19_09_27_16_Maryland.ndpi.ndpa,83,pol,13319506,199958,11941,447951782.8034742
USNMPAL_792723_D1366-D_2024_09_19_09_27_16_Maryland.ndpi.ndpa,84,paly,13517326,161016,25457,2035936919.112257
USNMPAL_792723_D1366-D_2024_09_19_09_27_16_Maryland.ndpi.ndpa,85,paly,13516881,228887,18029,1021158484.5728624
USNMPAL_792723_D1366-D_2024_09_19_09_27_16_Maryland.ndpi.ndpa,86,paly,13429208,254699,13663,586464879.3604017
USNMPAL_792723_D1366-D_2024_09_19_09_27_16_Maryland.ndpi.ndpa,87,pol,13710475,113173,12652,502884487.5637149
USNMPAL_792723_D1366-D_2024_09_19_09_27_16_Maryland.ndpi.ndpa,88,pol,13871132,229109,15584,762970509.3726593
USNMPAL_792723_D1366-D_2024_09_19_09_27_16_Maryland.ndpi.ndpa,89,pol,13942561,231779,13646,585006385.5461947
USNMPAL_792723_D1366-D_2024_09_19_09_27_16_Maryland.ndpi.ndpa,90,pol,13933883,203519,14131,627329434.828495
USNMPAL_792723_D1366-D_2024_09_19_09_27_16_Maryland.ndpi.ndpa,91,paly,13970599,247579,16195,823970716.53804
USNMPAL_792723_D1366-D_2024_09_19_09_27_16_Maryland.ndpi.ndpa,92,pol,14011987,240013,11850,441150294.3987127
USNMPAL_792723_D1366-D_2024_09_19_09_27_16_Maryland.ndpi.ndpa,93,pol,14046477,166134,12862,519716952.5060898
USNMPAL_792723_D1366-D_2024_09_19_09_27_16_Maryland.ndpi.ndpa,94,pol,14060496,78015,15157,721732685.5734297
USNMPAL_792723_D1366-D_2024_09_19_09_27_16_Maryland.ndpi.ndpa,95,pol,14106780,237120,12319,476761067.0828356
USNMPAL_792723_D1366-D_2024_09_19_09_27_16_Maryland.ndpi.ndpa,96,pol,14130461,186964,10202,326979489.22611916
USNMPAL_792723_D1366-D_2024_09_19_09_27_16_Maryland.ndpi.ndpa,97,pol,14369985,84260,13623,583036019.4745677
USNMPAL_792723_D1366-D_2024_09_19_09_27_16_Maryland.ndpi.ndpa,98,pol,14265880,129719,12118,461330076.0480051
USNMPAL_792723_D1366-D_2024_09_19_09_27_16_Maryland.ndpi.ndpa,99,paly,14730036,105306,27706,2411557005.668301
USNMPAL_792723_D1366-D_2024_09_19_09_27_16_Maryland.ndpi.ndpa,100,pol,14809166,87066,17680,982006571.4814662
USNMPAL_792723_D1366-D_2024_09_19_09_27_16_Maryland.ndpi.ndpa,101,pol,14753895,430014,18014,1019459998.2126623
USNMPAL_792723_D1366-D_2024_09_19_09_27_16_Maryland.ndpi.ndpa,102,spo,14594913,386611,15205,726311167.3085477
USNMPAL_792723_D1366-D_2024_09_19_09_27_16_Maryland.ndpi.ndpa,103,pol,14417919,338898,13669,586980075.4228492
USNMPAL_792723_D1366-D_2024_09_19_09_27_16_Maryland.ndpi.ndpa,104,pol,14399143,442019,15282,733686052.9212571
USNMPAL_792723_D1366-D_2024_09_19_09_27_16_Maryland.ndpi.ndpa,105,din,14153962,302883,46283,6729656168.3389
USNMPAL_792723_D1366-D_2024_09_19_09_27_16_Maryland.ndpi.ndpa,106,pol,13975965,284721,15045,711105858.8651732
USNMPAL_792723_D1366-D_2024_09_19_09_27_16_Maryland.ndpi.ndpa,107,pol,13735869,272716,11878,443237518.2922753
USNMPAL_792723_D1366-D_2024_09_19_09_27_16_Maryland.ndpi.ndpa,108,pol,13694622,306885,10232,328905348.3546228
USNMPAL_792723_D1366-D_2024_09_19_09_27_16_Maryland.ndpi.ndpa,109,pol,13956880,485114,24673,1912466295.9682832
USNMPAL_792723_D1366-D_2024_09_19_09_27_16_Maryland.ndpi.ndpa,110,pol,13693698,474340,16464,851570459.3714355
USNMPAL_792723_D1366-D_2024_09_19_09_27_16_Maryland.ndpi.ndpa,111,pol,13921789,331510,13491,571792108.5709224
USNMPAL_792723_D1366-D_2024_09_19_09_27_16_Maryland.ndpi.ndpa,112,paly,14065502,371490,49379,7660100257.11908
USNMPAL_792723_D1366-D_2024_09_19_09_27_16_Maryland.ndpi.ndpa,113,pol,13900712,515129,12189,466751827.2247924
USNMPAL_792723_D1366-D_2024_09_19_09_27_16_Maryland.ndpi.ndpa,114,pol,13737118,456766,13428,566464291.0144775
USNMPAL_792723_D1366-D_2024_09_19_09_27_16_Maryland.ndpi.ndpa,115,bipol,13402409,293773,32484,3315040788.242205
USNMPAL_792723_D1366-D_2024_09_19_09_27_16_Maryland.ndpi.ndpa,116,pol,13335580,355765,16634,869247133.0916831
USNMPAL_792723_D1366-D_2024_09_19_09_27_16_Maryland.ndpi.ndpa,117,pol,13330742,275327,16507,856024461.7808404
USNMPAL_792723_D1366-D_2024_09_19_09_27_16_Maryland.ndpi.ndpa,118,pol,13396664,512105,12042,455561609.2811897
USNMPAL_792723_D1366-D_2024_09_19_09_27_16_Maryland.ndpi.ndpa,119,pol,13499174,406265,17318,942204867.0735646
USNMPAL_792723_D1366-D_2024_09_19_09_27_16_Maryland.ndpi.ndpa,120,pol,13173796,470374,14251,638029196.7517973
USNMPAL_792723_D1366-D_2024_09_19_09_27_16_Maryland.ndpi.ndpa,121,pol,13280540,509081,13874,604718497.146703
USNMPAL_792723_D1366-D_2024_09_19_09_27_16_Maryland.ndpi.ndpa,122,spo,13369486,265016,11630,424922083.3873293
USNMPAL_792723_D1366-D_2024_09_19_09_27_16_Maryland.ndpi.ndpa,123,pol,13068004,660673,14804,688506469.6779758
USNMPAL_792723_D1366-D_2024_09_19_09_27_16_Maryland.ndpi.ndpa,124,pol,13154247,620968,15466,751460028.0491717
USNMPAL_792723_D1366-D_2024_09_19_09_27_16_Maryland.ndpi.ndpa,125,pol,13239438,554444,13758,594648712.5150398
USNMPAL_792723_D1366-D_2024_09_19_09_27_16_Maryland.ndpi.ndpa,126,pol,13221822,705636,13675,587495497.6799678
USNMPAL_792723_D1366-D_2024_09_19_09_27_16_Maryland.ndpi.ndpa,127,pol,13366962,653573,16202,824683163.7784286
USNMPAL_792723_D1366-D_2024_09_19_09_27_16_Maryland.ndpi.ndpa,128,pol,13449607,534198,12708,507346051.786637
USNMPAL_792723_D1366-D_2024_09_19_09_27_16_Maryland.ndpi.ndpa,129,pol,13485367,561806,9785,300795637.06895536
USNMPAL_792723_D1366-D_2024_09_19_09_27_16_Maryland.ndpi.ndpa,130,pol,13830842,639900,18264,1047952672.784395
USNMPAL_792723_D1366-D_2024_09_19_09_27_16_Maryland.ndpi.ndpa,131,din,13799553,678553,30867,2993220538.710739
USNMPAL_792723_D1366-D_2024_09_19_09_27_16_Maryland.ndpi.ndpa,132,pol,13776878,750375,16747,881097387.0854344
USNMPAL_792723_D1366-D_2024_09_19_09_27_16_Maryland.ndpi.ndpa,133,pol,13836038,747746,14440,655064793.9335607
USNMPAL_792723_D1366-D_2024_09_19_09_27_16_Maryland.ndpi.ndpa,134,din,14020324,534237,36443,4172324852.7479463
USNMPAL_792723_D1366-D_2024_09_19_09_27_16_Maryland.ndpi.ndpa,135,spo,14168766,659953,23863,1788957219.7302296
USNMPAL_792723_D1366-D_2024_09_19_09_27_16_Maryland.ndpi.ndpa,136,paly,14126323,713192,10561,350396660.11378723
USNMPAL_792723_D1366-D_2024_09_19_09_27_16_Maryland.ndpi.ndpa,137,paly,14225439,722024,12531,493311605.5004774
USNMPAL_792723_D1366-D_2024_09_19_09_27_16_Maryland.ndpi.ndpa,138,pol,14303855,742498,9677,294192336.0367456
USNMPAL_792723_D1366-D_2024_09_19_09_27_16_Maryland.ndpi.ndpa,139,pol,14382118,742743,14740,682566296.0230857
USNMPAL_792723_D1366-D_2024_09_19_09_27_16_Maryland.ndpi.ndpa,140,din,14663332,712610,15919,796125323.1502825
USNMPAL_792723_D1366-D_2024_09_19_09_27_16_Maryland.ndpi.ndpa,141,din,14734532,596730,25884,2104808820.2109933
USNMPAL_792723_D1366-D_2024_09_19_09_27_16_Maryland.ndpi.ndpa,142,din,14794499,537568,37401,4394569134.40734
USNMPAL_792723_D1366-D_2024_09_19_09_27_16_Maryland.ndpi.ndpa,143,pol,14603304,813745,9442,280077270.19990957
USNMPAL_792723_D1366-D_2024_09_19_09_27_16_Maryland.ndpi.ndpa,144,pol,14091570,813207,15820,786253933.2362862
USNMPAL_792723_D1366-D_2024_09_19_09_27_16_Maryland.ndpi.ndpa,145,pol,13890425,761844,16491,854365801.39071
USNMPAL_792723_D1366-D_2024_09_19_09_27_16_Maryland.ndpi.ndpa,146,pol,13838257,807829,14037,619011150.9330612
USNMPAL_792723_D1366-D_2024_09_19_09_27_16_Maryland.ndpi.ndpa,147,pol,13787702,786584,21874,1503163730.5909264
USNMPAL_792723_D1366-D_2024_09_19_09_27_16_Maryland.ndpi.ndpa,148,pol,13721550,793307,8196,211034651.81478465
USNMPAL_792723_D1366-D_2024_09_19_09_27_16_Maryland.ndpi.ndpa,149,pol,13715251,760768,19415,1184198924.887791
USNMPAL_792723_D1366-D_2024_09_19_09_27_16_Maryland.ndpi.ndpa,150,pol,13719822,773139,18131,1032745683.5889506
USNMPAL_792723_D1366-D_2024_09_19_09_27_16_Maryland.ndpi.ndpa,151,paly,13082353,760231,14768,685161955.2717053
D3869-1_L_2024_02_20_12_12_54_Wyoming.ndpi.ndpa,3,bipol,1439920,595537,34528,3745352675.9506273
D3869-1_L_2024_02_20_12_12_54_Wyoming.ndpi.ndpa,4,pol,1559288,435184,32119,3240961735.0192556
D3869-1_L_2024_02_20_12_12_54_Wyoming.ndpi.ndpa,5,paly,2047631,317612,29002,2642443858.983203
D3869-1_L_2024_02_20_12_12_54_Wyoming.ndpi.ndpa,6,pol,1907309,492075,19982,1254376132.6013525
D3869-1_L_2024_02_20_12_12_54_Wyoming.ndpi.ndpa,7,pol,2495515,597848,19167,1154139110.803112
D3869-1_L_2024_02_20_12_12_54_Wyoming.ndpi.ndpa,8,paly,2243097,625661,24934,1953141837.5143733
D3869-1_L_2024_02_20_12_12_54_Wyoming.ndpi.ndpa,9,paly,2006272,816208,21397,1438320419.4155946
D3869-1_L_2024_02_20_12_12_54_Wyoming.ndpi.ndpa,10,paly,1801083,989828,33462,3517658397.0548973
D3869-1_L_2024_02_20_12_12_54_Wyoming.ndpi.ndpa,11,din,1033284,1001627,33243,3471764770.6421595
D3869-1_L_2024_02_20_12_12_54_Wyoming.ndpi.ndpa,12,bipol,1077951,1224037,48679,7444459452.421084
D3869-1_L_2024_02_20_12_12_54_Wyoming.ndpi.ndpa,13,bipol,1209007,1179789,44519,6226452419.563356
D3869-1_L_2024_02_20_12_12_54_Wyoming.ndpi.ndpa,14,pol,1278115,1154505,24152,1832551011.8249805
D3869-1_L_2024_02_20_12_12_54_Wyoming.ndpi.ndpa,15,pol,1498143,1151133,23573,1745740088.8866808
D3869-1_L_2024_02_20_12_12_54_Wyoming.ndpi.ndpa,16,bipol,1578209,1048731,36938,4286438791.951917
D3869-1_L_2024_02_20_12_12_54_Wyoming.ndpi.ndpa,17,paly,2350146,1087922,22509,1591703880.3735416
D3869-1_L_2024_02_20_12_12_54_Wyoming.ndpi.ndpa,18,paly,2589997,1339081,31016,3022187804.2598715
D3869-1_L_2024_02_20_12_12_54_Wyoming.ndpi.ndpa,19,bipol,2418067,1529302,58834,10874433079.974716
D3869-1_L_2024_02_20_12_12_54_Wyoming.ndpi.ndpa,20,paly,2584099,1665838,25925,2111482093.9363763
D3869-1_L_2024_02_20_12_12_54_Wyoming.ndpi.ndpa,21,paly,2200044,1680166,139931,61514535397.415215
D3869-1_L_2024_02_20_12_12_54_Wyoming.ndpi.ndpa,22,pol,1791287,1563014,21978,1517491303.1796293
D3869-1_L_2024_02_20_12_12_54_Wyoming.ndpi.ndpa,23,bipol,932609,1546158,70507,15617601792.391802
D3869-1_L_2024_02_20_12_12_54_Wyoming.ndpi.ndpa,24,bipol,1106227,1552479,46258,6722388015.1950035
D3869-1_L_2024_02_20_12_12_54_Wyoming.ndpi.ndpa,25,paly,1002142,1610212,36255,4129388002.23458
D3869-1_L_2024_02_20_12_12_54_Wyoming.ndpi.ndpa,26,paly,15318975,-5024316,119151,44601067755.72386
D3869-1_L_2024_02_20_12_12_54_Wyoming.ndpi.ndpa,27,bipol,13738256,-5775534,74342,17362743678.054943
D3869-1_L_2024_02_20_12_12_54_Wyoming.ndpi.ndpa,28,bipol,13925126,-5682612,49659,7747218632.022423
D3869-1_L_2024_02_20_12_12_54_Wyoming.ndpi.ndpa,29,bipol,14326627,-5872842,33949,3620794235.5096436
D3869-1_L_2024_02_20_12_12_54_Wyoming.ndpi.ndpa,30,bipol,15335562,-5737848,41364,5375203756.669021
D3869-1_L_2024_02_20_12_12_54_Wyoming.ndpi.ndpa,31,bipol,14768031,-5464986,52189,8556729901.336941
D3869-1_L_2024_02_20_12_12_54_Wyoming.ndpi.ndpa,32,pol,14442926,-5462663,14661,675269384.7400384
D3869-1_L_2024_02_20_12_12_54_Wyoming.ndpi.ndpa,33,bipol,14524488,-5540871,55114,9542754177.123266
D3869-1_L_2024_02_20_12_12_54_Wyoming.ndpi.ndpa,34,bipol,13850038,-5427911,52728,8734387792.13631
D3869-1_L_2024_02_20_12_12_54_Wyoming.ndpi.ndpa,35,paly,14607764,-5172243,62473,12261245718.100307
D3869-1_L_2024_02_20_12_12_54_Wyoming.ndpi.ndpa,36,bipol,14817437,-5052909,42942,5793145120.649108
D3869-1_L_2024_02_20_12_12_54_Wyoming.ndpi.ndpa,37,bipol,14298035,-5134472,48398,7358761086.821941
D3869-1_L_2024_02_20_12_12_54_Wyoming.ndpi.ndpa,38,pol,14151358,-4991478,17385,949509387.294019
D3869-1_L_2024_02_20_12_12_54_Wyoming.ndpi.ndpa,39,bipol,13652300,-5084657,52685,8720147709.761417
D3869-1_L_2024_02_20_12_12_54_Wyoming.ndpi.ndpa,40,pol,13668818,-4696418,22037,1525649658.0178468
D3869-1_L_2024_02_20_12_12_54_Wyoming.ndpi.ndpa,41,paly,15118578,-4619558,21008,1386498136.4266348
D3869-1_L_2024_02_20_12_12_54_Wyoming.ndpi.ndpa,42,paly,14236243,-4396117,21856,1500690857.3495798
D3869-1_L_2024_02_20_12_12_54_Wyoming.ndpi.ndpa,43,paly,14584858,-4370783,19839,1236486637.9699726
D3869-1_L_2024_02_20_12_12_54_Wyoming.ndpi.ndpa,44,paly,14561663,-4404663,66119,13734170224.533295
D3869-1_L_2024_02_20_12_12_54_Wyoming.ndpi.ndpa,46,paly,998394,-5649592,106079,35351570056.17699
D3869-1_L_2024_02_20_12_12_54_Wyoming.ndpi.ndpa,47,bipol,621532,-6246390,24530,1890361958.9514384
D3869-1_L_2024_02_20_12_12_54_Wyoming.ndpi.ndpa,48,bipol,1278784,-6301941,47861,7196368760.213041
D3869-1_L_2024_02_20_12_12_54_Wyoming.ndpi.ndpa,49,fun,1064874,-5987612,31259,3069728976.1079316
D3869-1_L_2024_02_20_12_12_54_Wyoming.ndpi.ndpa,50,pol,965766,-5929600,39273,4845493639.834496
D3869-1_L_2024_02_20_12_12_54_Wyoming.ndpi.ndpa,51,paly,529647,-5680837,30500,2922466566.001905
D3869-1_L_2024_02_20_12_12_54_Wyoming.ndpi.ndpa,52,paly,1575285,-5725419,22800,1633125525.042118
D3869-1_L_2024_02_20_12_12_54_Wyoming.ndpi.ndpa,53,bipol,1674220,-5604784,55720,9753760516.905056
D3869-1_L_2024_02_20_12_12_54_Wyoming.ndpi.ndpa,54,pol,893551,-5440662,17176,926816881.3005692
D3869-1_L_2024_02_20_12_12_54_Wyoming.ndpi.ndpa,55,pol,406346,-5488468,32630,3344906791.1928983
D3869-1_L_2024_02_20_12_12_54_Wyoming.ndpi.ndpa,56,pol,294981,-5388189,17656,979342299.8492922
D3869-1_L_2024_02_20_12_12_54_Wyoming.ndpi.ndpa,57,pol,558637,-5198845,12871,520444535.93988323
D3869-1_L_2024_02_20_12_12_54_Wyoming.ndpi.ndpa,58,pol,920570,-5254172,26162,2150263858.2981415
D3869-1_L_2024_02_20_12_12_54_Wyoming.ndpi.ndpa,59,bipol,1082917,-5274583,53875,9118521764.429586
D3869-1_L_2024_02_20_12_12_54_Wyoming.ndpi.ndpa,60,paly,1342134,-5426595,23543,1741299510.5026846
D3869-1_L_2024_02_20_12_12_54_Wyoming.ndpi.ndpa,61,paly,1420109,-5186491,12611,499630479.3002017
D3869-1_L_2024_02_20_12_12_54_Wyoming.ndpi.ndpa,62,pol,1615321,-5360795,20747,1352260886.9002173
D3869-1_L_2024_02_20_12_12_54_Wyoming.ndpi.ndpa,63,bipol,1210556,-5038200,52813,8762570972.707775
D3869-1_L_2024_02_20_12_12_54_Wyoming.ndpi.ndpa,64,paly,36505,-5067204,22701,1618973909.9163501
D3869-1_L_2024_02_20_12_12_54_Wyoming.ndpi.ndpa,65,paly,-63131,-4985828,36434,4170264304.117605
D3869-1_L_2024_02_20_12_12_54_Wyoming.ndpi.ndpa,66,paly,61683,-4856863,19015,1135906362.6168087
D3869-1_L_2024_02_20_12_12_54_Wyoming.ndpi.ndpa,67,fun,149841,-4882108,31950,3206945634.7660947
D3869-1_L_2024_02_20_12_12_54_Wyoming.ndpi.ndpa,68,pol,512478,-4857399,24141,1830882125.5507627
D3869-1_L_2024_02_20_12_12_54_Wyoming.ndpi.ndpa,69,spo,994828,-4831349,28107,2481869031.6889987
D3869-1_L_2024_02_20_12_12_54_Wyoming.ndpi.ndpa,70,paly,1350657,-4836720,39450,4889268500.763429
USNMPAL_792673_D1166_A_R_2023_11_09_15_17_21_Wyoming.ndpi.ndpa,2,pol,20594204,-788513,13172,545071301.6805924
USNMPAL_792673_D1166_A_R_2023_11_09_15_17_21_Wyoming.ndpi.ndpa,3,pol,20624414,-813231,10362,337316083.0386664
USNMPAL_792673_D1166_A_R_2023_11_09_15_17_21_Wyoming.ndpi.ndpa,4,pol,21066342,-852595,13368,561413364.0097419
USNMPAL_792673_D1166_A_R_2023_11_09_15_17_21_Wyoming.ndpi.ndpa,5,paly,21192100,-763567,18986,1132444236.4063656
USNMPAL_792673_D1166_A_R_2023_11_09_15_17_21_Wyoming.ndpi.ndpa,6,pol,21750852,-816601,16430,848056914.7140313
USNMPAL_792673_D1166_A_R_2023_11_09_15_17_21_Wyoming.ndpi.ndpa,7,din,22330094,-704915,19205,1158719980.1486468
USNMPAL_792673_D1166_A_R_2023_11_09_15_17_21_Wyoming.ndpi.ndpa,8,pol,22278372,-707204,12771,512388864.0575483
USNMPAL_792673_D1166_A_R_2023_11_09_15_17_21_Wyoming.ndpi.ndpa,9,pol,22301372,-641977,15524,757106789.516587
USNMPAL_792673_D1166_A_R_2023_11_09_15_17_21_Wyoming.ndpi.ndpa,10,pol,22032120,-666924,11245,397254469.58624566
USNMPAL_792673_D1166_A_R_2023_11_09_15_17_21_Wyoming.ndpi.ndpa,11,pol,20910938,-742220,15973,801535673.48733
USNMPAL_792673_D1166_A_R_2023_11_09_15_17_21_Wyoming.ndpi.ndpa,12,pol,20852350,-688666,16289,833563557.139406
USNMPAL_792673_D1166_A_R_2023_11_09_15_17_21_Wyoming.ndpi.ndpa,13,pol,20575546,-669327,9053,257474909.06606182
USNMPAL_792673_D1166_A_R_2023_11_09_15_17_21_Wyoming.ndpi.ndpa,14,paly,20558838,-672874,13526,574762782.8761936
USNMPAL_792673_D1166_A_R_2023_11_09_15_17_21_Wyoming.ndpi.ndpa,15,pol,20920136,-589723,14241,637134094.1729366
USNMPAL_792673_D1166_A_R_2023_11_09_15_17_21_Wyoming.ndpi.ndpa,16,spo,21067522,-566608,15687,773089305.9913112
USNMPAL_792673_D1166_A_R_2023_11_09_15_17_21_Wyoming.ndpi.ndpa,17,paly,21792204,-611351,10322,334716854.9407924
USNMPAL_792673_D1166_A_R_2023_11_09_15_17_21_Wyoming.ndpi.ndpa,18,paly,22294436,-595101,13682,588097109.5315375
USNMPAL_792673_D1166_A_R_2023_11_09_15_17_21_Wyoming.ndpi.ndpa,19,pol,22394904,-636640,12227,469666622.0215342
USNMPAL_792673_D1166_A_R_2023_11_09_15_17_21_Wyoming.ndpi.ndpa,20,pol,21650198,-444978,26179,2153059238.0165277
USNMPAL_792673_D1166_A_R_2023_11_09_15_17_21_Wyoming.ndpi.ndpa,21,paly,21600306,-533663,16819,888689837.4141829
USNMPAL_792673_D1166_A_R_2023_11_09_15_17_21_Wyoming.ndpi.ndpa,22,paly,21518718,-540643,11652,426531219.7108686
USNMPAL_792673_D1166_A_R_2023_11_09_15_17_21_Wyoming.ndpi.ndpa,23,paly,21321442,-529658,14510,661431231.4460604
USNMPAL_792673_D1166_A_R_2023_11_09_15_17_21_Wyoming.ndpi.ndpa,24,pol,21028960,-500134,16080,812310302.7051599
USNMPAL_792673_D1166_A_R_2023_11_09_15_17_21_Wyoming.ndpi.ndpa,25,pol,20562430,-552887,14446,655609282.2059102
USNMPAL_792673_D1166_A_R_2023_11_09_15_17_21_Wyoming.ndpi.ndpa,27,pol,21338262,-398976,12730,509104200.1329214
USNMPAL_792673_D1166_A_R_2023_11_09_15_17_21_Wyoming.ndpi.ndpa,28,pol,21440104,-416713,18584,1084996322.7362275
USNMPAL_792673_D1166_A_R_2023_11_09_15_17_21_Wyoming.ndpi.ndpa,29,pol,22183440,-351830,12477,489069098.2501048
USNMPAL_792673_D1166_A_R_2023_11_09_15_17_21_Wyoming.ndpi.ndpa,30,pol,22188246,-425982,15621,766597745.1266043
USNMPAL_792673_D1166_A_R_2023_11_09_15_17_21_Wyoming.ndpi.ndpa,31,pol,21583600,-250901,12284,474055825.9408662
USNMPAL_792673_D1166_A_R_2023_11_09_15_17_21_Wyoming.ndpi.ndpa,32,paly,21579594,-282713,25020,1966638257.784272
USNMPAL_792673_D1166_A_R_2023_11_09_15_17_21_Wyoming.ndpi.ndpa,33,pol,21549500,-303769,13236,550380945.1235363
USNMPAL_792673_D1166_A_R_2023_11_09_15_17_21_Wyoming.ndpi.ndpa,34,pol,21519976,-260285,13177,545485190.8047396
USNMPAL_792673_D1166_A_R_2023_11_09_15_17_21_Wyoming.ndpi.ndpa,35,pol,21309656,-259369,18680,1096234880.365991
USNMPAL_792673_D1166_A_R_2023_11_09_15_17_21_Wyoming.ndpi.ndpa,36,paly,21377282,-299191,15837,787944641.013076
USNMPAL_792673_D1166_A_R_2023_11_09_15_17_21_Wyoming.ndpi.ndpa,37,paly,20799756,-291524,15691,773483613.5684485
USNMPAL_792673_D1166_A_R_2023_11_09_15_17_21_Wyoming.ndpi.ndpa,38,pol,20602710,-229159,15374,742546450.0449945
USNMPAL_792673_D1166_A_R_2023_11_09_15_17_21_Wyoming.ndpi.ndpa,39,pol,21239396,-207646,13033,533628066.14785486
USNMPAL_792673_D1166_A_R_2023_11_09_15_17_21_Wyoming.ndpi.ndpa,40,pol,21614266,-149858,16431,848160150.5902209
USNMPAL_792673_D1166_A_R_2023_11_09_15_17_21_Wyoming.ndpi.ndpa,41,pol,21764856,-220004,13072,536826505.92051136
USNMPAL_792673_D1166_A_R_2023_11_09_15_17_21_Wyoming.ndpi.ndpa,42,paly,21712332,-162216,12246,471127421.764749
USNMPAL_792673_D1166_A_R_2023_11_09_15_17_21_Wyoming.ndpi.ndpa,43,pol,21855026,-207646,15951,799329245.0021195
USNMPAL_792673_D1166_A_R_2023_11_09_15_17_21_Wyoming.ndpi.ndpa,44,pol,22058710,-179953,15018,708555824.9666617
USNMPAL_792673_D1166_A_R_2023_11_09_15_17_21_Wyoming.ndpi.ndpa,45,pol,22062602,-208104,11241,396971902.1766112
USNMPAL_792673_D1166_A_R_2023_11_09_15_17_21_Wyoming.ndpi.ndpa,46,pol,22040974,-174460,16340,838791415.500799
USNMPAL_792673_D1166_A_R_2023_11_09_15_17_21_Wyoming.ndpi.ndpa,47,paly,22021864,-115986,12857,519312959.39880145
USNMPAL_792673_D1166_A_R_2023_11_09_15_17_21_Wyoming.ndpi.ndpa,48,paly,22112884,-233612,18194,1039935139.8368746
USNMPAL_792673_D1166_A_R_2023_11_09_15_17_21_Wyoming.ndpi.ndpa,49,spo,22264388,-163808,21045,1391386332.073507
USNMPAL_792673_D1166_A_R_2023_11_09_15_17_21_Wyoming.ndpi.ndpa,50,pol,22316226,-130623,12982,529459910.97081476
USNMPAL_792673_D1166_A_R_2023_11_09_15_17_21_Wyoming.ndpi.ndpa,51,pol,21743390,-59350,12999,530847480.1892744
USNMPAL_792673_D1166_A_R_2023_11_09_15_17_21_Wyoming.ndpi.ndpa,52,pol,21692468,-128467,18058,1024446233.5414752
USNMPAL_792673_D1166_A_R_2023_11_09_15_17_21_Wyoming.ndpi.ndpa,53,pol,21467272,-91506,14505,660975464.8918408
USNMPAL_792673_D1166_A_R_2023_11_09_15_17_21_Wyoming.ndpi.ndpa,54,paly,21287388,-45161,20132,1273279409.7572675
USNMPAL_792673_D1166_A_R_2023_11_09_15_17_21_Wyoming.ndpi.ndpa,55,pol,20740530,-112790,13770,595686493.6658561
USNMPAL_792673_D1166_A_R_2023_11_09_15_17_21_Wyoming.ndpi.ndpa,56,pol,20595432,-102835,16776,884151539.7906969
USNMPAL_792673_D1166_A_R_2023_11_09_15_17_21_Wyoming.ndpi.ndpa,57,pol,20922358,-35892,11598,422586950.1342866
USNMPAL_792673_D1166_A_R_2023_11_09_15_17_21_Wyoming.ndpi.ndpa,58,pol,21018250,-22502,17804,995829629.4227437
USNMPAL_792673_D1166_A_R_2023_11_09_15_17_21_Wyoming.ndpi.ndpa,59,pol,21082840,30186,10322,334716854.9407924
USNMPAL_792673_D1166_A_R_2023_11_09_15_17_21_Wyoming.ndpi.ndpa,60,pol,21133646,13479,10691,359076126.633419
USNMPAL_792673_D1166_A_R_2023_11_09_15_17_21_Wyoming.ndpi.ndpa,61,pol,21207568,-10094,12154,464075174.5759706
USNMPAL_792673_D1166_A_R_2023_11_09_15_17_21_Wyoming.ndpi.ndpa,62,pol,21196354,-15243,11993,451861708.48916715
USNMPAL_792673_D1166_A_R_2023_11_09_15_17_21_Wyoming.ndpi.ndpa,63,paly,21343052,2493,14762,684605327.8853422
USNMPAL_792673_D1166_A_R_2023_11_09_15_17_21_Wyoming.ndpi.ndpa,64,pol,21685196,-3456,18661,1094005986.3517148
USNMPAL_792673_D1166_A_R_2023_11_09_15_17_21_Wyoming.ndpi.ndpa,65,paly,21874004,-31605,17033,911448565.0391778
USNMPAL_792673_D1166_A_R_2023_11_09_15_17_21_Wyoming.ndpi.ndpa,66,paly,22263866,135921,19664,1214768729.4158902
USNMPAL_792673_D1166_A_R_2023_11_09_15_17_21_Wyoming.ndpi.ndpa,67,pol,21682064,59055,14889,696435551.0843344
USNMPAL_792673_D1166_A_R_2023_11_09_15_17_21_Wyoming.ndpi.ndpa,68,pol,21245402,130804,14015,617072335.8764542
USNMPAL_792673_D1166_A_R_2023_11_09_15_17_21_Wyoming.ndpi.ndpa,69,pol,21151112,88464,11114,388052653.5976942
USNMPAL_792673_D1166_A_R_2023_11_09_15_17_21_Wyoming.ndpi.ndpa,70,pol,20974090,73702,13819,599933490.2521306
USNMPAL_792673_D1166_A_R_2023_11_09_15_17_21_Wyoming.ndpi.ndpa,71,pol,20972602,50129,8447,224158318.97474208
USNMPAL_792673_D1166_A_R_2023_11_09_15_17_21_Wyoming.ndpi.ndpa,72,pol,20732758,62717,12239,470588968.491887
USNMPAL_792673_D1166_A_R_2023_11_09_15_17_21_Wyoming.ndpi.ndpa,73,pol,20758276,90753,11326,402998089.4967639
USNMPAL_792673_D1166_A_R_2023_11_09_15_17_21_Wyoming.ndpi.ndpa,74,pol,20661354,254482,18786,1108711388.8640869
USNMPAL_792673_D1166_A_R_2023_11_09_15_17_21_Wyoming.ndpi.ndpa,75,pol,20680692,261577,13153,543499955.5750831
USNMPAL_792673_D1166_A_R_2023_11_09_15_17_21_Wyoming.ndpi.ndpa,76,pol,20702992,199626,8262,214447137.7197082
USNMPAL_792673_D1166_A_R_2023_11_09_15_17_21_Wyoming.ndpi.ndpa,77,pol,20701060,194863,12023,454125163.1642255
USNMPAL_792673_D1166_A_R_2023_11_09_15_17_21_Wyoming.ndpi.ndpa,78,paly,20687672,246827,11050,383596316.98494774
USNMPAL_792673_D1166_A_R_2023_11_09_15_17_21_Wyoming.ndpi.ndpa,79,pol,21230984,148758,13384,562758066.1964433
USNMPAL_792673_D1166_A_R_2023_11_09_15_17_21_Wyoming.ndpi.ndpa,80,pol,21298840,198994,14719,680622784.2854615
USNMPAL_792673_D1166_A_R_2023_11_09_15_17_21_Wyoming.ndpi.ndpa,81,paly,21381230,142350,15404,745447208.20576
USNMPAL_792673_D1166_A_R_2023_11_09_15_17_21_Wyoming.ndpi.ndpa,82,pol,21491884,175535,15266,732150542.9631474
USNMPAL_792673_D1166_A_R_2023_11_09_15_17_21_Wyoming.ndpi.ndpa,83,pol,22141614,244538,11742,433145717.37929577
USNMPAL_792673_D1166_A_R_2023_11_09_15_17_21_Wyoming.ndpi.ndpa,84,paly,22271354,345078,16160,820413098.4772987
USNMPAL_792673_D1166_A_R_2023_11_09_15_17_21_Wyoming.ndpi.ndpa,85,pol,21705270,356487,15865,790733294.5815908
USNMPAL_792673_D1166_A_R_2023_11_09_15_17_21_Wyoming.ndpi.ndpa,86,paly,21522756,290803,15235,729180069.719806
USNMPAL_792673_D1166_A_R_2023_11_09_15_17_21_Wyoming.ndpi.ndpa,87,pol,21500360,353875,15515,756229182.4672141
USNMPAL_792673_D1166_A_R_2023_11_09_15_17_21_Wyoming.ndpi.ndpa,88,paly,21328372,316914,10624,354589602.4568641
USNMPAL_792673_D1166_A_R_2023_11_09_15_17_21_Wyoming.ndpi.ndpa,89,pol,20985426,313939,12711,507585620.2176218
USNMPAL_792673_D1166_A_R_2023_11_09_15_17_21_Wyoming.ndpi.ndpa,90,pol,21053512,324009,12308,475910019.0577561
USNMPAL_792673_D1166_A_R_2023_11_09_15_17_21_Wyoming.ndpi.ndpa,91,paly,20732194,270798,15272,732726170.7018794
USNMPAL_792673_D1166_A_R_2023_11_09_15_17_21_Wyoming.ndpi.ndpa,92,pol,20669258,278808,14656,674808874.380912
USNMPAL_792673_D1166_A_R_2023_11_09_15_17_21_Wyoming.ndpi.ndpa,93,paly,20603804,337512,13462,569336523.5139484
USNMPAL_792673_D1166_A_R_2023_11_09_15_17_21_Wyoming.ndpi.ndpa,94,pol,20563638,363259,16313,836021690.0280219
USNMPAL_792673_D1166_A_R_2023_11_09_15_17_21_Wyoming.ndpi.ndpa,95,pol,21010028,418530,13994,615224485.6351318
USNMPAL_792673_D1166_A_R_2023_11_09_15_17_21_Wyoming.ndpi.ndpa,96,paly,21125488,374359,12824,516650544.44788575
USNMPAL_792673_D1166_A_R_2023_11_09_15_17_21_Wyoming.ndpi.ndpa,97,pol,21171080,457797,14534,663621097.4548011
USNMPAL_792673_D1166_A_R_2023_11_09_15_17_21_Wyoming.ndpi.ndpa,98,din,21866924,375749,13876,604892855.5389773
USNMPAL_792673_D1166_A_R_2023_11_09_15_17_21_Wyoming.ndpi.ndpa,99,paly,21816920,430562,12485,489696461.73665607
USNMPAL_792673_D1166_A_R_2023_11_09_15_17_21_Wyoming.ndpi.ndpa,100,pol,22145218,443951,10997,379925394.2435619
USNMPAL_792673_D1166_A_R_2023_11_09_15_17_21_Wyoming.ndpi.ndpa,101,pol,22341236,411338,11463,412806433.929388
USNMPAL_792673_D1166_A_R_2023_11_09_15_17_21_Wyoming.ndpi.ndpa,102,pol,22149680,452533,12600,498759249.68391556
USNMPAL_792673_D1166_A_R_2023_11_09_15_17_21_Wyoming.ndpi.ndpa,103,pol,22240996,519133,15162,722208935.3117507
USNMPAL_792673_D1166_A_R_2023_11_09_15_17_21_Wyoming.ndpi.ndpa,104,paly,22225318,516158,15816,785856383.5355303
USNMPAL_792673_D1166_A_R_2023_11_09_15_17_21_Wyoming.ndpi.ndpa,105,fun,22069694,473703,14327,644852509.8007233
USNMPAL_792673_D1166_A_R_2023_11_09_15_17_21_Wyoming.ndpi.ndpa,106,pol,21916474,477708,15058,712335286.5926363
USNMPAL_792673_D1166_A_R_2023_11_09_15_17_21_Wyoming.ndpi.ndpa,107,pol,21804790,467982,20795,1358525272.9169579
USNMPAL_792673_D1166_A_R_2023_11_09_15_17_21_Wyoming.ndpi.ndpa,108,paly,21186298,494644,12664,503838878.2791343
USNMPAL_792673_D1166_A_R_2023_11_09_15_17_21_Wyoming.ndpi.ndpa,109,pol,20645276,592141,13937,610222859.6439091
USNMPAL_792673_D1166_A_R_2023_11_09_15_17_21_Wyoming.ndpi.ndpa,110,paly,20792890,581727,15371,742256685.2465906
USNMPAL_792673_D1166_A_R_2023_11_09_15_17_21_Wyoming.ndpi.ndpa,111,pol,20853994,573946,14261,638924927.6491889
USNMPAL_792673_D1166_A_R_2023_11_09_15_17_21_Wyoming.ndpi.ndpa,112,pol,21196692,615413,10369,337771981.5397774
USNMPAL_792673_D1166_A_R_2023_11_09_15_17_21_Wyoming.ndpi.ndpa,113,pol,21398788,569672,22785,1630977382.5254097
USNMPAL_792673_D1166_A_R_2023_11_09_15_17_21_Wyoming.ndpi.ndpa,114,pol,21433900,664016,17426,953993228.5504476
USNMPAL_792673_D1166_A_R_2023_11_09_15_17_21_Wyoming.ndpi.ndpa,115,pol,21456116,569596,16625,868306757.0210915
USNMPAL_792673_D1166_A_R_2023_11_09_15_17_21_Wyoming.ndpi.ndpa,116,spo,22358388,703147,23050,1669136030.8338912
USNMPAL_792673_D1166_A_R_2023_11_09_15_17_21_Wyoming.ndpi.ndpa,117,pol,22392500,654170,16111,815445363.9876229
USNMPAL_792673_D1166_A_R_2023_11_09_15_17_21_Wyoming.ndpi.ndpa,118,paly,22209552,-361168,11803,437657814.12005085
USNMPAL_792673_D1166_A_R_2023_11_09_15_17_21_Wyoming.ndpi.ndpa,119,pol,20750706,-338908,15604,764930109.2062625
D5609_R_2024_03_01_15_10_09_Alaska.ndpi.ndpa,4,spo,21169310,6832891,29373,2710481723.781079
D5609_R_2024_03_01_15_10_09_Alaska.ndpi.ndpa,6,pol,20942190,6709233,17945,1011665169.6267623
D5609_R_2024_03_01_15_10_09_Alaska.ndpi.ndpa,7,bipol,20670720,6753482,62790,12385993244.719927
D5609_R_2024_03_01_15_10_09_Alaska.ndpi.ndpa,8,paly,21277770,6847330,16167,821124006.3372868
D5609_R_2024_03_01_15_10_09_Alaska.ndpi.ndpa,9,pol,20862166,6706046,15717,776049063.2621112
D5609_R_2024_03_01_15_10_09_Alaska.ndpi.ndpa,10,pol,20955450,6751672,9996,313907988.2121746
D5609_R_2024_03_01_15_10_09_Alaska.ndpi.ndpa,11,spo,20894212,6966634,16531,858515468.2949836
D5609_R_2024_03_01_15_10_09_Alaska.ndpi.ndpa,12,pol,20789126,6929344,21248,1418358409.8274565
D5609_R_2024_03_01_15_10_09_Alaska.ndpi.ndpa,13,pol,20887208,7015519,20980,1382804679.0411448
D5609_R_2024_03_01_15_10_09_Alaska.ndpi.ndpa,14,paly,21350578,6921921,22166,1543563606.806442
D5609_R_2024_03_01_15_10_09_Alaska.ndpi.ndpa,15,pol,21172800,6552546,15633,767775993.1681479
D5609_R_2024_03_01_15_10_09_Alaska.ndpi.ndpa,16,paly,20761884,6725071,16601,865801575.6408952
D5609_R_2024_03_01_15_10_09_Alaska.ndpi.ndpa,17,paly,20890600,6586084,19508,1195570984.4973686
D5609_R_2024_03_01_15_10_09_Alaska.ndpi.ndpa,24,paly,20031562,6452581,21482,1449770629.284023
D5609_R_2024_03_01_15_10_09_Alaska.ndpi.ndpa,25,pol,21659750,6356677,13086,537976994.8493677
D5609_R_2024_03_01_15_10_09_Alaska.ndpi.ndpa,26,pol,21526156,6439231,15241,729754528.7860708
D5609_R_2024_03_01_15_10_09_Alaska.ndpi.ndpa,27,paly,21422770,6406940,15705,774864481.769778
D5609_R_2024_03_01_15_10_09_Alaska.ndpi.ndpa,28,paly,20246780,6460848,26437,2195706132.094338
D5609_R_2024_03_01_15_10_09_Alaska.ndpi.ndpa,29,paly,20041472,6698400,40682,5199414771.064937
D5609_R_2024_03_01_15_10_09_Alaska.ndpi.ndpa,30,pol,20446852,6529124,17372,948089886.9278283
D5609_R_2024_03_01_15_10_09_Alaska.ndpi.ndpa,31,paly,20508572,6626522,15577,762285243.1919098
D5609_R_2024_03_01_15_10_09_Alaska.ndpi.ndpa,32,pol,21493010,6571590,24283,1852484370.0881178
D5609_R_2024_03_01_15_10_09_Alaska.ndpi.ndpa,33,paly,21785676,6671273,15797,783969395.3329295
D5609_R_2024_03_01_15_10_09_Alaska.ndpi.ndpa,34,pol,21538820,6792623,12958,527504081.04839593
D5609_R_2024_03_01_15_10_09_Alaska.ndpi.ndpa,35,pol,21490024,6790797,15148,720875831.8851264
D5609_R_2024_03_01_15_10_09_Alaska.ndpi.ndpa,36,paly,21414100,6796808,24549,1893291497.2425036
D5609_R_2024_03_01_15_10_09_Alaska.ndpi.ndpa,37,paly,20551216,6849044,32277,3272926083.1015053
D5609_R_2024_03_01_15_10_09_Alaska.ndpi.ndpa,38,pol,20527960,6799392,12920,524414751.9301912
D5609_R_2024_03_01_15_10_09_Alaska.ndpi.ndpa,39,paly,20361660,6766906,10417,340906436.49485826
D5609_R_2024_03_01_15_10_09_Alaska.ndpi.ndpa,40,spo,20232828,6821357,17253,935145347.0977932
D5609_R_2024_03_01_15_10_09_Alaska.ndpi.ndpa,41,bipol,20010784,6788133,55101,9538252918.877167
D5609_R_2024_03_01_15_10_09_Alaska.ndpi.ndpa,42,bipol,20471850,6944091,46382,6758476620.9801445
D5609_R_2024_03_01_15_10_09_Alaska.ndpi.ndpa,43,paly,20764768,6890379,24532,1890670224.5889795
D5609_R_2024_03_01_15_10_09_Alaska.ndpi.ndpa,44,pol,21330118,7000019,22025,1523988559.7518172
D5609_R_2024_03_01_15_10_09_Alaska.ndpi.ndpa,45,spo,21439572,6872659,17122,920998362.6795967
D5609_R_2024_03_01_15_10_09_Alaska.ndpi.ndpa,46,paly,21577448,6877294,33308,3485354719.266948
D5609_R_2024_03_01_15_10_09_Alaska.ndpi.ndpa,47,paly,21474668,7081677,22939,1653098894.6292915
D5609_R_2024_03_01_15_10_09_Alaska.ndpi.ndpa,48,paly,20429188,7069429,16295,834177751.0695534
D5609_R_2024_03_01_15_10_09_Alaska.ndpi.ndpa,49,pol,20113318,7053256,14090,623694420.4911398
D5609_R_2024_03_01_15_10_09_Alaska.ndpi.ndpa,50,bipol,20210380,7143784,38037,4545298251.165898
D5609_R_2024_03_01_15_10_09_Alaska.ndpi.ndpa,51,paly,20216596,7068238,29973,2822346298.3530426
D5609_R_2024_03_01_15_10_09_Alaska.ndpi.ndpa,52,paly,20176752,7113034,12759,511426405.73219454
D5609_R_2024_03_01_15_10_09_Alaska.ndpi.ndpa,53,paly,20164480,7304620,15076,714039324.1470553
D5609_R_2024_03_01_15_10_09_Alaska.ndpi.ndpa,54,spo,20257074,7284219,20029,1260283950.993503
D5609_R_2024_03_01_15_10_09_Alaska.ndpi.ndpa,55,spo,20326404,7211382,19830,1235365023.4191954
D5609_R_2024_03_01_15_10_09_Alaska.ndpi.ndpa,56,paly,20580136,7182693,15171,723066580.6814027
D5609_R_2024_03_01_15_10_09_Alaska.ndpi.ndpa,57,pol,21115010,7329643,11703,430273186.42852265
D5609_R_2024_03_01_15_10_09_Alaska.ndpi.ndpa,58,pol,21648766,7322949,14684,677389755.577689
D5609_R_2024_03_01_15_10_09_Alaska.ndpi.ndpa,59,paly,21563338,7254415,13177,545485190.8047396
D5609_R_2024_03_01_15_10_09_Alaska.ndpi.ndpa,60,spo,20821756,7435014,16004,804649893.444129
D5609_R_2024_03_01_15_10_09_Alaska.ndpi.ndpa,61,paly,20072520,7348310,16460,851156724.1853284
D5609_R_2024_03_01_15_10_09_Alaska.ndpi.ndpa,62,paly,20054670,7505316,28824,2610107357.835209
D5609_R_2024_03_01_15_10_09_Alaska.ndpi.ndpa,63,pol,20457256,7561418,21388,1437110702.04044
D5609_R_2024_03_01_15_10_09_Alaska.ndpi.ndpa,64,paly,20547624,7597757,19366,1178229053.7575464
D5609_R_2024_03_01_15_10_09_Alaska.ndpi.ndpa,65,paly,20539016,7548827,17593,972365805.8841698
D5609_R_2024_03_01_15_10_09_Alaska.ndpi.ndpa,66,paly,21133680,7651519,31406,3098668557.9426007
D5609_R_2024_03_01_15_10_09_Alaska.ndpi.ndpa,67,paly,20730012,7745344,8703,237951167.3610627
D5609_R_2024_03_01_15_10_09_Alaska.ndpi.ndpa,68,paly,20223644,7580843,16121,816457962.1317279
D5609_R_2024_03_01_15_10_09_Alaska.ndpi.ndpa,69,pol,20178908,7780158,18948,1127915655.7289572
D5609_R_2024_03_01_15_10_09_Alaska.ndpi.ndpa,70,pol,20490666,7780847,17255,935362167.2563734
D5609_R_2024_03_01_15_10_09_Alaska.ndpi.ndpa,71,paly,20769178,7719399,17467,958487631.8413777
D5609_R_2024_03_01_15_10_09_Alaska.ndpi.ndpa,72,paly,20943596,7765702,20558,1327735588.3190339
D5609_R_2024_03_01_15_10_09_Alaska.ndpi.ndpa,73,paly,20958392,7750036,22549,1597366035.6449594
D5609_R_2024_03_01_15_10_09_Alaska.ndpi.ndpa,74,bipol,19090422,9048686,46145,6689584952.980432
D5609_R_2024_03_01_15_10_09_Alaska.ndpi.ndpa,75,bipol,19362610,9081178,57297,10313679692.324862
D5609_R_2024_03_01_15_10_09_Alaska.ndpi.ndpa,76,fun,19549124,9053405,20133,1273405905.9854643
D5609_R_2024_03_01_15_10_09_Alaska.ndpi.ndpa,77,paly,19628550,8946309,18733,1102464309.881275
D5609_R_2024_03_01_15_10_09_Alaska.ndpi.ndpa,78,pol,20305002,9089815,16627,868515685.4989258
D5609_R_2024_03_01_15_10_09_Alaska.ndpi.ndpa,79,pol,20723558,9067683,13096,538799526.6379306
D5609_R_2024_03_01_15_10_09_Alaska.ndpi.ndpa,80,pol,20708922,9145898,18685,1096821808.413498
D5609_R_2024_03_01_15_10_09_Alaska.ndpi.ndpa,81,paly,20845822,9184095,9653,292734888.37289226
D5609_R_2024_03_01_15_10_09_Alaska.ndpi.ndpa,82,pol,20628782,9209620,47750,7163027599.725577
D5609_R_2024_03_01_15_10_09_Alaska.ndpi.ndpa,83,paly,20686968,9185880,17576,970487532.4595901
D5609_R_2024_03_01_15_10_09_Alaska.ndpi.ndpa,84,pol,20573984,9244426,14611,670671349.7322444
D5609_R_2024_03_01_15_10_09_Alaska.ndpi.ndpa,85,pol,20375504,9215154,28018,2466176383.685236
D5609_R_2024_03_01_15_10_09_Alaska.ndpi.ndpa,86,spo,20385500,9121445,17063,914662037.3326817
D5609_R_2024_03_01_15_10_09_Alaska.ndpi.ndpa,87,spo,20199338,9229968,22364,1571262840.737584
D5609_R_2024_03_01_15_10_09_Alaska.ndpi.ndpa,88,pol,20159002,9209085,14078,622632511.908744
D5609_R_2024_03_01_15_10_09_Alaska.ndpi.ndpa,89,paly,20140618,9143221,24642,1907663539.0752182
D5609_R_2024_03_01_15_10_09_Alaska.ndpi.ndpa,90,paly,19555840,9211835,23773,1775488458.0420532
D5609_R_2024_03_01_15_10_09_Alaska.ndpi.ndpa,91,paly,19202442,9225936,8674,236368015.15036124
D5609_R_2024_03_01_15_10_09_Alaska.ndpi.ndpa,92,spo,19048764,9284659,22242,1554166507.1450489
D5609_R_2024_03_01_15_10_09_Alaska.ndpi.ndpa,93,spo,19227966,9341100,16667,872699532.9312705
D5609_R_2024_03_01_15_10_09_Alaska.ndpi.ndpa,95,paly,19549056,9467656,46147,6690164840.718802
D5609_R_2024_03_01_15_10_09_Alaska.ndpi.ndpa,96,paly,19608848,9467656,22029,1524542158.642862
D5609_R_2024_03_01_15_10_09_Alaska.ndpi.ndpa,97,paly,19895490,9324141,20859,1366900306.5420861
D5609_R_2024_03_01_15_10_09_Alaska.ndpi.ndpa,98,pol,19982236,9388399,8419,222674708.1272696
D5609_R_2024_03_01_15_10_09_Alaska.ndpi.ndpa,99,paly,20129660,9348237,18856,1116989297.0107367
D5609_R_2024_03_01_15_10_09_Alaska.ndpi.ndpa,100,paly,20274054,9398394,20233,1286087258.890945
D5609_R_2024_03_01_15_10_09_Alaska.ndpi.ndpa,101,pol,20797740,9533012,42226,5601569895.854519
D5609_R_2024_03_01_15_10_09_Alaska.ndpi.ndpa,102,paly,20711528,9517841,18762,1105880336.3611193
D5609_R_2024_03_01_15_10_09_Alaska.ndpi.ndpa,103,fun,20286548,9512844,14853,693071810.1310239
D5609_R_2024_03_01_15_10_09_Alaska.ndpi.ndpa,104,pol,19969652,9504634,16209,825395918.894897
D5609_R_2024_03_01_15_10_09_Alaska.ndpi.ndpa,105,paly,19406870,9468532,22539,1595949554.349309
D5609_R_2024_03_01_15_10_09_Alaska.ndpi.ndpa,106,pol,19381670,9494803,12232,470050823.095105
D5609_R_2024_03_01_15_10_09_Alaska.ndpi.ndpa,107,paly,19053380,9691387,18658,1093654263.0629969
D5609_R_2024_03_01_15_10_09_Alaska.ndpi.ndpa,108,pol,19569680,9736782,24952,1955962824.354479
D5609_R_2024_03_01_15_10_09_Alaska.ndpi.ndpa,109,paly,20271148,9751259,29499,2733785655.9615483
D5609_R_2024_03_01_15_10_09_Alaska.ndpi.ndpa,110,bipol,20337632,9760373,39832,4984413908.790477
D5609_R_2024_03_01_15_10_09_Alaska.ndpi.ndpa,111,pol,20383382,9681379,16066,810896447.7809677
D5609_R_2024_03_01_15_10_09_Alaska.ndpi.ndpa,112,paly,20744036,9807725,22466,1585628275.800948
D5609_R_2024_03_01_15_10_09_Alaska.ndpi.ndpa,113,paly,20131034,9786279,22232,1552769315.2282913
D5609_R_2024_03_01_15_10_09_Alaska.ndpi.ndpa,114,fun,19978586,9825419,13547,576548881.972317
D5609_R_2024_03_01_15_10_09_Alaska.ndpi.ndpa,115,paly,19116288,10048276,13568,578337751.9531609
D5609_R_2024_03_01_15_10_09_Alaska.ndpi.ndpa,116,pol,19183664,10059356,43495,5943312184.49079
D5609_R_2024_03_01_15_10_09_Alaska.ndpi.ndpa,117,paly,19150064,10006991,18588,1085463439.8647044
D5609_R_2024_03_01_15_10_09_Alaska.ndpi.ndpa,118,spo,19786108,10082946,20620,1335756187.460984
D5609_R_2024_03_01_15_10_09_Alaska.ndpi.ndpa,119,pol,19964288,10006276,12070,457682611.57896364
D5609_R_2024_03_01_15_10_09_Alaska.ndpi.ndpa,120,pol,20077776,10071510,14576,667462071.464933
D5609_R_2024_03_01_15_10_09_Alaska.ndpi.ndpa,121,pol,20356934,10055781,14174,631153114.371069
D5609_R_2024_03_01_15_10_09_Alaska.ndpi.ndpa,122,paly,20349784,9955519,10330,335235896.3126479
D5609_R_2024_03_01_15_10_09_Alaska.ndpi.ndpa,123,fun,20399288,10018787,19198,1157875454.0699162
D5609_R_2024_03_01_15_10_09_Alaska.ndpi.ndpa,124,paly,20448614,9941937,13341,559147826.4587542
D5609_R_2024_03_01_15_10_09_Alaska.ndpi.ndpa,125,paly,20583368,10057926,10984,379027674.7180207
D5609_R_2024_03_01_15_10_09_Alaska.ndpi.ndpa,126,paly,20553880,9985366,14414,652707958.558467
D5609_R_2024_03_01_15_10_09_Alaska.ndpi.ndpa,127,paly,20834824,10109390,27353,2350497554.348659
D5609_R_2024_03_01_15_10_09_Alaska.ndpi.ndpa,128,pol,20634126,10137449,15565,761111217.4508927
D5609_R_2024_03_01_15_10_09_Alaska.ndpi.ndpa,129,pol,20130496,10092589,20990,1384123205.4778564
D5609_R_2024_03_01_15_10_09_Alaska.ndpi.ndpa,130,paly,19983234,10225915,35817,4030215663.0450487
D5609_R_2024_03_01_15_10_09_Alaska.ndpi.ndpa,131,pol,19314116,10194103,35543,3968789232.862763
D5609_R_2024_03_01_15_10_09_Alaska.ndpi.ndpa,132,pol,19221184,10195533,14321,644312507.7226831
D5609_R_2024_03_01_15_10_09_Alaska.ndpi.ndpa,133,pol,19119682,10138880,18163,1036394354.4295712
D5609_R_2024_03_01_15_10_09_Alaska.ndpi.ndpa,134,pol,19061956,10332963,12197,467364714.2523959
D5609_R_2024_03_01_15_10_09_Alaska.ndpi.ndpa,135,paly,19191164,10287746,33400,3504635100.6386294
D5609_R_2024_03_01_15_10_09_Alaska.ndpi.ndpa,136,paly,19130044,10273448,11801,437509505.81406015
D5609_R_2024_03_01_15_10_09_Alaska.ndpi.ndpa,137,paly,19395794,10319023,20371,1303690708.3696225
D5609_R_2024_03_01_15_10_09_Alaska.ndpi.ndpa,138,paly,19428852,10370136,13284,554380066.90785
D5609_R_2024_03_01_15_10_09_Alaska.ndpi.ndpa,139,bipol,19609178,10284351,41885,5511463203.461561
D5609_R_2024_03_01_15_10_09_Alaska.ndpi.ndpa,140,bipol,19801836,10286852,36057,4084407382.337236
D5609_R_2024_03_01_15_10_09_Alaska.ndpi.ndpa,141,paly,19966612,10307763,27118,2310283016.3917418
D5609_R_2024_03_01_15_10_09_Alaska.ndpi.ndpa,142,pol,20618576,10323669,18768,1106587760.1948545
D5609_R_2024_03_01_15_10_09_Alaska.ndpi.ndpa,143,paly,20632872,10347081,19737,1223804807.5424087
D5609_R_2024_03_01_15_10_09_Alaska.ndpi.ndpa,144,paly,20860022,10384069,19453,1188839006.9716606
D5609_R_2024_03_01_15_10_09_Alaska.ndpi.ndpa,145,pol,20021658,10389788,20849,1365590011.078127
D5609_R_2024_03_01_15_10_09_Alaska.ndpi.ndpa,146,paly,19906742,10452162,20471,1316521601.085414
D5609_R_2024_03_01_15_10_09_Alaska.ndpi.ndpa,147,paly,19661542,10400869,15386,743706074.7252876
D5609_R_2024_03_01_15_10_09_Alaska.ndpi.ndpa,148,bipol,19667260,10455022,42065,5558935810.049956
D5609_R_2024_03_01_15_10_09_Alaska.ndpi.ndpa,149,paly,19546624,10324198,13405,564525428.8339807
D5609_R_2024_03_01_15_10_09_Alaska.ndpi.ndpa,150,paly,19483360,10393185,27948,2453868817.4736795
D5609_R_2024_03_01_15_10_09_Alaska.ndpi.ndpa,151,paly,19344500,10411593,19679,1216622724.6124427
D5609_R_2024_03_01_15_10_09_Alaska.ndpi.ndpa,152,paly,19177400,10443047,23127,1680306368.779182
D5609_R_2024_03_01_15_10_09_Alaska.ndpi.ndpa,153,paly,19010486,10382998,16466,851777364.6636009
USNMPAL_793576_D4117_L_2024_02_02_12_34_41_Arkansas.ndpi.ndpa,4,pol,10496486,-5603832,9745,298341424.88797104
USNMPAL_793576_D4117_L_2024_02_02_12_34_41_Arkansas.ndpi.ndpa,5,din,11407285,-5356789,20158,1276570353.725609
USNMPAL_793576_D4117_L_2024_02_02_12_34_41_Arkansas.ndpi.ndpa,6,paly,10548239,-5510932,15335,738783918.46183
USNMPAL_793576_D4117_L_2024_02_02_12_34_41_Arkansas.ndpi.ndpa,7,paly,10661868,-5467905,13698,589473378.4412222
USNMPAL_793576_D4117_L_2024_02_02_12_34_41_Arkansas.ndpi.ndpa,8,paly,10644541,-5038900,7084,157654720.0642852
USNMPAL_793576_D4117_L_2024_02_02_12_34_41_Arkansas.ndpi.ndpa,9,paly,11391790,-4726726,8660,235605626.01155868
USNMPAL_793576_D4117_L_2024_02_02_12_34_41_Arkansas.ndpi.ndpa,10,paly,11156012,-4661649,11439,411079663.8105277
USNMPAL_793576_D4117_L_2024_02_02_12_34_41_Arkansas.ndpi.ndpa,11,pol,10674184,-4612975,12315,476451507.1091215
USNMPAL_793576_D4117_L_2024_02_02_12_34_41_Arkansas.ndpi.ndpa,12,paly,10101081,-4675094,14553,665357308.0595855
USNMPAL_793576_D4117_L_2024_02_02_12_34_41_Arkansas.ndpi.ndpa,13,paly,9728047,-4609592,15044,711011331.4838194
USNMPAL_793576_D4117_L_2024_02_02_12_34_41_Arkansas.ndpi.ndpa,14,paly,9784074,-4442284,6926,150700553.3981519
USNMPAL_793576_D4117_L_2024_02_02_12_34_41_Arkansas.ndpi.ndpa,15,paly,10052314,-4538842,25570,2054051502.5740812
USNMPAL_793576_D4117_L_2024_02_02_12_34_41_Arkansas.ndpi.ndpa,16,din,10854258,-4401171,14576,667462071.464933
USNMPAL_793576_D4117_L_2024_02_02_12_34_41_Arkansas.ndpi.ndpa,17,pol,11133258,-4616267,8745,240253376.72309577
USNMPAL_793576_D4117_L_2024_02_02_12_34_41_Arkansas.ndpi.ndpa,18,spo,11186730,-4525984,14143,628395339.5167463
USNMPAL_793576_D4117_L_2024_02_02_12_34_41_Arkansas.ndpi.ndpa,19,pol,3142971,-4872152,12357,479706900.81499493
USNMPAL_793576_D4117_L_2024_02_02_12_34_41_Arkansas.ndpi.ndpa,20,paly,2671079,-4962227,21910,1508115584.3297384
USNMPAL_793576_D4117_L_2024_02_02_12_34_41_Arkansas.ndpi.ndpa,21,bipol,1741057,-5478004,28532,2557492114.8693347
USNMPAL_793576_D4117_L_2024_02_02_12_34_41_Arkansas.ndpi.ndpa,22,paly,1655567,-5404998,14347,646654150.355704
USNMPAL_793576_D4117_L_2024_02_02_12_34_41_Arkansas.ndpi.ndpa,23,paly,2011356,-5367205,5024,79295608.13397485
USNMPAL_793576_D4117_L_2024_02_02_12_34_41_Arkansas.ndpi.ndpa,24,din,1376106,-5005697,12140,463006668.64900225
USNMPAL_793576_D4117_L_2024_02_02_12_34_41_Arkansas.ndpi.ndpa,26,paly,2385626,-6095025,16394,844344607.7726198
USNMPAL_793576_D4117_L_2024_02_02_12_34_41_Arkansas.ndpi.ndpa,27,paly,3118935,-5862788,10906,373663656.58942837
USNMPAL_793576_D4117_L_2024_02_02_12_34_41_Arkansas.ndpi.ndpa,28,pol,2797847,-5697653,6977,152928109.0939577
USNMPAL_793576_D4117_L_2024_02_02_12_34_41_Arkansas.ndpi.ndpa,29,pol,2575945,-5775832,9038,256622390.77562043
USNMPAL_793576_D4117_L_2024_02_02_12_34_41_Arkansas.ndpi.ndpa,30,din,2416545,-5604556,17544,966956884.9717798
USNMPAL_793576_D4117_L_2024_02_02_12_34_41_Arkansas.ndpi.ndpa,31,pol,3196448,-5267450,10850,369836141.1622244
USNMPAL_793576_D4117_L_2024_02_02_12_34_41_Arkansas.ndpi.ndpa,32,paly,3169424,-5533664,17112,919922869.8505667
USNMPAL_793576_D4117_L_2024_02_02_12_34_41_Arkansas.ndpi.ndpa,33,paly,3136871,-4998677,11923,446602305.3959394
USNMPAL_793576_D4117_L_2024_02_02_12_34_41_Arkansas.ndpi.ndpa,34,paly,3079885,-5002339,5143,83096536.26255149
USNMPAL_793576_D4117_L_2024_02_02_12_34_41_Arkansas.ndpi.ndpa,35,din,1938370,-5060997,15882,792428808.9951406
USNMPAL_793576_D4117_L_2024_02_02_12_34_41_Arkansas.ndpi.ndpa,36,paly,101946,7305367,8339,218462963.352161
USNMPAL_793576_D4117_L_2024_02_02_12_34_41_Arkansas.ndpi.ndpa,37,paly,754088,7302286,8339,218462963.352161
USNMPAL_793576_D4117_L_2024_02_02_12_34_41_Arkansas.ndpi.ndpa,38,paly,1710732,7269855,18592,1085930657.5241463
USNMPAL_793576_D4117_L_2024_02_02_12_34_41_Arkansas.ndpi.ndpa,39,paly,1089223,7577399,8339,218462963.352161
USNMPAL_793576_D4117_L_2024_02_02_12_34_41_Arkansas.ndpi.ndpa,40,pol,646126,7578311,9113,260899119.39476857
USNMPAL_793576_D4117_L_2024_02_02_12_34_41_Arkansas.ndpi.ndpa,41,paly,581474,7446875,12463,487972179.7591774
USNMPAL_793576_D4117_L_2024_02_02_12_34_41_Arkansas.ndpi.ndpa,42,paly,-44306,7554726,11322,402713486.33508986
USNMPAL_793576_D4117_L_2024_02_02_12_34_41_Arkansas.ndpi.ndpa,43,paly,36464,7753859,16356,840434895.7152274
USNMPAL_793576_D4117_L_2024_02_02_12_34_41_Arkansas.ndpi.ndpa,44,paly,-68347,7689357,12449,486876492.7725702
USNMPAL_793576_D4117_L_2024_02_02_12_34_41_Arkansas.ndpi.ndpa,45,pol,171846,7735146,24344,1861803109.8720508
USNMPAL_793576_D4117_L_2024_02_02_12_34_41_Arkansas.ndpi.ndpa,46,paly,314673,7724650,9943,310588056.76841843
USNMPAL_793576_D4117_L_2024_02_02_12_34_41_Arkansas.ndpi.ndpa,47,paly,478647,7715217,12802,514879402.4743861
USNMPAL_793576_D4117_L_2024_02_02_12_34_41_Arkansas.ndpi.ndpa,48,fun,868827,7601884,15375,742643050.8774997
USNMPAL_793576_D4117_L_2024_02_02_12_34_41_Arkansas.ndpi.ndpa,49,paly,1331692,7626073,11833,439885454.63885826
USNMPAL_793576_D4117_L_2024_02_02_12_34_41_Arkansas.ndpi.ndpa,50,paly,1719736,7550465,9249,268744405.1002779
USNMPAL_793576_D4117_L_2024_02_02_12_34_41_Arkansas.ndpi.ndpa,51,paly,1444253,7866167,24056,1818011821.555132
USNMPAL_793576_D4117_L_2024_02_02_12_34_41_Arkansas.ndpi.ndpa,52,paly,1322568,7873470,10436,342151157.4953591
USNMPAL_793576_D4117_L_2024_02_02_12_34_41_Arkansas.ndpi.ndpa,53,paly,1404714,7876816,19208,1159082014.144454
USNMPAL_793576_D4117_L_2024_02_02_12_34_41_Arkansas.ndpi.ndpa,54,paly,886010,7770631,14668,675914363.1365983
USNMPAL_793576_D4117_L_2024_02_02_12_34_41_Arkansas.ndpi.ndpa,55,paly,718996,7777021,8712,238443564.8856231
USNMPAL_793576_D4117_L_2024_02_02_12_34_41_Arkansas.ndpi.ndpa,56,paly,-47501,8026394,10722,361161525.26164985
USNMPAL_793576_D4117_L_2024_02_02_12_34_41_Arkansas.ndpi.ndpa,57,paly,102482,8020157,14355,647375510.2944506
USNMPAL_793576_D4117_L_2024_02_02_12_34_41_Arkansas.ndpi.ndpa,58,paly,160897,8010421,10137,322826193.7823306
USNMPAL_793576_D4117_L_2024_02_02_12_34_41_Arkansas.ndpi.ndpa,59,paly,520183,7917320,22713,1620685977.3815916
USNMPAL_793576_D4117_L_2024_02_02_12_34_41_Arkansas.ndpi.ndpa,60,paly,654948,7989427,9159,263539665.71922264
USNMPAL_793576_D4117_L_2024_02_02_12_34_41_Arkansas.ndpi.ndpa,61,paly,1369576,7980148,10382,338619466.99878776
USNMPAL_793576_D4117_L_2024_02_02_12_34_41_Arkansas.ndpi.ndpa,62,paly,1450638,7950635,18409,1064658358.7552342
USNMPAL_793576_D4117_L_2024_02_02_12_34_41_Arkansas.ndpi.ndpa,63,pol,1188703,8248839,17359,946671448.4199545
USNMPAL_793576_D4117_L_2024_02_02_12_34_41_Arkansas.ndpi.ndpa,64,paly,867906,8239257,11230,396195360.1629042
USNMPAL_793576_D4117_L_2024_02_02_12_34_41_Arkansas.ndpi.ndpa,65,paly,847521,8235757,12994,530439183.10005057
USNMPAL_793576_D4117_L_2024_02_02_12_34_41_Arkansas.ndpi.ndpa,66,paly,701500,8098844,13897,606725136.0471084
USNMPAL_793576_D4117_L_2024_02_02_12_34_41_Arkansas.ndpi.ndpa,67,paly,628481,8253708,13873,604631327.3753439
USNMPAL_793576_D4117_L_2024_02_02_12_34_41_Arkansas.ndpi.ndpa,68,paly,286230,8329510,5646,100145541.76176037
USNMPAL_793576_D4117_L_2024_02_02_12_34_41_Arkansas.ndpi.ndpa,69,paly,521698,8407702,9340,274058720.0914978
USNMPAL_793576_D4117_L_2024_02_02_12_34_41_Arkansas.ndpi.ndpa,70,paly,744390,8420936,4718,69930357.07080568
USNMPAL_793576_D4117_L_2024_02_02_12_34_41_Arkansas.ndpi.ndpa,71,paly,1283628,8374844,8087,205458805.51833877
USNMPAL_793576_D4117_L_2024_02_02_12_34_41_Arkansas.ndpi.ndpa,72,paly,1568982,8635935,7552,179173523.90076122
USNMPAL_793576_D4117_L_2024_02_02_12_34_41_Arkansas.ndpi.ndpa,73,paly,1648238,8617985,17876,1003900255.2861097
USNMPAL_793576_D4117_L_2024_02_02_12_34_41_Arkansas.ndpi.ndpa,74,paly,1586633,8641720,12930,525226853.6311442
USNMPAL_793576_D4117_L_2024_02_02_12_34_41_Arkansas.ndpi.ndpa,75,paly,475315,8621788,8203,211395284.6602682
USNMPAL_793576_D4117_L_2024_02_02_12_34_41_Arkansas.ndpi.ndpa,76,paly,149176,8467378,12450,486954715.2880519
USNMPAL_793576_D4117_L_2024_02_02_12_34_41_Arkansas.ndpi.ndpa,77,paly,330192,8787642,14949,702059881.580203
USNMPAL_793576_D4117_L_2024_02_02_12_34_41_Arkansas.ndpi.ndpa,78,paly,869129,8725424,7175,161731153.30221105
USNMPAL_793576_D4117_L_2024_02_02_12_34_41_Arkansas.ndpi.ndpa,79,paly,1105038,8713406,14548,664900190.6205249
USNMPAL_793576_D4117_L_2024_02_02_12_34_41_Arkansas.ndpi.ndpa,80,paly,1247720,8715687,13983,614257669.9207675
USNMPAL_793576_D4117_L_2024_02_02_12_34_41_Arkansas.ndpi.ndpa,81,paly,1568373,8719795,14725,681177790.6100154
USNMPAL_793576_D4117_L_2024_02_02_12_34_41_Arkansas.ndpi.ndpa,82,paly,1681857,8610721,15367,741870420.1466464
USNMPAL_793576_D4117_L_2024_02_02_12_34_41_Arkansas.ndpi.ndpa,83,pol,2547077,-5680182,5454,93450179.4984298
USNMPAL_793576_D4117_L_2024_02_02_12_34_41_Arkansas.ndpi.ndpa,84,paly,2644026,-5181250,20832,1363363950.780424
USNMPAL_793576_D4117_L_2024_02_02_12_34_41_Arkansas.ndpi.ndpa,85,din,2190332,-4732076,30586,2938970596.2819033
USNMPAL_793576_D4117_L_2024_02_02_12_34_41_Arkansas.ndpi.ndpa,86,fun,2100389,-5387634,10008,314662121.2454835
USNMPAL_793576_D4117_L_2024_02_02_12_34_41_Arkansas.ndpi.ndpa,87,paly,10355996,-5647089,13191,546644916.0159975
USNMPAL_793576_D4117_L_2024_02_02_12_34_41_Arkansas.ndpi.ndpa,88,paly,10920371,-5398839,13973,613379406.27853
USNMPAL_793576_D4117_L_2024_02_02_12_34_41_Arkansas.ndpi.ndpa,89,paly,11033631,-5722724,14160,629906919.9636136
D3869-1_R_2024_02_20_17_53_41_Wyoming.ndpi.ndpa,3,bipol,17758434,-4084104,44504,6222257309.521348
D3869-1_R_2024_02_20_17_53_41_Wyoming.ndpi.ndpa,4,bipol,17916760,-3971512,44504,6222257309.521348
D3869-1_R_2024_02_20_17_53_41_Wyoming.ndpi.ndpa,5,bipol,17984316,-3775183,44504,6222257309.521348
D3869-1_R_2024_02_20_17_53_41_Wyoming.ndpi.ndpa,6,bipol,18564140,-3891293,44504,6222257309.521348
D3869-1_R_2024_02_20_17_53_41_Wyoming.ndpi.ndpa,7,bipol,19414310,-3786305,44504,6222257309.521348
D3869-1_R_2024_02_20_17_53_41_Wyoming.ndpi.ndpa,8,bipol,19033188,-3376887,44504,6222257309.521348
D3869-1_R_2024_02_20_17_53_41_Wyoming.ndpi.ndpa,9,bipol,19089260,-3299886,44504,6222257309.521348
D3869-1_R_2024_02_20_17_53_41_Wyoming.ndpi.ndpa,10,bipol,19207446,-3403533,44504,6222257309.521348
D3869-1_R_2024_02_20_17_53_41_Wyoming.ndpi.ndpa,11,bipol,18170660,-2712833,44504,6222257309.521348
D3869-1_R_2024_02_20_17_53_41_Wyoming.ndpi.ndpa,12,bipol,17902628,-2702621,44504,6222257309.521348
D3869-1_R_2024_02_20_17_53_41_Wyoming.ndpi.ndpa,13,bipol,17984516,-3174716,44504,6222257309.521348
D3869-1_R_2024_02_20_17_53_41_Wyoming.ndpi.ndpa,14,bipol,18388552,-4003083,44504,6222257309.521348
D3869-1_R_2024_02_20_17_53_41_Wyoming.ndpi.ndpa,15,bipol,18245152,-4063462,57650,10441153870.040382
D3869-1_R_2024_02_20_17_53_41_Wyoming.ndpi.ndpa,16,bipol,18730848,-3979881,53037,8837059391.161451
D3869-1_R_2024_02_20_17_53_41_Wyoming.ndpi.ndpa,17,pol,19097490,-4162696,17030,911127528.8275
D3869-1_R_2024_02_20_17_53_41_Wyoming.ndpi.ndpa,18,paly,18447336,-3732142,22316,1564525255.4689891
D3869-1_R_2024_02_20_17_53_41_Wyoming.ndpi.ndpa,19,pol,17998680,-3724595,28015,2465648285.1017604
D3869-1_R_2024_02_20_17_53_41_Wyoming.ndpi.ndpa,20,spo,17908116,-3787490,60740,11590427316.699135
D3869-1_R_2024_02_20_17_53_41_Wyoming.ndpi.ndpa,21,alg,19154772,-3622675,21380,1436035824.96357
D3869-1_R_2024_02_20_17_53_41_Wyoming.ndpi.ndpa,22,paly,18637720,-3547479,40815,5233466811.138054
D3869-1_R_2024_02_20_17_53_41_Wyoming.ndpi.ndpa,23,paly,18033904,-3428605,22265,1557382433.0224152
D3869-1_R_2024_02_20_17_53_41_Wyoming.ndpi.ndpa,24,paly,18300946,-3317909,54237,9241472843.54688
D3869-1_R_2024_02_20_17_53_41_Wyoming.ndpi.ndpa,25,pol,18443506,-3312319,12800,514718540.3641517
D3869-1_R_2024_02_20_17_53_41_Wyoming.ndpi.ndpa,26,pol,19097012,-3252778,17340,944600256.0737032
D3869-1_R_2024_02_20_17_53_41_Wyoming.ndpi.ndpa,27,pol,19133528,-3206336,19081,1143805382.123065
D3869-1_R_2024_02_20_17_53_41_Wyoming.ndpi.ndpa,28,bipol,19133248,-3020446,45594,6530783133.765763
D3869-1_R_2024_02_20_17_53_41_Wyoming.ndpi.ndpa,29,pol,19166792,-3040293,19074,1142966309.849181
D3869-1_R_2024_02_20_17_53_41_Wyoming.ndpi.ndpa,30,bipol,18308544,-3089770,53967,9149690962.844843
D3869-1_R_2024_02_20_17_53_41_Wyoming.ndpi.ndpa,31,pol,17937584,-3110736,18654,1093185386.642634
D3869-1_R_2024_02_20_17_53_41_Wyoming.ndpi.ndpa,32,pol,18114524,-3081384,32393,3296493431.542793
D3869-1_R_2024_02_20_17_53_41_Wyoming.ndpi.ndpa,33,bipol,18507848,-2949767,58914,10904026380.116707
D3869-1_R_2024_02_20_17_53_41_Wyoming.ndpi.ndpa,34,pol,18396596,-2795744,18936,1126487462.575894
D3869-1_R_2024_02_20_17_53_41_Wyoming.ndpi.ndpa,35,pol,18873104,-2765274,22041,1526203558.5017865
D3869-1_R_2024_02_20_17_53_41_Wyoming.ndpi.ndpa,36,bipol,19057034,-2953122,67004,14104293365.892387
D3869-1_R_2024_02_20_17_53_41_Wyoming.ndpi.ndpa,37,paly,19280682,-2820063,74524,17447860770.473354
D3869-1_R_2024_02_20_17_53_41_Wyoming.ndpi.ndpa,38,pol,18844770,-2653474,31394,3096301053.7188554
D3869-1_R_2024_02_20_17_53_41_Wyoming.ndpi.ndpa,39,bipol,18498676,1843128,44504,6222257309.521348
D3869-1_R_2024_02_20_17_53_41_Wyoming.ndpi.ndpa,40,bipol,18518784,2355436,44504,6222257309.521348
D3869-1_R_2024_02_20_17_53_41_Wyoming.ndpi.ndpa,41,bipol,18286028,2440257,44504,6222257309.521348
D3869-1_R_2024_02_20_17_53_41_Wyoming.ndpi.ndpa,42,bipol,19096382,2918021,44504,6222257309.521348
D3869-1_R_2024_02_20_17_53_41_Wyoming.ndpi.ndpa,43,bipol,18821704,2769205,44504,6222257309.521348
D3869-1_R_2024_02_20_17_53_41_Wyoming.ndpi.ndpa,44,bipol,18183864,2713742,44504,6222257309.521348
D3869-1_R_2024_02_20_17_53_41_Wyoming.ndpi.ndpa,45,bipol,19245656,1949102,60708,11578218032.072153
D3869-1_R_2024_02_20_17_53_41_Wyoming.ndpi.ndpa,46,bipol,18668988,2145251,44504,6222257309.521348
D3869-1_R_2024_02_20_17_53_41_Wyoming.ndpi.ndpa,47,bipol,18733764,2186609,73355,16904771917.429735
D3869-1_R_2024_02_20_17_53_41_Wyoming.ndpi.ndpa,48,bipol,18253680,1852504,58356,10698451049.785254
D3869-1_R_2024_02_20_17_53_41_Wyoming.ndpi.ndpa,49,bipol,19109580,1636190,44504,6222257309.521348
D3869-1_R_2024_02_20_17_53_41_Wyoming.ndpi.ndpa,50,bipol,19604308,2481873,44504,6222257309.521348
D3869-1_R_2024_02_20_17_53_41_Wyoming.ndpi.ndpa,51,bipol,19408376,2504749,44504,6222257309.521348
D3869-1_R_2024_02_20_17_53_41_Wyoming.ndpi.ndpa,52,bipol,19460590,2587798,44504,6222257309.521348
D3869-1_R_2024_02_20_17_53_41_Wyoming.ndpi.ndpa,53,pol,19397900,2427278,44504,6222257309.521348
D3869-1_R_2024_02_20_17_53_41_Wyoming.ndpi.ndpa,54,pol,19453142,2478531,19949,1250236383.705086
D3869-1_R_2024_02_20_17_53_41_Wyoming.ndpi.ndpa,55,paly,19642822,3082043,22520,1593259970.905125
D3869-1_R_2024_02_20_17_53_41_Wyoming.ndpi.ndpa,56,pol,18333812,3016708,14694,678312692.6674607
D3869-1_R_2024_02_20_17_53_41_Wyoming.ndpi.ndpa,57,paly,18136010,2927975,15967,800933618.671196
D3869-1_R_2024_02_20_17_53_41_Wyoming.ndpi.ndpa,58,paly,18138072,2844227,27833,2433716081.7955422
D3869-1_R_2024_02_20_17_53_41_Wyoming.ndpi.ndpa,59,pol,18062724,1627407,30900,2999624081.5740705
D3869-1_R_2024_02_20_17_53_41_Wyoming.ndpi.ndpa,60,paly,18457666,1674186,19455,1189083473.1455922
D3869-1_R_2024_02_20_17_53_41_Wyoming.ndpi.ndpa,61,pol,18761252,1830027,11226,395913169.74438816
D3869-1_R_2024_02_20_17_53_41_Wyoming.ndpi.ndpa,62,pol,18402932,1775703,17188,928112373.5799446
D3869-1_R_2024_02_20_17_53_41_Wyoming.ndpi.ndpa,63,paly,18026508,1783934,22942,1653531312.8669097
D3869-1_R_2024_02_20_17_53_41_Wyoming.ndpi.ndpa,64,paly,18112244,1890526,22622,1607725384.0130968
D3869-1_R_2024_02_20_17_53_41_Wyoming.ndpi.ndpa,65,paly,19028344,1825502,31411,3099655285.071203
D3869-1_R_2024_02_20_17_53_41_Wyoming.ndpi.ndpa,66,paly,19680092,2031689,31875,3191907223.432442
D3869-1_R_2024_02_20_17_53_41_Wyoming.ndpi.ndpa,67,pol,18993772,1966665,19877,1241227954.7355115
D3869-1_R_2024_02_20_17_53_41_Wyoming.ndpi.ndpa,68,pol,18574820,2036216,21740,1484803396.0437753
D3869-1_R_2024_02_20_17_53_41_Wyoming.ndpi.ndpa,69,paly,18447106,2010837,23321,1708614983.720526
D3869-1_R_2024_02_20_17_53_41_Wyoming.ndpi.ndpa,70,pol,18723526,2058854,21094,1397873127.1421583
D3869-1_R_2024_02_20_17_53_41_Wyoming.ndpi.ndpa,71,fun,18781418,2169147,8259,214291430.96301833
D3869-1_R_2024_02_20_17_53_41_Wyoming.ndpi.ndpa,72,paly,19338922,2072160,33186,3459869277.7141967
D3869-1_R_2024_02_20_17_53_41_Wyoming.ndpi.ndpa,73,paly,19291732,2284931,22342,1568172983.8318136
D3869-1_R_2024_02_20_17_53_41_Wyoming.ndpi.ndpa,74,paly,19169366,2203172,17302,940464676.0708882
D3869-1_R_2024_02_20_17_53_41_Wyoming.ndpi.ndpa,75,paly,18994870,2237330,21530,1456256686.0784009
D3869-1_R_2024_02_20_17_53_41_Wyoming.ndpi.ndpa,76,pol,18587992,2251871,16787,885311393.8072536
D3869-1_R_2024_02_20_17_53_41_Wyoming.ndpi.ndpa,77,paly,18069308,2294260,19080,1143685495.8058112
D3869-1_R_2024_02_20_17_53_41_Wyoming.ndpi.ndpa,78,paly,18713100,2380686,14049,620069968.188286
D3869-1_R_2024_02_20_17_53_41_Wyoming.ndpi.ndpa,79,paly,19042472,2448182,31941,3205139159.30002
D3869-1_R_2024_02_20_17_53_41_Wyoming.ndpi.ndpa,80,paly,19118468,2467937,38115,4563958859.13888
D3869-1_R_2024_02_20_17_53_41_Wyoming.ndpi.ndpa,81,paly,18099214,2656838,6726,142122748.8167903
D3869-1_R_2024_02_20_17_53_41_Wyoming.ndpi.ndpa,82,pol,19093538,2663814,15516,756326669.2288476
D3869-1_R_2024_02_20_17_53_41_Wyoming.ndpi.ndpa,83,bipol,18782452,2745300,30404,2904098352.3403788
D3869-1_R_2024_02_20_17_53_41_Wyoming.ndpi.ndpa,84,pol,18195886,2700659,13948,611186496.066508
D3869-1_R_2024_02_20_17_53_41_Wyoming.ndpi.ndpa,85,pol,19024140,2863930,18166,1036736747.1881078
C_418058_W_Nassichuk_R_2025_01_21_14_59_16_Alaska.ndpi.ndpa,2,pol,27240072,248074,12284,474055825.9408662
C_418058_W_Nassichuk_R_2025_01_21_14_59_16_Alaska.ndpi.ndpa,3,pol,27555122,181207,12605,499155168.8980842
C_418058_W_Nassichuk_R_2025_01_21_14_59_16_Alaska.ndpi.ndpa,4,pol,27712864,218483,11486,414464651.3549543
C_418058_W_Nassichuk_R_2025_01_21_14_59_16_Alaska.ndpi.ndpa,5,pol,27814996,155749,11788,436546114.43568826
C_418058_W_Nassichuk_R_2025_01_21_14_59_16_Alaska.ndpi.ndpa,6,pol,28086384,278035,11453,412086506.5568914
C_418058_W_Nassichuk_R_2025_01_21_14_59_16_Alaska.ndpi.ndpa,7,paly,28026076,176055,12216,468821932.57998556
C_418058_W_Nassichuk_R_2025_01_21_14_59_16_Alaska.ndpi.ndpa,8,pol,28146388,212877,6578,135936978.01461324
C_418058_W_Nassichuk_R_2025_01_21_14_59_16_Alaska.ndpi.ndpa,9,pol,28214276,283036,13801,598371616.0484719
C_418058_W_Nassichuk_R_2025_01_21_14_59_16_Alaska.ndpi.ndpa,10,spo,28186546,204694,11356,405135817.6338256
C_418058_W_Nassichuk_R_2025_01_21_14_59_16_Alaska.ndpi.ndpa,11,paly,29049960,358498,11456,412302418.7951946
C_418058_W_Nassichuk_R_2025_01_21_14_59_16_Alaska.ndpi.ndpa,12,pol,28270644,376227,10062,318066916.53159106
C_418058_W_Nassichuk_R_2025_01_21_14_59_16_Alaska.ndpi.ndpa,13,spo,28063806,326676,14908,698214141.7740157
C_418058_W_Nassichuk_R_2025_01_21_14_59_16_Alaska.ndpi.ndpa,14,paly,28135782,305159,13252,551712377.2228689
C_418058_W_Nassichuk_R_2025_01_21_14_59_16_Alaska.ndpi.ndpa,15,paly,27607096,300158,5286,87781741.04170467
C_418058_W_Nassichuk_R_2025_01_21_14_59_16_Alaska.ndpi.ndpa,16,pol,27354798,342436,14897,697184154.914573
C_418058_W_Nassichuk_R_2025_01_21_14_59_16_Alaska.ndpi.ndpa,17,pol,27284036,345466,12731,509184188.22347444
C_418058_W_Nassichuk_R_2025_01_21_14_59_16_Alaska.ndpi.ndpa,18,pol,27280702,309856,11323,402784627.7007304
C_418058_W_Nassichuk_R_2025_01_21_14_59_16_Alaska.ndpi.ndpa,19,pol,27212212,415473,11481,414103886.56257933
C_418058_W_Nassichuk_R_2025_01_21_14_59_16_Alaska.ndpi.ndpa,20,pol,27264488,434869,9173,264345949.19058114
C_418058_W_Nassichuk_R_2025_01_21_14_59_16_Alaska.ndpi.ndpa,21,pol,27274944,450477,12947,526608868.5137922
C_418058_W_Nassichuk_R_2025_01_21_14_59_16_Alaska.ndpi.ndpa,22,pol,27299036,477146,10099,320410409.56268495
C_418058_W_Nassichuk_R_2025_01_21_14_59_16_Alaska.ndpi.ndpa,23,pol,27284792,525333,10844,369427218.89606255
C_418058_W_Nassichuk_R_2025_01_21_14_59_16_Alaska.ndpi.ndpa,24,pol,27351466,465175,11137,389660435.8947998
C_418058_W_Nassichuk_R_2025_01_21_14_59_16_Alaska.ndpi.ndpa,25,pol,27456172,442597,15405,745543997.5338244
C_418058_W_Nassichuk_R_2025_01_21_14_59_16_Alaska.ndpi.ndpa,26,pol,27482538,472600,12859,519474537.79216087
C_418058_W_Nassichuk_R_2025_01_21_14_59_16_Alaska.ndpi.ndpa,27,pol,27764990,530788,13730,592230741.7469074
C_418058_W_Nassichuk_R_2025_01_21_14_59_16_Alaska.ndpi.ndpa,28,pol,27900912,459569,14491,659700154.203672
C_418058_W_Nassichuk_R_2025_01_21_14_59_16_Alaska.ndpi.ndpa,29,paly,27903034,528364,14101,624668631.5146106
C_418058_W_Nassichuk_R_2025_01_21_14_59_16_Alaska.ndpi.ndpa,30,pol,28269888,490935,11893,444357700.27680254
C_418058_W_Nassichuk_R_2025_01_21_14_59_16_Alaska.ndpi.ndpa,31,pol,28255946,456235,8679,236640595.43694997
C_418058_W_Nassichuk_R_2025_01_21_14_59_16_Alaska.ndpi.ndpa,32,pol,28293828,520636,11086,386099839.60422283
C_418058_W_Nassichuk_R_2025_01_21_14_59_16_Alaska.ndpi.ndpa,33,pol,28383536,539577,13731,592317013.0227675
C_418058_W_Nassichuk_R_2025_01_21_14_59_16_Alaska.ndpi.ndpa,34,pol,28522068,407306,12827,516892299.42735744
C_418058_W_Nassichuk_R_2025_01_21_14_59_16_Alaska.ndpi.ndpa,35,pol,28325486,564044,10727,361498445.36578405
C_418058_W_Nassichuk_R_2025_01_21_14_59_16_Alaska.ndpi.ndpa,36,paly,28984328,504806,15727,777036905.656106
C_418058_W_Nassichuk_R_2025_01_21_14_59_16_Alaska.ndpi.ndpa,37,paly,28869900,580906,14692,678128054.9840239
C_418058_W_Nassichuk_R_2025_01_21_14_59_16_Alaska.ndpi.ndpa,38,pol,28740452,627400,10968,377924246.84711504
C_418058_W_Nassichuk_R_2025_01_21_14_59_16_Alaska.ndpi.ndpa,39,pol,28700980,542571,9376,276175449.8232629
C_418058_W_Nassichuk_R_2025_01_21_14_59_16_Alaska.ndpi.ndpa,40,pol,28648794,539725,11164,391552073.6545279
C_418058_W_Nassichuk_R_2025_01_21_14_59_16_Alaska.ndpi.ndpa,41,paly,28336024,636320,21419,1441279648.8988287
C_418058_W_Nassichuk_R_2025_01_21_14_59_16_Alaska.ndpi.ndpa,42,pol,28088336,671997,12305,475678046.9978077
C_418058_W_Nassichuk_R_2025_01_21_14_59_16_Alaska.ndpi.ndpa,43,pol,27905554,578818,13398,563936000.0787214
C_418058_W_Nassichuk_R_2025_01_21_14_59_16_Alaska.ndpi.ndpa,44,paly,27859250,663457,15632,767677771.2738334
C_418058_W_Nassichuk_R_2025_01_21_14_59_16_Alaska.ndpi.ndpa,45,pol,27636614,603678,10466,344121124.5847191
C_418058_W_Nassichuk_R_2025_01_21_14_59_16_Alaska.ndpi.ndpa,46,pol,27536416,631575,14924,699713661.6466858
C_418058_W_Nassichuk_R_2025_01_21_14_59_16_Alaska.ndpi.ndpa,47,pol,27517248,606525,14583,668103311.3662353
C_418058_W_Nassichuk_R_2025_01_21_14_59_16_Alaska.ndpi.ndpa,48,pol,27462216,603868,14782,686461632.1524954
C_418058_W_Nassichuk_R_2025_01_21_14_59_16_Alaska.ndpi.ndpa,49,pol,27276222,613357,8232,212892614.84285888
C_418058_W_Nassichuk_R_2025_01_21_14_59_16_Alaska.ndpi.ndpa,50,pol,27201262,668961,10312,334068618.71265066
C_418058_W_Nassichuk_R_2025_01_21_14_59_16_Alaska.ndpi.ndpa,51,pol,27304308,683573,13441,567561639.9035984
C_418058_W_Nassichuk_R_2025_01_21_14_59_16_Alaska.ndpi.ndpa,52,paly,27277740,778650,14711,679883127.7111005
C_418058_W_Nassichuk_R_2025_01_21_14_59_16_Alaska.ndpi.ndpa,53,pol,27398624,792883,8722,238991270.14884996
C_418058_W_Nassichuk_R_2025_01_21_14_59_16_Alaska.ndpi.ndpa,54,pol,27498632,800285,15865,790733294.5815908
C_418058_W_Nassichuk_R_2025_01_21_14_59_16_Alaska.ndpi.ndpa,55,pol,27602656,781687,13815,599586231.1665734
C_418058_W_Nassichuk_R_2025_01_21_14_59_16_Alaska.ndpi.ndpa,56,pol,27622200,797248,14009,616544095.921309
C_418058_W_Nassichuk_R_2025_01_21_14_59_16_Alaska.ndpi.ndpa,57,paly,27902982,685135,17004,908347583.7538209
C_418058_W_Nassichuk_R_2025_01_21_14_59_16_Alaska.ndpi.ndpa,58,pol,27973418,764631,15000,706858347.0577035
C_418058_W_Nassichuk_R_2025_01_21_14_59_16_Alaska.ndpi.ndpa,59,pol,28245424,708306,12122,461634684.8716971
C_418058_W_Nassichuk_R_2025_01_21_14_59_16_Alaska.ndpi.ndpa,60,paly,28301738,843938,10138,322889889.5733821
C_418058_W_Nassichuk_R_2025_01_21_14_59_16_Alaska.ndpi.ndpa,61,paly,28514582,677600,10243,329612913.56002754
C_418058_W_Nassichuk_R_2025_01_21_14_59_16_Alaska.ndpi.ndpa,62,pol,28655292,846576,11753,433957646.2926528
C_418058_W_Nassichuk_R_2025_01_21_14_59_16_Alaska.ndpi.ndpa,63,pol,28641354,849778,12180,466062809.9824144
C_418058_W_Nassichuk_R_2025_01_21_14_59_16_Alaska.ndpi.ndpa,64,paly,28815962,704162,14919,699244888.8988805
C_418058_W_Nassichuk_R_2025_01_21_14_59_16_Alaska.ndpi.ndpa,65,pol,28990768,680991,10663,357197730.6867258
C_418058_W_Nassichuk_R_2025_01_21_14_59_16_Alaska.ndpi.ndpa,66,pol,28813318,971282,10319,334522318.09890413
C_418058_W_Nassichuk_R_2025_01_21_14_59_16_Alaska.ndpi.ndpa,67,pol,28861920,905161,14659,675085161.7468319
C_418058_W_Nassichuk_R_2025_01_21_14_59_16_Alaska.ndpi.ndpa,68,paly,28912216,919855,13386,562926267.0671165
C_418058_W_Nassichuk_R_2025_01_21_14_59_16_Alaska.ndpi.ndpa,69,paly,29012054,909494,17092,917773769.1480991
C_418058_W_Nassichuk_R_2025_01_21_14_59_16_Alaska.ndpi.ndpa,70,pol,28712932,890656,10345,336210182.7343424
C_418058_W_Nassichuk_R_2025_01_21_14_59_16_Alaska.ndpi.ndpa,71,pol,28611218,1011595,7433,173571388.75699008
C_418058_W_Nassichuk_R_2025_01_21_14_59_16_Alaska.ndpi.ndpa,72,pol,28448274,960356,15138,719924369.1340601
C_418058_W_Nassichuk_R_2025_01_21_14_59_16_Alaska.ndpi.ndpa,73,pol,28430380,864283,10031,316110071.8747451
C_418058_W_Nassichuk_R_2025_01_21_14_59_16_Alaska.ndpi.ndpa,74,pol,28617246,936997,13380,562421739.8533206
C_418058_W_Nassichuk_R_2025_01_21_14_59_16_Alaska.ndpi.ndpa,75,pol,28351834,960733,7535,178367771.35856116
C_418058_W_Nassichuk_R_2025_01_21_14_59_16_Alaska.ndpi.ndpa,76,pol,28200404,998974,12388,482116800.83160037
C_418058_W_Nassichuk_R_2025_01_21_14_59_16_Alaska.ndpi.ndpa,77,pol,28160092,1017623,12388,482116800.83160037
C_418058_W_Nassichuk_R_2025_01_21_14_59_16_Alaska.ndpi.ndpa,78,pol,28002236,1001611,12388,482116800.83160037
C_418058_W_Nassichuk_R_2025_01_21_14_59_16_Alaska.ndpi.ndpa,79,pol,28021826,1012725,10750,363050301.0304705
C_418058_W_Nassichuk_R_2025_01_21_14_59_16_Alaska.ndpi.ndpa,80,pol,27839306,884816,11189,393307674.1691702
C_418058_W_Nassichuk_R_2025_01_21_14_59_16_Alaska.ndpi.ndpa,81,pol,27849668,995206,14159,629817953.2012566
C_418058_W_Nassichuk_R_2025_01_21_14_59_16_Alaska.ndpi.ndpa,82,paly,27846652,934360,14691,678035745.5670835
C_418058_W_Nassichuk_R_2025_01_21_14_59_16_Alaska.ndpi.ndpa,83,pol,27554504,907422,12388,482116800.83160037
C_418058_W_Nassichuk_R_2025_01_21_14_59_16_Alaska.ndpi.ndpa,84,pol,27564300,909871,12388,482116800.83160037
C_418058_W_Nassichuk_R_2025_01_21_14_59_16_Alaska.ndpi.ndpa,85,pol,27542824,894612,11318,402428983.70438075
C_418058_W_Nassichuk_R_2025_01_21_14_59_16_Alaska.ndpi.ndpa,86,pol,27579934,903466,11128,389030907.85091025
C_418058_W_Nassichuk_R_2025_01_21_14_59_16_Alaska.ndpi.ndpa,87,paly,27565994,926071,12520,492445905.0872615
C_418058_W_Nassichuk_R_2025_01_21_14_59_16_Alaska.ndpi.ndpa,88,pol,27317358,904408,12388,482116800.83160037
C_418058_W_Nassichuk_R_2025_01_21_14_59_16_Alaska.ndpi.ndpa,89,pol,27238994,897438,12388,482116800.83160037
C_418058_W_Nassichuk_R_2025_01_21_14_59_16_Alaska.ndpi.ndpa,90,pol,27269352,1083615,14475,658244164.23881
C_418058_W_Nassichuk_R_2025_01_21_14_59_16_Alaska.ndpi.ndpa,91,pol,27324308,1082140,12650,502725510.4090727
C_418058_W_Nassichuk_R_2025_01_21_14_59_16_Alaska.ndpi.ndpa,92,pol,27256998,1112937,12388,482116800.83160037
C_418058_W_Nassichuk_R_2025_01_21_14_59_16_Alaska.ndpi.ndpa,93,paly,27337216,1179144,14628,672232919.2014158
C_418058_W_Nassichuk_R_2025_01_21_14_59_16_Alaska.ndpi.ndpa,94,pol,27463542,1154247,16222,826720423.7824285
C_418058_W_Nassichuk_R_2025_01_21_14_59_16_Alaska.ndpi.ndpa,95,paly,27301440,1159595,18546,1080563723.9975715
C_418058_W_Nassichuk_R_2025_01_21_14_59_16_Alaska.ndpi.ndpa,96,pol,27539900,1035113,12388,482116800.83160037
C_418058_W_Nassichuk_R_2025_01_21_14_59_16_Alaska.ndpi.ndpa,97,pol,27544510,1046547,6971,152665195.48796406
C_418058_W_Nassichuk_R_2025_01_21_14_59_16_Alaska.ndpi.ndpa,98,paly,28007428,1176009,16785,885100454.710121
C_418058_W_Nassichuk_R_2025_01_21_14_59_16_Alaska.ndpi.ndpa,99,pol,28242212,1101135,10548,349534553.68256706
C_418058_W_Nassichuk_R_2025_01_21_14_59_16_Alaska.ndpi.ndpa,100,pol,28290344,1090254,12388,482116800.83160037
C_418058_W_Nassichuk_R_2025_01_21_14_59_16_Alaska.ndpi.ndpa,101,pol,28421648,1184123,12388,482116800.83160037
C_418058_W_Nassichuk_R_2025_01_21_14_59_16_Alaska.ndpi.ndpa,102,pol,28315424,1135252,14485,659153969.4712895
C_418058_W_Nassichuk_R_2025_01_21_14_59_16_Alaska.ndpi.ndpa,103,pol,28930680,1056505,12388,482116800.83160037
C_418058_W_Nassichuk_R_2025_01_21_14_59_16_Alaska.ndpi.ndpa,104,spo,29004448,1140047,12388,482116800.83160037
C_418058_W_Nassichuk_R_2025_01_21_14_59_16_Alaska.ndpi.ndpa,105,pol,28484176,1294591,12388,482116800.83160037
C_418058_W_Nassichuk_R_2025_01_21_14_59_16_Alaska.ndpi.ndpa,106,pol,28423502,1203303,12388,482116800.83160037
C_418058_W_Nassichuk_R_2025_01_21_14_59_16_Alaska.ndpi.ndpa,107,paly,28435120,1198140,18806,1111073363.8847618
C_418058_W_Nassichuk_R_2025_01_21_14_59_16_Alaska.ndpi.ndpa,108,paly,28014616,1279284,17134,922289783.4548931
C_418058_W_Nassichuk_R_2025_01_21_14_59_16_Alaska.ndpi.ndpa,109,pol,27827804,1313033,10400,339794661.41227204
C_418058_W_Nassichuk_R_2025_01_21_14_59_16_Alaska.ndpi.ndpa,110,pol,27465208,1293669,13369,561497360.7725209
C_418058_W_Nassichuk_R_2025_01_21_14_59_16_Alaska.ndpi.ndpa,111,pol,27484388,1314877,10591,352390189.1480492
C_418058_W_Nassichuk_R_2025_01_21_14_59_16_Alaska.ndpi.ndpa,112,pol,27361568,1289980,7413,172638587.0662862
C_418058_W_Nassichuk_R_2025_01_21_14_59_16_Alaska.ndpi.ndpa,113,paly,27362858,1315061,18132,1032859607.1633478
C_418058_W_Nassichuk_R_2025_01_21_14_59_16_Alaska.ndpi.ndpa,114,paly,27438100,1295697,13035,533791856.2224424
C_418058_W_Nassichuk_R_2025_01_21_14_59_16_Alaska.ndpi.ndpa,115,pol,27235420,1269510,12388,482116800.83160037
C_418058_W_Nassichuk_R_2025_01_21_14_59_16_Alaska.ndpi.ndpa,116,paly,27223434,1257707,11506,415909281.32078105
C_418058_W_Nassichuk_R_2025_01_21_14_59_16_Alaska.ndpi.ndpa,117,pol,27666050,1393995,8051,203633640.717568
C_418058_W_Nassichuk_R_2025_01_21_14_59_16_Alaska.ndpi.ndpa,118,pol,27953944,1382745,13492,571876878.1654942
C_418058_W_Nassichuk_R_2025_01_21_14_59_16_Alaska.ndpi.ndpa,119,pol,28245156,1399527,12388,482116800.83160037
C_418058_W_Nassichuk_R_2025_01_21_14_59_16_Alaska.ndpi.ndpa,120,pol,28311730,1424239,12388,482116800.83160037
C_418058_W_Nassichuk_R_2025_01_21_14_59_16_Alaska.ndpi.ndpa,121,pol,28133216,1399343,8722,238991270.14884996
C_418058_W_Nassichuk_R_2025_01_21_14_59_16_Alaska.ndpi.ndpa,122,paly,28409676,1402478,6308,125006686.02239057
C_418058_W_Nassichuk_R_2025_01_21_14_59_16_Alaska.ndpi.ndpa,123,paly,28537660,1423317,16103,814635737.861681
C_418058_W_Nassichuk_R_2025_01_21_14_59_16_Alaska.ndpi.ndpa,124,spo,28503358,1383298,21773,1489314500.041252
C_418058_W_Nassichuk_R_2025_01_21_14_59_16_Alaska.ndpi.ndpa,125,pol,28724122,1462230,11802,437583656.8254628
C_418058_W_Nassichuk_R_2025_01_21_14_59_16_Alaska.ndpi.ndpa,126,pol,28849708,1405244,12388,482116800.83160037
C_418058_W_Nassichuk_R_2025_01_21_14_59_16_Alaska.ndpi.ndpa,127,pol,28757132,1360615,9482,282455330.17497087
C_418058_W_Nassichuk_R_2025_01_21_14_59_16_Alaska.ndpi.ndpa,128,paly,28744592,1372602,11471,413382828.21672744
C_418058_W_Nassichuk_R_2025_01_21_14_59_16_Alaska.ndpi.ndpa,129,pol,28975492,1367623,6196,120607048.87385605
C_418058_W_Nassichuk_R_2025_01_21_14_59_16_Alaska.ndpi.ndpa,130,pol,28924962,1607001,14685,677482021.0123323
C_418058_W_Nassichuk_R_2025_01_21_14_59_16_Alaska.ndpi.ndpa,131,paly,28941928,1607738,14896,697090557.4446446
C_418058_W_Nassichuk_R_2025_01_21_14_59_16_Alaska.ndpi.ndpa,132,pol,28825364,1645729,12388,482116800.83160037
C_418058_W_Nassichuk_R_2025_01_21_14_59_16_Alaska.ndpi.ndpa,133,pol,28328156,1568641,12388,482116800.83160037
C_418058_W_Nassichuk_R_2025_01_21_14_59_16_Alaska.ndpi.ndpa,134,pol,28430692,1638721,9980,312903884.9346048
C_418058_W_Nassichuk_R_2025_01_21_14_59_16_Alaska.ndpi.ndpa,135,paly,28391596,1564769,12195,467211454.7963832
C_418058_W_Nassichuk_R_2025_01_21_14_59_16_Alaska.ndpi.ndpa,136,paly,28398418,1567535,12124,461787026.98265505
C_418058_W_Nassichuk_R_2025_01_21_14_59_16_Alaska.ndpi.ndpa,137,pol,27993966,1566244,10979,378682680.7207667
C_418058_W_Nassichuk_R_2025_01_21_14_59_16_Alaska.ndpi.ndpa,138,paly,28046524,1534340,15109,717168680.2972593
C_418058_W_Nassichuk_R_2025_01_21_14_59_16_Alaska.ndpi.ndpa,139,pol,27815992,1610689,12882,521334495.7315701
C_418058_W_Nassichuk_R_2025_01_21_14_59_16_Alaska.ndpi.ndpa,140,paly,27617734,1521983,14258,638656142.4065256
C_418058_W_Nassichuk_R_2025_01_21_14_59_16_Alaska.ndpi.ndpa,141,pol,27450828,1520877,11959,449303295.9630485
C_418058_W_Nassichuk_R_2025_01_21_14_59_16_Alaska.ndpi.ndpa,142,pol,27395134,1517004,14601,669753627.6862777
C_418058_W_Nassichuk_R_2025_01_21_14_59_16_Alaska.ndpi.ndpa,143,paly,27284840,1556101,13113,540199272.6695155
C_418058_W_Nassichuk_R_2025_01_21_14_59_16_Alaska.ndpi.ndpa,144,pol,27717700,1693863,12311,476142047.6663723
C_418058_W_Nassichuk_R_2025_01_21_14_59_16_Alaska.ndpi.ndpa,145,paly,28807292,1639090,14439,654974067.8793176
USNMPAL_792724_D1367_A_2024_01_25_15_32_32_Maryland.ndpi.ndpa,2,pol,7641548,830360,13051,535103081.5978271
USNMPAL_792724_D1367_A_2024_01_25_15_32_32_Maryland.ndpi.ndpa,3,spo,7465622,2079210,22011,1522051755.3145084
USNMPAL_792724_D1367_A_2024_01_25_15_32_32_Maryland.ndpi.ndpa,4,spo,7880757,1991030,14331,645212636.8497896
USNMPAL_792724_D1367_A_2024_01_25_15_32_32_Maryland.ndpi.ndpa,5,pol,8605062,843826,18124,1031948394.4973594
USNMPAL_792724_D1367_A_2024_01_25_15_32_32_Maryland.ndpi.ndpa,6,pol,8521684,705097,25034,1968839747.6858308
USNMPAL_792724_D1367_A_2024_01_25_15_32_32_Maryland.ndpi.ndpa,7,pol,8101501,1081787,12726,508784310.60256225
USNMPAL_792724_D1367_A_2024_01_25_15_32_32_Maryland.ndpi.ndpa,8,pol,8227077,2098312,8192,210828714.13315654
USNMPAL_792724_D1367_A_2024_01_25_15_32_32_Maryland.ndpi.ndpa,9,pol,7834011,2110671,12236,470358297.0512971
USNMPAL_792724_D1367_A_2024_01_25_15_32_32_Maryland.ndpi.ndpa,10,fun,7229937,2026792,5801,105719622.48313494
USNMPAL_792724_D1367_A_2024_01_25_15_32_32_Maryland.ndpi.ndpa,11,pol,7273192,1992577,21964,1515558633.0782528
USNMPAL_792724_D1367_A_2024_01_25_15_32_32_Maryland.ndpi.ndpa,12,pol,8564301,1888901,12849,518666897.152776
USNMPAL_792724_D1367_A_2024_01_25_15_32_32_Maryland.ndpi.ndpa,13,pol,8148006,1838208,11038,382763619.0025578
USNMPAL_792724_D1367_A_2024_01_25_15_32_32_Maryland.ndpi.ndpa,14,pol,7483399,1772066,11894,444432429.3412535
USNMPAL_792724_D1367_A_2024_01_25_15_32_32_Maryland.ndpi.ndpa,15,pol,7511663,1705581,8855,246335500.1004456
USNMPAL_792724_D1367_A_2024_01_25_15_32_32_Maryland.ndpi.ndpa,16,paly,8777712,1568720,8834,245168495.81900927
USNMPAL_792724_D1367_A_2024_01_25_15_32_32_Maryland.ndpi.ndpa,17,pol,7842593,1604080,9417,278596087.8035583
USNMPAL_792724_D1367_A_2024_01_25_15_32_32_Maryland.ndpi.ndpa,18,paly,7231883,1638753,20073,1265827253.5316503
USNMPAL_792724_D1367_A_2024_01_25_15_32_32_Maryland.ndpi.ndpa,19,paly,7287381,1585084,25130,1983968853.6578
USNMPAL_792724_D1367_A_2024_01_25_15_32_32_Maryland.ndpi.ndpa,20,fun,7169976,1548466,9770,299874129.40384114
USNMPAL_792724_D1367_A_2024_01_25_15_32_32_Maryland.ndpi.ndpa,21,pol,8160250,1369723,11224,395772112.23424196
USNMPAL_792724_D1367_A_2024_01_25_15_32_32_Maryland.ndpi.ndpa,22,pol,7623918,1284059,11781,436027805.0549211
USNMPAL_792724_D1367_A_2024_01_25_15_32_32_Maryland.ndpi.ndpa,23,pol,8340705,1265978,10460,343726678.777505
USNMPAL_792724_D1367_A_2024_01_25_15_32_32_Maryland.ndpi.ndpa,24,pol,7800025,1131063,15205,726311167.3085477
USNMPAL_792724_D1367_A_2024_01_25_15_32_32_Maryland.ndpi.ndpa,25,pol,7184165,1141018,7076,157298840.44848654
USNMPAL_792724_D1367_A_2024_01_25_15_32_32_Maryland.ndpi.ndpa,26,pol,7606640,1053020,8443,223946072.97506556
USNMPAL_792724_D1367_A_2024_01_25_15_32_32_Maryland.ndpi.ndpa,27,pol,7763294,1060000,10858,370381722.7088174
USNMPAL_792724_D1367_A_2024_01_25_15_32_32_Maryland.ndpi.ndpa,28,paly,8605724,943394,60348,11441306921.573885
USNMPAL_792724_D1367_A_2024_01_25_15_32_32_Maryland.ndpi.ndpa,29,pol,7335786,910323,13023,532809492.7660355
USNMPAL_792724_D1367_A_2024_01_25_15_32_32_Maryland.ndpi.ndpa,30,pol,8976590,849560,8804,243506153.48228875
USNMPAL_792724_D1367_A_2024_01_25_15_32_32_Maryland.ndpi.ndpa,31,pol,8546106,695534,25284,2008359412.4716637
USNMPAL_792724_D1367_A_2024_01_25_15_32_32_Maryland.ndpi.ndpa,32,pol,8214489,713156,9669,293706118.0249348
USNMPAL_792724_D1367_A_2024_01_25_15_32_32_Maryland.ndpi.ndpa,33,pol,16184470,824150,16412,846199743.3673059
USNMPAL_792724_D1367_A_2024_01_25_15_32_32_Maryland.ndpi.ndpa,34,pol,16146836,551744,8371,220142835.77588853
USNMPAL_792724_D1367_A_2024_01_25_15_32_32_Maryland.ndpi.ndpa,35,pol,16683736,670518,11528,417501277.11480236
USNMPAL_792724_D1367_A_2024_01_25_15_32_32_Maryland.ndpi.ndpa,38,pol,16456238,242063,11525,417284007.7084728
USNMPAL_792724_D1367_A_2024_01_25_15_32_32_Maryland.ndpi.ndpa,39,paly,16598016,235197,11525,417284007.7084728
USNMPAL_792724_D1367_A_2024_01_25_15_32_32_Maryland.ndpi.ndpa,40,pol,17250836,224898,16833,890169929.6778834
USNMPAL_792724_D1367_A_2024_01_25_15_32_32_Maryland.ndpi.ndpa,41,pol,15740705,144469,7205,163086436.3729697
USNMPAL_792724_D1367_A_2024_01_25_15_32_32_Maryland.ndpi.ndpa,42,pol,15858455,389336,9591,288986566.21329993
USNMPAL_792724_D1367_A_2024_01_25_15_32_32_Maryland.ndpi.ndpa,43,pol,16469966,322622,8330,217991658.4806768
USNMPAL_792724_D1367_A_2024_01_25_15_32_32_Maryland.ndpi.ndpa,44,pol,16491594,314727,10651,356394211.8169024
USNMPAL_792724_D1367_A_2024_01_25_15_32_32_Maryland.ndpi.ndpa,45,pol,16761282,412452,22738,1624255690.5740495
USNMPAL_792724_D1367_A_2024_01_25_15_32_32_Maryland.ndpi.ndpa,46,pol,15529791,482141,13027,533136846.7205395
USNMPAL_792724_D1367_A_2024_01_25_15_32_32_Maryland.ndpi.ndpa,47,pol,16508874,547459,12252,471589198.18571484
USNMPAL_792724_D1367_A_2024_01_25_15_32_32_Maryland.ndpi.ndpa,48,pol,16534048,586366,9154,263252005.7878967
USNMPAL_792724_D1367_A_2024_01_25_15_32_32_Maryland.ndpi.ndpa,49,pol,15673766,687066,9519,284663986.0493727
USNMPAL_792724_D1367_A_2024_01_25_15_32_32_Maryland.ndpi.ndpa,50,pol,15485416,714072,13528,574932768.1714941
USNMPAL_792724_D1367_A_2024_01_25_15_32_32_Maryland.ndpi.ndpa,51,pol,15666443,784791,13609,581838293.5585718
USNMPAL_792724_D1367_A_2024_01_25_15_32_32_Maryland.ndpi.ndpa,52,pol,16461157,876108,18241,1045314944.4685512
USNMPAL_792724_D1367_A_2024_01_25_15_32_32_Maryland.ndpi.ndpa,53,pol,15717938,999352,21036,1390196519.8294055
USNMPAL_792724_D1367_A_2024_01_25_15_32_32_Maryland.ndpi.ndpa,54,pol,16380276,1105997,9992,313656811.59633476
USNMPAL_792724_D1367_A_2024_01_25_15_32_32_Maryland.ndpi.ndpa,55,fun,16793252,1200815,15360,741194698.1243784
USNMPAL_792724_D1367_A_2024_01_25_15_32_32_Maryland.ndpi.ndpa,56,pol,16304866,1190402,9721,296873723.06569636
USNMPAL_792724_D1367_A_2024_01_25_15_32_32_Maryland.ndpi.ndpa,57,pol,16512548,-276942,15502,754962426.335841
USNMPAL_792724_D1367_A_2024_01_25_15_32_32_Maryland.ndpi.ndpa,58,pol,16680760,-277972,11746,433440876.2922858
USNMPAL_792724_D1367_A_2024_01_25_15_32_32_Maryland.ndpi.ndpa,59,paly,16713830,-175555,25263,2005024652.7105827
USNMPAL_792724_D1367_A_2024_01_25_15_32_32_Maryland.ndpi.ndpa,60,paly,16420547,-203820,26380,2186248150.640813
USNMPAL_792724_D1367_A_2024_01_25_15_32_32_Maryland.ndpi.ndpa,61,pol,16247644,-147862,9237,268047499.31874678
USNMPAL_792724_D1367_A_2024_01_25_15_32_32_Maryland.ndpi.ndpa,62,pol,15535434,-181162,15672,771611547.9309524
USNMPAL_792724_D1367_A_2024_01_25_15_32_32_Maryland.ndpi.ndpa,63,pol,16028969,-46613,9280,270548932.77890724
USNMPAL_792724_D1367_A_2024_01_25_15_32_32_Maryland.ndpi.ndpa,64,pol,16261261,-45812,10377,338293385.3893084
USNMPAL_792724_D1367_A_2024_01_25_15_32_32_Maryland.ndpi.ndpa,65,pol,16963286,-65151,12006,452841844.55638266
USNMPAL_792724_D1367_A_2024_01_25_15_32_32_Maryland.ndpi.ndpa,66,pol,17288954,-9651,23811,1781169060.7455332
USNMPAL_792724_D1367_A_2024_01_25_15_32_32_Maryland.ndpi.ndpa,67,paly,16966606,10030,20807,1360093631.3678534
USNMPAL_792724_D1367_A_2024_01_25_15_32_32_Maryland.ndpi.ndpa,68,paly,15591048,182365,22716,1621114135.6195714
USNMPAL_792724_D1367_A_2024_01_25_15_32_32_Maryland.ndpi.ndpa,69,paly,16767940,651475,14545,664625995.5553122
USNMPAL_793367_D3702_R_2024_02_05_12_01_01_Tennessee.ndpi.ndpa,3,pol,13221737,7642308,19032,1137938341.6035578
USNMPAL_793367_D3702_R_2024_02_05_12_01_01_Tennessee.ndpi.ndpa,4,pol,13755370,7537622,37424,4399975736.824352
USNMPAL_793367_D3702_R_2024_02_05_12_01_01_Tennessee.ndpi.ndpa,5,pol,13808877,7614973,9627,291160070.8075007
USNMPAL_793367_D3702_R_2024_02_05_12_01_01_Tennessee.ndpi.ndpa,6,pol,13871687,7691161,10915,374280630.82907426
USNMPAL_793367_D3702_R_2024_02_05_12_01_01_Tennessee.ndpi.ndpa,7,pol,13857438,7742051,9945,310713016.7578077
USNMPAL_793367_D3702_R_2024_02_05_12_01_01_Tennessee.ndpi.ndpa,8,pol,14059680,7560595,9902,308031915.61378837
USNMPAL_793367_D3702_R_2024_02_05_12_01_01_Tennessee.ndpi.ndpa,9,pol,14132958,7751937,10115,321426476.02507955
USNMPAL_793367_D3702_R_2024_02_05_12_01_01_Tennessee.ndpi.ndpa,10,pol,14152149,7708028,12917,524171243.94201887
USNMPAL_793367_D3702_R_2024_02_05_12_01_01_Tennessee.ndpi.ndpa,11,pol,14238515,7680402,11736,432703167.5053699
USNMPAL_793367_D3702_R_2024_02_05_12_01_01_Tennessee.ndpi.ndpa,12,pol,14071464,7780371,18136,1033315364.2927893
USNMPAL_793367_D3702_R_2024_02_05_12_01_01_Tennessee.ndpi.ndpa,13,paly,14065895,7570417,16656,871547972.7193192
USNMPAL_793367_D3702_R_2024_02_05_12_01_01_Tennessee.ndpi.ndpa,14,spo,14482924,7797842,20466,1315878564.193114
USNMPAL_793367_D3702_R_2024_02_05_12_01_01_Tennessee.ndpi.ndpa,15,pol,14561728,7661749,16270,831620101.9504496
USNMPAL_793367_D3702_R_2024_02_05_12_01_01_Tennessee.ndpi.ndpa,16,pol,14626900,7632378,9198,265788804.1565586
USNMPAL_793367_D3702_R_2024_02_05_12_01_01_Tennessee.ndpi.ndpa,17,pol,14678504,7595590,13856,603150402.5895902
USNMPAL_793367_D3702_R_2024_02_05_12_01_01_Tennessee.ndpi.ndpa,18,pol,14720862,7596552,11500,415475628.43725014
USNMPAL_793367_D3702_R_2024_02_05_12_01_01_Tennessee.ndpi.ndpa,19,pol,13321203,7942812,13275,553629128.8742698
USNMPAL_793367_D3702_R_2024_02_05_12_01_01_Tennessee.ndpi.ndpa,20,paly,13331387,8007236,14791,687297789.0283968
USNMPAL_793367_D3702_R_2024_02_05_12_01_01_Tennessee.ndpi.ndpa,21,pol,13217301,8201885,12971,528563039.67529
USNMPAL_793367_D3702_R_2024_02_05_12_01_01_Tennessee.ndpi.ndpa,22,pol,13197848,8215273,19675,1216128187.6632853
USNMPAL_793367_D3702_R_2024_02_05_12_01_01_Tennessee.ndpi.ndpa,23,pol,13185259,8263793,12119,461406218.82915014
USNMPAL_793367_D3702_R_2024_02_05_12_01_01_Tennessee.ndpi.ndpa,24,fun,13242933,8405231,10911,374006357.2240452
USNMPAL_793367_D3702_R_2024_02_05_12_01_01_Tennessee.ndpi.ndpa,25,pol,13273716,8551993,25923,2111156323.3445697
USNMPAL_793367_D3702_R_2024_02_05_12_01_01_Tennessee.ndpi.ndpa,26,pol,13330130,8572704,21678,1476346492.5140946
USNMPAL_793367_D3702_R_2024_02_05_12_01_01_Tennessee.ndpi.ndpa,27,pol,13249686,8744580,15431,748062725.461543
USNMPAL_793367_D3702_R_2024_02_05_12_01_01_Tennessee.ndpi.ndpa,28,pol,13286076,8943683,19502,1194835663.3208694
USNMPAL_793367_D3702_R_2024_02_05_12_01_01_Tennessee.ndpi.ndpa,29,pol,13266965,9002502,10972,378199953.01839405
USNMPAL_793367_D3702_R_2024_02_05_12_01_01_Tennessee.ndpi.ndpa,30,pol,13481179,9041637,8901,248901477.58167407
USNMPAL_793367_D3702_R_2024_02_05_12_01_01_Tennessee.ndpi.ndpa,31,pol,13496397,8972405,22038,1525788123.7140539
USNMPAL_793367_D3702_R_2024_02_05_12_01_01_Tennessee.ndpi.ndpa,32,pol,13409203,8849276,18374,1060613856.6650394
USNMPAL_793367_D3702_R_2024_02_05_12_01_01_Tennessee.ndpi.ndpa,33,pol,13491362,8803618,15862,790434274.6512295
USNMPAL_793367_D3702_R_2024_02_05_12_01_01_Tennessee.ndpi.ndpa,34,pol,13417097,8408256,16074,811704214.0840588
USNMPAL_793367_D3702_R_2024_02_05_12_01_01_Tennessee.ndpi.ndpa,35,pol,13476143,8358363,12387,482038967.8736077
USNMPAL_793367_D3702_R_2024_02_05_12_01_01_Tennessee.ndpi.ndpa,36,spo,13555786,8394982,39354,4865501774.285974
USNMPAL_793367_D3702_R_2024_02_05_12_01_01_Tennessee.ndpi.ndpa,37,pol,13547776,8327008,14562,666180515.2905688
USNMPAL_793367_D3702_R_2024_02_05_12_01_01_Tennessee.ndpi.ndpa,38,pol,13555444,8279862,13393,563515168.0348098
USNMPAL_793367_D3702_R_2024_02_05_12_01_01_Tennessee.ndpi.ndpa,39,pol,13447308,8214864,16263,830904663.9138548
USNMPAL_793367_D3702_R_2024_02_05_12_01_01_Tennessee.ndpi.ndpa,40,pol,13475343,8126294,12993,530357542.5317617
USNMPAL_793367_D3702_R_2024_02_05_12_01_01_Tennessee.ndpi.ndpa,41,pol,13372928,7977075,9830,303568642.36446273
USNMPAL_793367_D3702_R_2024_02_05_12_01_01_Tennessee.ndpi.ndpa,42,pol,13513906,7833348,7858,193987578.39505774
USNMPAL_793367_D3702_R_2024_02_05_12_01_01_Tennessee.ndpi.ndpa,43,pol,13694589,8179962,11494,415042201.74839026
USNMPAL_793367_D3702_R_2024_02_05_12_01_01_Tennessee.ndpi.ndpa,44,pol,13699738,8214635,10968,377924246.84711504
USNMPAL_793367_D3702_R_2024_02_05_12_01_01_Tennessee.ndpi.ndpa,45,bipol,13683489,8309040,32116,3240356334.4069457
USNMPAL_793367_D3702_R_2024_02_05_12_01_01_Tennessee.ndpi.ndpa,46,pol,13719764,8542597,14891,696622664.3427821
USNMPAL_793367_D3702_R_2024_02_05_12_01_01_Tennessee.ndpi.ndpa,47,pol,13630051,8750404,21772,1489177699.3891513
USNMPAL_793367_D3702_R_2024_02_05_12_01_01_Tennessee.ndpi.ndpa,48,pol,13642753,8839432,13049,534939090.46130973
USNMPAL_793367_D3702_R_2024_02_05_12_01_01_Tennessee.ndpi.ndpa,49,spo,13807645,8993687,12760,511506576.0351215
USNMPAL_793367_D3702_R_2024_02_05_12_01_01_Tennessee.ndpi.ndpa,50,pol,13742192,8934526,15248,730425016.9149779
USNMPAL_793367_D3702_R_2024_02_05_12_01_01_Tennessee.ndpi.ndpa,51,pol,13778924,8908665,17316,941987255.2336358
USNMPAL_793367_D3702_R_2024_02_05_12_01_01_Tennessee.ndpi.ndpa,52,pol,13774003,8821010,11362,405564041.8452511
USNMPAL_793367_D3702_R_2024_02_05_12_01_01_Tennessee.ndpi.ndpa,53,pol,13753291,8799382,21170,1407964123.8074186
USNMPAL_793367_D3702_R_2024_02_05_12_01_01_Tennessee.ndpi.ndpa,54,pol,13831676,8538362,11019,381447030.92851347
USNMPAL_793367_D3702_R_2024_02_05_12_01_01_Tennessee.ndpi.ndpa,55,pol,13777322,8056716,12084,458744959.98433095
USNMPAL_793367_D3702_R_2024_02_05_12_01_01_Tennessee.ndpi.ndpa,56,pol,13811308,8031655,12893,522225215.7886792
USNMPAL_793367_D3702_R_2024_02_05_12_01_01_Tennessee.ndpi.ndpa,57,pol,14058933,7853027,10475,344713217.41054857
USNMPAL_793367_D3702_R_2024_02_05_12_01_01_Tennessee.ndpi.ndpa,58,pol,14011673,7928096,13027,533136846.7205395
USNMPAL_793367_D3702_R_2024_02_05_12_01_01_Tennessee.ndpi.ndpa,59,pol,13980549,8260063,11301,401220969.07244444
USNMPAL_793367_D3702_R_2024_02_05_12_01_01_Tennessee.ndpi.ndpa,60,pol,14035017,8389600,16299,834587339.3533578
USNMPAL_793367_D3702_R_2024_02_05_12_01_01_Tennessee.ndpi.ndpa,61,pol,13949195,8498196,11213,394996745.17618746
USNMPAL_793367_D3702_R_2024_02_05_12_01_01_Tennessee.ndpi.ndpa,62,pol,14097611,8720424,11739,432924414.1679989
USNMPAL_793367_D3702_R_2024_02_05_12_01_01_Tennessee.ndpi.ndpa,63,pol,14044057,8809222,11668,427703410.76177603
USNMPAL_793367_D3702_R_2024_02_05_12_01_01_Tennessee.ndpi.ndpa,64,pol,13979633,8987049,18045,1022971761.587032
USNMPAL_793367_D3702_R_2024_02_05_12_01_01_Tennessee.ndpi.ndpa,65,pol,14059619,8909923,19653,1213410031.433917
USNMPAL_793367_D3702_R_2024_02_05_12_01_01_Tennessee.ndpi.ndpa,66,pol,14077699,9051133,16030,807266475.6998215
USNMPAL_793367_D3702_R_2024_02_05_12_01_01_Tennessee.ndpi.ndpa,67,pol,14262492,8797226,10596,352722993.7658072
USNMPAL_793367_D3702_R_2024_02_05_12_01_01_Tennessee.ndpi.ndpa,68,pol,14138222,8733144,13801,598371616.0484719
USNMPAL_793367_D3702_R_2024_02_05_12_01_01_Tennessee.ndpi.ndpa,69,pol,14172666,8338810,12742,510064471.90978825
USNMPAL_793367_D3702_R_2024_02_05_12_01_01_Tennessee.ndpi.ndpa,70,pol,14125063,8185585,18639,1091427995.420179
USNMPAL_793367_D3702_R_2024_02_05_12_01_01_Tennessee.ndpi.ndpa,71,pol,14219924,8139240,11764,434770335.471432
USNMPAL_793367_D3702_R_2024_02_05_12_01_01_Tennessee.ndpi.ndpa,72,pol,14181362,8085457,12315,476451507.1091215
USNMPAL_793367_D3702_R_2024_02_05_12_01_01_Tennessee.ndpi.ndpa,73,pol,14175069,8010618,11517,416704899.0850806
USNMPAL_793367_D3702_R_2024_02_05_12_01_01_Tennessee.ndpi.ndpa,74,pol,14144516,7984413,15545,759156518.501829
USNMPAL_793367_D3702_R_2024_02_05_12_01_01_Tennessee.ndpi.ndpa,75,pol,14365573,8196009,11818,438770927.5211075
USNMPAL_793367_D3702_R_2024_02_05_12_01_01_Tennessee.ndpi.ndpa,76,pol,14365000,8243384,15621,766597745.1266043
USNMPAL_793367_D3702_R_2024_02_05_12_01_01_Tennessee.ndpi.ndpa,77,pol,14400932,7921716,18866,1118174368.591524
USNMPAL_793367_D3702_R_2024_02_05_12_01_01_Tennessee.ndpi.ndpa,78,pol,14562162,7842528,11681,428657000.3710687
USNMPAL_793367_D3702_R_2024_02_05_12_01_01_Tennessee.ndpi.ndpa,79,fun,14597978,7823647,5834,106925852.69044401
USNMPAL_793367_D3702_R_2024_02_05_12_01_01_Tennessee.ndpi.ndpa,80,pol,14538819,8584394,8181,210262903.87146705
USNMPAL_793367_D3702_R_2024_02_05_12_01_01_Tennessee.ndpi.ndpa,81,pol,14476340,8600758,14259,638745731.204228
USNMPAL_793367_D3702_R_2024_02_05_12_01_01_Tennessee.ndpi.ndpa,82,pol,14551978,8693676,9230,267641388.7780099
USNMPAL_793367_D3702_R_2024_02_05_12_01_01_Tennessee.ndpi.ndpa,83,pol,14409846,8859280,15866,790832980.4580818
USNMPAL_793367_D3702_R_2024_02_05_12_01_01_Tennessee.ndpi.ndpa,84,pol,14530454,8945563,13307,556301442.983637
USNMPAL_793367_D3702_R_2024_02_05_12_01_01_Tennessee.ndpi.ndpa,85,pol,14423119,8974057,17108,919492848.6481434
USNMPAL_793367_D3702_R_2024_02_05_12_01_01_Tennessee.ndpi.ndpa,86,pol,14583092,9011476,8381,220669115.3772179
USNMPAL_793367_D3702_R_2024_02_05_12_01_01_Tennessee.ndpi.ndpa,87,pol,14588699,9008386,8030,202572721.7368581
USNMPAL_793367_D3702_R_2024_02_05_12_01_01_Tennessee.ndpi.ndpa,88,pol,14564554,9010904,18096,1028762316.8917948
USNMPAL_793367_D3702_R_2024_02_05_12_01_01_Tennessee.ndpi.ndpa,89,pol,14575540,8999117,18090,1028080226.861218
USNMPAL_793367_D3702_R_2024_02_05_12_01_01_Tennessee.ndpi.ndpa,90,pol,14520156,7621353,12648,502566558.3871716
USNMPAL_793367_D3702_R_2024_02_05_12_01_01_Tennessee.ndpi.ndpa,91,pol,14697980,7560818,17093,917881164.492962
USNMPAL_793367_D3702_R_2024_02_05_12_01_01_Tennessee.ndpi.ndpa,92,pol,14689740,7899195,12231,469973970.3140202
USNMPAL_793367_D3702_R_2024_02_05_12_01_01_Tennessee.ndpi.ndpa,93,pol,14762290,8449728,12896,522468271.38750947
USNMPAL_793367_D3702_R_2024_02_05_12_01_01_Tennessee.ndpi.ndpa,94,pol,14797762,8506716,14559,665906056.3315732
USNMPAL_793367_D3702_R_2024_02_05_12_01_01_Tennessee.ndpi.ndpa,95,pol,14618794,8537840,13876,604892855.5389773
USNMPAL_793367_D3702_R_2024_02_05_12_01_01_Tennessee.ndpi.ndpa,96,pol,14721666,8563015,11992,451786357.3893708
USNMPAL_793367_D3702_R_2024_02_05_12_01_01_Tennessee.ndpi.ndpa,97,pol,14775791,8903909,10092,319966386.2818045
USNMPAL_793367_D3702_R_2024_02_05_12_01_01_Tennessee.ndpi.ndpa,98,paly,14713770,8935035,16174,821835222.0733551
USNMPAL_793367_D3702_R_2024_02_05_12_01_01_Tennessee.ndpi.ndpa,99,pol,14635272,8875186,12639,501851585.30628973
USNMPAL_793367_D3702_R_2024_02_05_12_01_01_Tennessee.ndpi.ndpa,100,pol,14856727,8950395,11269,398951985.1943158
USNMPAL_793367_D3702_R_2024_02_05_12_01_01_Tennessee.ndpi.ndpa,101,pol,14822628,8822803,8801,243340230.2662894
USNMPAL_793367_D3702_R_2024_02_05_12_01_01_Tennessee.ndpi.ndpa,102,pol,15000451,8862168,16981,905891942.1481792
USNMPAL_793367_D3702_R_2024_02_05_12_01_01_Tennessee.ndpi.ndpa,103,pol,14876408,8729083,13004,531255934.3581308
USNMPAL_793367_D3702_R_2024_02_05_12_01_01_Tennessee.ndpi.ndpa,104,pol,14825145,8629070,29630,2758120115.3553967
USNMPAL_793367_D3702_R_2024_02_05_12_01_01_Tennessee.ndpi.ndpa,105,pol,14872862,8642916,11416,409428238.50827837
USNMPAL_793367_D3702_R_2024_02_05_12_01_01_Tennessee.ndpi.ndpa,106,pol,14947699,8587874,11342,404137507.453109
USNMPAL_793367_D3702_R_2024_02_05_12_01_01_Tennessee.ndpi.ndpa,107,pol,14943122,8241830,20310,1295894717.3944407
USNMPAL_793367_D3702_R_2024_02_05_12_01_01_Tennessee.ndpi.ndpa,108,pol,14941749,7902997,13493,571961654.0432514
USNMPAL_793367_D3702_R_2024_02_05_12_01_01_Tennessee.ndpi.ndpa,109,pol,14980655,7780211,10871,371269150.3768255
USNMPAL_793367_D3702_R_2024_02_05_12_01_01_Tennessee.ndpi.ndpa,110,pol,14969669,7714298,15059,712429901.9385846
USNMPAL_793367_D3702_R_2024_02_05_12_01_01_Tennessee.ndpi.ndpa,111,pol,14877554,7640833,17600,973139740.3759743
USNMPAL_792717_D1350_L_2024_02_20_15_21_31_Oregon.ndpi.ndpa,2,pol,8648442,-4075900,18950,1128153775.8857286
USNMPAL_792717_D1350_L_2024_02_20_15_21_31_Oregon.ndpi.ndpa,3,pol,8897534,-3989705,22502,1590714036.7850266
USNMPAL_792717_D1350_L_2024_02_20_15_21_31_Oregon.ndpi.ndpa,4,spo,8488470,-3983862,28527,2556595834.1932287
USNMPAL_792717_D1350_L_2024_02_20_15_21_31_Oregon.ndpi.ndpa,5,pol,8693181,-3955075,15929,797125857.5785978
USNMPAL_792717_D1350_L_2024_02_20_15_21_31_Oregon.ndpi.ndpa,6,spo,9285128,-4008928,23757,1773099339.6608512
USNMPAL_792717_D1350_L_2024_02_20_15_21_31_Oregon.ndpi.ndpa,7,pol,9507239,-3911494,10236,329162556.82835746
USNMPAL_792717_D1350_L_2024_02_20_15_21_31_Oregon.ndpi.ndpa,8,pol,9806593,-3926484,18786,1108711388.8640869
USNMPAL_792717_D1350_L_2024_02_20_15_21_31_Oregon.ndpi.ndpa,9,pol,9802984,-4028359,15941,798327328.2730366
USNMPAL_792717_D1350_L_2024_02_20_15_21_31_Oregon.ndpi.ndpa,10,pol,9894309,-4006706,13427,566379923.5437653
USNMPAL_792717_D1350_L_2024_02_20_15_21_31_Oregon.ndpi.ndpa,11,pol,10000192,-3899558,21015,1387422270.4632075
USNMPAL_792717_D1350_L_2024_02_20_15_21_31_Oregon.ndpi.ndpa,12,fun,10196313,-3899835,8107,206476304.54698342
USNMPAL_792717_D1350_L_2024_02_20_15_21_31_Oregon.ndpi.ndpa,13,pol,10280143,-3893173,15397,744769858.8384975
USNMPAL_792717_D1350_L_2024_02_20_15_21_31_Oregon.ndpi.ndpa,14,pol,10247666,-4074161,14878,695406877.4106208
USNMPAL_792717_D1350_L_2024_02_20_15_21_31_Oregon.ndpi.ndpa,15,pol,10146071,-4035022,14102,624757233.8522198
USNMPAL_792717_D1350_L_2024_02_20_15_21_31_Oregon.ndpi.ndpa,16,pol,10254606,-4065557,18765,1106234020.003653
USNMPAL_792717_D1350_L_2024_02_20_15_21_31_Oregon.ndpi.ndpa,17,pol,10128861,-3824287,14434,654520531.8558822
USNMPAL_792717_D1350_L_2024_02_20_15_21_31_Oregon.ndpi.ndpa,18,spo,10212968,-3691321,33425,3509883523.865533
USNMPAL_792717_D1350_L_2024_02_20_15_21_31_Oregon.ndpi.ndpa,19,pol,10031151,-3720138,18010,1019007307.2776506
USNMPAL_792717_D1350_L_2024_02_20_15_21_31_Oregon.ndpi.ndpa,20,spo,10040589,-3618262,13556,577315201.2435292
USNMPAL_792717_D1350_L_2024_02_20_15_21_31_Oregon.ndpi.ndpa,21,spo,9862139,-3757889,30332,2890360192.7989717
USNMPAL_792717_D1350_L_2024_02_20_15_21_31_Oregon.ndpi.ndpa,22,pol,9811342,-3659902,8764,241298493.49275813
USNMPAL_792717_D1350_L_2024_02_20_15_21_31_Oregon.ndpi.ndpa,23,pol,9741668,-3705981,17237,933411690.6078362
USNMPAL_792717_D1350_L_2024_02_20_15_21_31_Oregon.ndpi.ndpa,24,pol,9598346,-3782319,18851,1116396996.8397923
USNMPAL_792717_D1350_L_2024_02_20_15_21_31_Oregon.ndpi.ndpa,25,pol,9273529,-3765940,14909,698307814.6421677
USNMPAL_792717_D1350_L_2024_02_20_15_21_31_Oregon.ndpi.ndpa,26,pol,9329046,-3729299,16286,833256544.9973339
USNMPAL_792717_D1350_L_2024_02_20_15_21_31_Oregon.ndpi.ndpa,27,pol,9428698,-3830064,12242,470819696.48114455
USNMPAL_792717_D1350_L_2024_02_20_15_21_31_Oregon.ndpi.ndpa,28,pol,8876517,-3773990,12379,481416530.4043373
USNMPAL_792717_D1350_L_2024_02_20_15_21_31_Oregon.ndpi.ndpa,29,pol,8962846,-3827288,11672,427996709.8519152
USNMPAL_792717_D1350_L_2024_02_20_15_21_31_Oregon.ndpi.ndpa,31,fun,8609043,-3753273,12901,522873489.7159327
USNMPAL_792717_D1350_L_2024_02_20_15_21_31_Oregon.ndpi.ndpa,32,fun,8490505,-3678778,16097,814028782.1610074
USNMPAL_792717_D1350_L_2024_02_20_15_21_31_Oregon.ndpi.ndpa,33,pol,8521155,-3575867,14893,696809802.7339711
USNMPAL_792717_D1350_L_2024_02_20_15_21_31_Oregon.ndpi.ndpa,34,paly,8779341,-3535676,22379,1573371304.9390776
USNMPAL_792717_D1350_L_2024_02_20_15_21_31_Oregon.ndpi.ndpa,35,paly,9362092,-3539737,17512,963432671.465724
USNMPAL_792717_D1350_L_2024_02_20_15_21_31_Oregon.ndpi.ndpa,36,paly,9749376,-3538721,32168,3250857949.7984004
USNMPAL_792717_D1350_L_2024_02_20_15_21_31_Oregon.ndpi.ndpa,37,fun,10175833,-3689130,13623,583036019.4745677
USNMPAL_792717_D1350_L_2024_02_20_15_21_31_Oregon.ndpi.ndpa,38,pol,10227186,-3655232,17806,996053373.6515324
USNMPAL_792717_D1350_L_2024_02_20_15_21_31_Oregon.ndpi.ndpa,39,pol,10249107,-3502590,18815,1112137072.5997481
USNMPAL_792717_D1350_L_2024_02_20_15_21_31_Oregon.ndpi.ndpa,40,pol,10224750,-3377962,12263,472436375.7686451
USNMPAL_792717_D1350_L_2024_02_20_15_21_31_Oregon.ndpi.ndpa,41,spo,10042478,-3399477,24093,1823608609.7082067
USNMPAL_792717_D1350_L_2024_02_20_15_21_31_Oregon.ndpi.ndpa,42,pol,10028879,-3497922,15259,731479263.1528916
USNMPAL_792717_D1350_L_2024_02_20_15_21_31_Oregon.ndpi.ndpa,43,pol,9844776,-3397650,14850,692791865.9512552
USNMPAL_792717_D1350_L_2024_02_20_15_21_31_Oregon.ndpi.ndpa,44,pol,9639160,-3471940,18009,1018894150.251861
USNMPAL_792717_D1350_L_2024_02_20_15_21_31_Oregon.ndpi.ndpa,45,pol,8936856,-3395620,15535,758180111.5050933
USNMPAL_792717_D1350_L_2024_02_20_15_21_31_Oregon.ndpi.ndpa,46,paly,9003634,-3366594,39313,4855369047.845496
USNMPAL_792717_D1350_L_2024_02_20_15_21_31_Oregon.ndpi.ndpa,47,pol,8815270,-3484119,13781,596638587.8770456
USNMPAL_792717_D1350_L_2024_02_20_15_21_31_Oregon.ndpi.ndpa,48,pol,8665068,-3495283,17624,975795567.4070954
USNMPAL_792717_D1350_L_2024_02_20_15_21_31_Oregon.ndpi.ndpa,49,spo,8808166,-3336756,20099,1269108559.0937307
USNMPAL_792717_D1350_L_2024_02_20_15_21_31_Oregon.ndpi.ndpa,50,spo,8750115,-3334929,21535,1456933149.516535
USNMPAL_792717_D1350_L_2024_02_20_15_21_31_Oregon.ndpi.ndpa,51,pol,8551398,-3389734,12838,517779218.15735567
USNMPAL_792717_D1350_L_2024_02_20_15_21_31_Oregon.ndpi.ndpa,52,pol,8565810,-3376743,11227,395983707.9242392
USNMPAL_792717_D1350_L_2024_02_20_15_21_31_Oregon.ndpi.ndpa,53,pol,8437732,-3421804,14077,622544060.3675822
USNMPAL_792717_D1350_L_2024_02_20_15_21_31_Oregon.ndpi.ndpa,54,pol,8654307,-3281789,14244,637402558.9731491
USNMPAL_792717_D1350_L_2024_02_20_15_21_31_Oregon.ndpi.ndpa,55,spo,8843888,-3301073,24209,1841211053.8772352
USNMPAL_792717_D1350_L_2024_02_20_15_21_31_Oregon.ndpi.ndpa,56,pol,8804308,-3310004,12300,475291552.5615998
USNMPAL_792717_D1350_L_2024_02_20_15_21_31_Oregon.ndpi.ndpa,57,pol,9182051,-3199177,11661,427190379.25666684
USNMPAL_792717_D1350_L_2024_02_20_15_21_31_Oregon.ndpi.ndpa,58,paly,9292471,-3373131,17226,932220734.824009
USNMPAL_792717_D1350_L_2024_02_20_15_21_31_Oregon.ndpi.ndpa,59,spo,9352351,-3283211,24426,1874366778.7167277
USNMPAL_792717_D1350_L_2024_02_20_15_21_31_Oregon.ndpi.ndpa,60,pol,9444907,-3252358,16472,852398231.3365446
USNMPAL_792717_D1350_L_2024_02_20_15_21_31_Oregon.ndpi.ndpa,61,paly,9580904,-3292954,21130,1402648549.0375447
USNMPAL_792717_D1350_L_2024_02_20_15_21_31_Oregon.ndpi.ndpa,62,pol,9742678,-3204454,14274,640090317.1520013
USNMPAL_792717_D1350_L_2024_02_20_15_21_31_Oregon.ndpi.ndpa,63,pol,9719944,-3196741,15114,717643422.0711066
USNMPAL_792717_D1350_L_2024_02_20_15_21_31_Oregon.ndpi.ndpa,64,spo,9972855,-3211153,22124,1537719678.9840875
USNMPAL_792717_D1350_L_2024_02_20_15_21_31_Oregon.ndpi.ndpa,65,pol,10109254,-3302290,15353,740519283.9781905
USNMPAL_792717_D1350_L_2024_02_20_15_21_31_Oregon.ndpi.ndpa,67,pol,10098520,-3165928,13582,579531871.3207903
USNMPAL_792717_D1350_L_2024_02_20_15_21_31_Oregon.ndpi.ndpa,68,pol,9900948,-3133812,19090,1144884641.7216866
USNMPAL_792717_D1350_L_2024_02_20_15_21_31_Oregon.ndpi.ndpa,69,pol,9957780,-3134653,11379,406778572.14035094
USNMPAL_792717_D1350_L_2024_02_20_15_21_31_Oregon.ndpi.ndpa,70,pol,10084730,-3034606,17302,940464676.0708882
USNMPAL_792717_D1350_L_2024_02_20_15_21_31_Oregon.ndpi.ndpa,71,spo,9933402,-3036119,29011,2644084137.914717
USNMPAL_792717_D1350_L_2024_02_20_15_21_31_Oregon.ndpi.ndpa,72,fun,9230715,-3040155,16737,880045456.2013065
USNMPAL_792717_D1350_L_2024_02_20_15_21_31_Oregon.ndpi.ndpa,73,spo,8776748,-3101024,19089,1144764698.855765
USNMPAL_792717_D1350_L_2024_02_20_15_21_31_Oregon.ndpi.ndpa,74,pol,8730340,-3142892,14048,619981698.859498
USNMPAL_792717_D1350_L_2024_02_20_15_21_31_Oregon.ndpi.ndpa,75,pol,8721597,-3148778,16094,813725389.1336722
USNMPAL_792717_D1350_L_2024_02_20_15_21_31_Oregon.ndpi.ndpa,76,paly,8658286,-3121427,11514,416487837.0238662
USNMPAL_792717_D1350_L_2024_02_20_15_21_31_Oregon.ndpi.ndpa,77,paly,8708189,-3167264,14675,676559649.4092383
USNMPAL_792717_D1350_L_2024_02_20_15_21_31_Oregon.ndpi.ndpa,78,spo,8463288,-3097953,15877,791929939.7897137
USNMPAL_792717_D1350_L_2024_02_20_15_21_31_Oregon.ndpi.ndpa,79,pol,8443512,-3151184,11504,415764705.22686285
USNMPAL_792717_D1350_L_2024_02_20_15_21_31_Oregon.ndpi.ndpa,80,pol,8450166,-3145085,16577,863300013.375436
USNMPAL_792717_D1350_L_2024_02_20_15_21_31_Oregon.ndpi.ndpa,81,pol,8673993,-2907762,15358,741001691.2381126
USNMPAL_792717_D1350_L_2024_02_20_15_21_31_Oregon.ndpi.ndpa,82,pol,8654586,-2907947,14159,629817953.2012566
USNMPAL_792717_D1350_L_2024_02_20_15_21_31_Oregon.ndpi.ndpa,83,pol,8741458,-2914416,16165,820920858.3899351
USNMPAL_792717_D1350_L_2024_02_20_15_21_31_Oregon.ndpi.ndpa,84,pol,8753102,-2919591,16871,894193530.7521538
USNMPAL_792717_D1350_L_2024_02_20_15_21_31_Oregon.ndpi.ndpa,85,pol,9020736,-2916818,9987,313342982.1982044
USNMPAL_792717_D1350_L_2024_02_20_15_21_31_Oregon.ndpi.ndpa,86,paly,9172297,-2928278,17943,1011439678.6724582
USNMPAL_792717_D1350_L_2024_02_20_15_21_31_Oregon.ndpi.ndpa,87,paly,9190595,-2946022,22856,1641157748.0768867
USNMPAL_792717_D1350_L_2024_02_20_15_21_31_Oregon.ndpi.ndpa,88,pol,9303712,-3007940,15460,750877086.6827422
USNMPAL_792717_D1350_L_2024_02_20_15_21_31_Oregon.ndpi.ndpa,89,pol,9319238,-2986315,18065,1025240619.8014545
USNMPAL_792717_D1350_L_2024_02_20_15_21_31_Oregon.ndpi.ndpa,90,fun,9514048,-3013300,18447,1069058247.231181
USNMPAL_792717_D1350_L_2024_02_20_15_21_31_Oregon.ndpi.ndpa,91,paly,9449728,-2972268,13973,613379406.27853
USNMPAL_792717_D1350_L_2024_02_20_15_21_31_Oregon.ndpi.ndpa,92,pol,9526987,-2891866,12094,459504534.2561159
USNMPAL_792717_D1350_L_2024_02_20_15_21_31_Oregon.ndpi.ndpa,93,pol,9603690,-3029935,15125,718688406.8938775
USNMPAL_792717_D1350_L_2024_02_20_15_21_31_Oregon.ndpi.ndpa,94,paly,9873360,-3009604,23617,1752263166.2088885
USNMPAL_792717_D1350_L_2024_02_20_15_21_31_Oregon.ndpi.ndpa,95,pol,9964479,-2959330,18200,1040621150.575083
USNMPAL_792717_D1350_L_2024_02_20_15_21_31_Oregon.ndpi.ndpa,96,pol,10041002,-2987793,14934,700651678.3811947
USNMPAL_792717_D1350_L_2024_02_20_15_21_31_Oregon.ndpi.ndpa,97,pol,10130458,-2937520,11655,426750883.01080024
USNMPAL_792717_D1350_L_2024_02_20_15_21_31_Oregon.ndpi.ndpa,98,pol,10269449,-3027163,17304,940682111.9816284
USNMPAL_792717_D1350_L_2024_02_20_15_21_31_Oregon.ndpi.ndpa,99,pol,10006993,-2799636,12871,520444535.93988323
USNMPAL_792717_D1350_L_2024_02_20_15_21_31_Oregon.ndpi.ndpa,100,paly,9995164,-2828285,16721,878363673.6892455
USNMPAL_792717_D1350_L_2024_02_20_15_21_31_Oregon.ndpi.ndpa,101,pol,9527545,-2858967,13381,562505812.0143232
USNMPAL_792717_D1350_L_2024_02_20_15_21_31_Oregon.ndpi.ndpa,102,pol,9713277,-2826633,17170,926169474.452888
USNMPAL_792717_D1350_L_2024_02_20_15_21_31_Oregon.ndpi.ndpa,103,paly,9660185,-2795758,16153,819702498.4933906
USNMPAL_792717_D1350_L_2024_02_20_15_21_31_Oregon.ndpi.ndpa,104,pol,9063755,-2796084,12971,528563039.67529
USNMPAL_792717_D1350_L_2024_02_20_15_21_31_Oregon.ndpi.ndpa,105,spo,8782790,-2915503,15550,759644957.619646
USNMPAL_792717_D1350_L_2024_02_20_15_21_31_Oregon.ndpi.ndpa,106,pol,8724144,-2793144,13963,612501770.9548231
USNMPAL_792717_D1350_L_2024_02_20_15_21_31_Oregon.ndpi.ndpa,107,pol,8726594,-2817322,15259,731479263.1528916
USNMPAL_792717_D1350_L_2024_02_20_15_21_31_Oregon.ndpi.ndpa,108,fun,8596077,-2797718,24031,1814235077.4068027
USNMPAL_792717_D1350_L_2024_02_20_15_21_31_Oregon.ndpi.ndpa,109,pol,8832775,-2758543,7895,195818690.23072174
USNMPAL_792717_D1350_L_2024_02_20_15_21_31_Oregon.ndpi.ndpa,110,spo,8880803,-2672451,24018,1812272722.3964422
USNMPAL_792717_D1350_L_2024_02_20_15_21_31_Oregon.ndpi.ndpa,111,paly,8872472,-2691074,25375,2022842057.2153404
USNMPAL_792717_D1350_L_2024_02_20_15_21_31_Oregon.ndpi.ndpa,112,paly,8844537,-2661832,17594,972476349.1048716
USNMPAL_792717_D1350_L_2024_02_20_15_21_31_Oregon.ndpi.ndpa,113,spo,9039090,-2723910,17041,912304938.0638051
USNMPAL_792717_D1350_L_2024_02_20_15_21_31_Oregon.ndpi.ndpa,114,pol,9316798,-2681926,13056,535513169.3948634
USNMPAL_792717_D1350_L_2024_02_20_15_21_31_Oregon.ndpi.ndpa,115,spo,9447975,-2734365,17443,955855479.852494
USNMPAL_792717_D1350_L_2024_02_20_15_21_31_Oregon.ndpi.ndpa,116,pol,9708379,-2706920,10536,348739705.60846764
USNMPAL_792717_D1350_L_2024_02_20_15_21_31_Oregon.ndpi.ndpa,117,spo,9797576,-2722113,23676,1761029111.3494956
USNMPAL_792717_D1350_L_2024_02_20_15_21_31_Oregon.ndpi.ndpa,118,fun,9821916,-2652520,16087,813017691.981376
USNMPAL_792717_D1350_L_2024_02_20_15_21_31_Oregon.ndpi.ndpa,119,paly,10106008,-2707084,12329,477535406.8400924
USNMPAL_792717_D1350_L_2024_02_20_15_21_31_Oregon.ndpi.ndpa,120,pol,10102577,-2595082,14398,651259709.4779034
USNMPAL_792717_D1350_L_2024_02_20_15_21_31_Oregon.ndpi.ndpa,121,pol,10060757,-2580052,15635,767972455.8063327
USNMPAL_792717_D1350_L_2024_02_20_15_21_31_Oregon.ndpi.ndpa,122,pol,10069905,-2590507,17691,983228905.4927175
USNMPAL_792717_D1350_L_2024_02_20_15_21_31_Oregon.ndpi.ndpa,123,spo,9638297,-2617462,25278,2007406341.225159
USNMPAL_792717_D1350_L_2024_02_20_15_21_31_Oregon.ndpi.ndpa,124,spo,9639277,-2561592,23036,1667109062.6874244
USNMPAL_792717_D1350_L_2024_02_20_15_21_31_Oregon.ndpi.ndpa,125,paly,9639440,-2594918,13700,589645525.1522683
USNMPAL_792717_D1350_L_2024_02_20_15_21_31_Oregon.ndpi.ndpa,126,pol,9566092,-2582666,12347,478930801.7658521
USNMPAL_792717_D1350_L_2024_02_20_15_21_31_Oregon.ndpi.ndpa,127,pol,9551389,-2568127,12279,473669991.23911554
USNMPAL_792717_D1350_L_2024_02_20_15_21_31_Oregon.ndpi.ndpa,128,pol,9544201,-2575642,11630,424922083.3873293
USNMPAL_792717_D1350_L_2024_02_20_15_21_31_Oregon.ndpi.ndpa,129,pol,9269421,-2566166,6435,130090917.0508468
USNMPAL_792717_D1350_L_2024_02_20_15_21_31_Oregon.ndpi.ndpa,130,fun,9234299,-2582012,22885,1645325036.1743543
USNMPAL_792717_D1350_L_2024_02_20_15_21_31_Oregon.ndpi.ndpa,131,spo,9079112,-2613378,29041,2649555410.0165033
USNMPAL_792717_D1350_L_2024_02_20_15_21_31_Oregon.ndpi.ndpa,132,pol,8700784,-2563732,14258,638656142.4065256
USNMPAL_792717_D1350_L_2024_02_20_15_21_31_Oregon.ndpi.ndpa,133,pol,8758450,-2558504,14725,681177790.6100154
USNMPAL_792717_D1350_L_2024_02_20_15_21_31_Oregon.ndpi.ndpa,134,fun,9613450,-3338811,24488,1883894186.2263045
USNMPAL_792852_D1667-A_L_2024_02_20_14_05_57_Kentucky.ndpi.ndpa,2,pol,203232,-1370011,16524,857788550.8788328
USNMPAL_792852_D1667-A_L_2024_02_20_14_05_57_Kentucky.ndpi.ndpa,3,pol,223320,-1380618,13772,595859545.1555865
USNMPAL_792852_D1667-A_L_2024_02_20_14_05_57_Kentucky.ndpi.ndpa,4,pol,579572,-1416617,12437,485938312.6752434
USNMPAL_792852_D1667-A_L_2024_02_20_14_05_57_Kentucky.ndpi.ndpa,5,pol,1111140,-1385921,11811,438251298.67142576
USNMPAL_792852_D1667-A_L_2024_02_20_14_05_57_Kentucky.ndpi.ndpa,6,pol,1487653,-1434455,15334,738687568.956737
USNMPAL_792852_D1667-A_L_2024_02_20_14_05_57_Kentucky.ndpi.ndpa,7,pol,1672961,-1368726,11414,409284793.38771546
USNMPAL_792852_D1667-A_L_2024_02_20_14_05_57_Kentucky.ndpi.ndpa,8,pol,1833990,-1329031,11162,391411795.2593598
USNMPAL_792852_D1667-A_L_2024_02_20_14_05_57_Kentucky.ndpi.ndpa,9,pol,1764886,-1257194,12890,521982216.7385167
USNMPAL_792852_D1667-A_L_2024_02_20_14_05_57_Kentucky.ndpi.ndpa,10,pol,1770511,-1287729,12893,522225215.7886792
USNMPAL_792852_D1667-A_L_2024_02_20_14_05_57_Kentucky.ndpi.ndpa,11,pol,1168666,-1260730,12458,487580721.6065768
USNMPAL_792852_D1667-A_L_2024_02_20_14_05_57_Kentucky.ndpi.ndpa,12,pol,1214628,-1204000,11099,387005890.6334814
USNMPAL_792852_D1667-A_L_2024_02_20_14_05_57_Kentucky.ndpi.ndpa,13,pol,942252,-1299461,17473,959146235.3252763
USNMPAL_792852_D1667-A_L_2024_02_20_14_05_57_Kentucky.ndpi.ndpa,14,pol,969732,-1291907,12122,461634684.8716971
USNMPAL_792852_D1667-A_L_2024_02_20_14_05_57_Kentucky.ndpi.ndpa,15,pol,542289,-1219588,11549,419023746.3218071
USNMPAL_792852_D1667-A_L_2024_02_20_14_05_57_Kentucky.ndpi.ndpa,16,pol,137344,-1107575,9318,272769171.7054228
USNMPAL_792852_D1667-A_L_2024_02_20_14_05_57_Kentucky.ndpi.ndpa,17,pol,325838,-1099700,10598,352856159.5952076
USNMPAL_792852_D1667-A_L_2024_02_20_14_05_57_Kentucky.ndpi.ndpa,18,pol,328570,-1083630,14442,655246264.8916026
USNMPAL_792852_D1667-A_L_2024_02_20_14_05_57_Kentucky.ndpi.ndpa,19,pol,824149,-1174590,12666,503998031.3629651
USNMPAL_792852_D1667-A_L_2024_02_20_14_05_57_Kentucky.ndpi.ndpa,20,pol,1029027,-1180055,16150,819398049.8909239
USNMPAL_792852_D1667-A_L_2024_02_20_14_05_57_Kentucky.ndpi.ndpa,21,pol,1383677,-1166716,16707,876893433.4601067
USNMPAL_792852_D1667-A_L_2024_02_20_14_05_57_Kentucky.ndpi.ndpa,22,pol,1771957,-1177644,15489,753696732.0627848
USNMPAL_792852_D1667-A_L_2024_02_20_14_05_57_Kentucky.ndpi.ndpa,23,pol,1731781,-1031882,17675,981451216.4401278
USNMPAL_792852_D1667-A_L_2024_02_20_14_05_57_Kentucky.ndpi.ndpa,24,pol,1701569,-1006329,10928,375172714.33739495
USNMPAL_792852_D1667-A_L_2024_02_20_14_05_57_Kentucky.ndpi.ndpa,25,pol,1681802,-998937,15601,764636009.0099967
USNMPAL_792852_D1667-A_L_2024_02_20_14_05_57_Kentucky.ndpi.ndpa,26,paly,948364,-949438,16136,817978037.4451306
USNMPAL_792852_D1667-A_L_2024_02_20_14_05_57_Kentucky.ndpi.ndpa,27,pol,519794,-1062416,9058,257759395.98880765
USNMPAL_792852_D1667-A_L_2024_02_20_14_05_57_Kentucky.ndpi.ndpa,28,pol,489260,-1031400,10909,373869258.1206426
USNMPAL_792852_D1667-A_L_2024_02_20_14_05_57_Kentucky.ndpi.ndpa,29,pol,444424,-958759,17502,962332674.213996
USNMPAL_792852_D1667-A_L_2024_02_20_14_05_57_Kentucky.ndpi.ndpa,30,pol,129470,-1005526,16272,831824569.3667158
USNMPAL_792852_D1667-A_L_2024_02_20_14_05_57_Kentucky.ndpi.ndpa,31,pol,78205,-987205,16468,851984295.0885077
USNMPAL_792852_D1667-A_L_2024_02_20_14_05_57_Kentucky.ndpi.ndpa,32,pol,741872,-937546,9709,296141229.32258534
USNMPAL_792852_D1667-A_L_2024_02_20_14_05_57_Kentucky.ndpi.ndpa,33,pol,982266,-872459,9675,294070743.8346811
USNMPAL_792852_D1667-A_L_2024_02_20_14_05_57_Kentucky.ndpi.ndpa,34,pol,1277138,-918422,11993,451861708.48916715
USNMPAL_792852_D1667-A_L_2024_02_20_14_05_57_Kentucky.ndpi.ndpa,35,pol,1364401,-897690,16136,817978037.4451306
USNMPAL_792852_D1667-A_L_2024_02_20_14_05_57_Kentucky.ndpi.ndpa,36,pol,1213820,-921315,11722,431671430.77881914
USNMPAL_792852_D1667-A_L_2024_02_20_14_05_57_Kentucky.ndpi.ndpa,37,pol,1205142,-922118,11827,439439474.1457547
USNMPAL_792852_D1667-A_L_2024_02_20_14_05_57_Kentucky.ndpi.ndpa,38,pol,1611895,-784874,16509,856231907.4269422
USNMPAL_792852_D1667-A_L_2024_02_20_14_05_57_Kentucky.ndpi.ndpa,39,pol,1766172,-784231,8710,238334099.2312014
USNMPAL_792852_D1667-A_L_2024_02_20_14_05_57_Kentucky.ndpi.ndpa,40,pol,254162,-817658,17099,918525668.5090313
USNMPAL_792852_D1667-A_L_2024_02_20_14_05_57_Kentucky.ndpi.ndpa,41,pol,186192,-754500,9116,261070923.67221543
USNMPAL_792852_D1667-A_L_2024_02_20_14_05_57_Kentucky.ndpi.ndpa,42,pol,67920,-676235,9867,305858200.5328798
USNMPAL_792852_D1667-A_L_2024_02_20_14_05_57_Kentucky.ndpi.ndpa,43,pol,162254,-648593,18974,1131013178.1208024
USNMPAL_792852_D1667-A_L_2024_02_20_14_05_57_Kentucky.ndpi.ndpa,44,pol,962960,-615749,17351,945799090.9719057
USNMPAL_792852_D1667-A_L_2024_02_20_14_05_57_Kentucky.ndpi.ndpa,45,pol,1223414,-693842,9247,268628191.30483633
USNMPAL_792852_D1667-A_L_2024_02_20_14_05_57_Kentucky.ndpi.ndpa,46,pol,1329903,-629948,14970,704033741.1028609
USNMPAL_792852_D1667-A_L_2024_02_20_14_05_57_Kentucky.ndpi.ndpa,47,fun,1374769,-632046,11875,443013651.5413732
USNMPAL_792852_D1667-A_L_2024_02_20_14_05_57_Kentucky.ndpi.ndpa,48,pol,1628078,-698844,17771,992141478.1872456
USNMPAL_792852_D1667-A_L_2024_02_20_14_05_57_Kentucky.ndpi.ndpa,49,pol,1794743,-647374,12664,503838878.2791343
USNMPAL_792852_D1667-A_L_2024_02_20_14_05_57_Kentucky.ndpi.ndpa,50,pol,1634369,-524102,11972,450280654.8623583
USNMPAL_792852_D1667-A_L_2024_02_20_14_05_57_Kentucky.ndpi.ndpa,51,pol,1198391,-509742,13962,612414041.9799716
USNMPAL_792852_D1667-A_L_2024_02_20_14_05_57_Kentucky.ndpi.ndpa,52,pol,1220012,-472954,15233,728988633.6298668
USNMPAL_792852_D1667-A_L_2024_02_20_14_05_57_Kentucky.ndpi.ndpa,53,pol,831139,-550725,10255,330385669.9545869
USNMPAL_792852_D1667-A_L_2024_02_20_14_05_57_Kentucky.ndpi.ndpa,54,pol,621354,-486346,12523,492681929.8017331
USNMPAL_792852_D1667-A_L_2024_02_20_14_05_57_Kentucky.ndpi.ndpa,55,pol,158889,-548143,16827,889535453.6255643
USNMPAL_792852_D1667-A_L_2024_02_20_14_05_57_Kentucky.ndpi.ndpa,56,pol,90471,-488444,12904,523116696.1112104
USNMPAL_792852_D1667-A_L_2024_02_20_14_05_57_Kentucky.ndpi.ndpa,57,pol,109993,-490057,13618,582608118.8471855
USNMPAL_792852_D1667-A_L_2024_02_20_14_05_57_Kentucky.ndpi.ndpa,58,pol,285405,-415029,16202,824683163.7784286
USNMPAL_792852_D1667-A_L_2024_02_20_14_05_57_Kentucky.ndpi.ndpa,59,pol,1180169,-381952,13196,547059402.0427489
USNMPAL_792852_D1667-A_L_2024_02_20_14_05_57_Kentucky.ndpi.ndpa,60,pol,1363942,-378564,13922,608910035.1978638
USNMPAL_792852_D1667-A_L_2024_02_20_14_05_57_Kentucky.ndpi.ndpa,61,paly,1356052,-459400,15970,801234617.804929
USNMPAL_792852_D1667-A_L_2024_02_20_14_05_57_Kentucky.ndpi.ndpa,62,pol,1635337,-398571,12796,514396891.5419066
USNMPAL_792852_D1667-A_L_2024_02_20_14_05_57_Kentucky.ndpi.ndpa,63,pol,1585482,-440361,14069,621836674.2329587
USNMPAL_792852_D1667-A_L_2024_02_20_14_05_57_Kentucky.ndpi.ndpa,64,pol,1695999,-329836,13464,569505704.5615295
USNMPAL_792852_D1667-A_L_2024_02_20_14_05_57_Kentucky.ndpi.ndpa,65,pol,1805876,-322252,11067,384777521.26517826
USNMPAL_792852_D1667-A_L_2024_02_20_14_05_57_Kentucky.ndpi.ndpa,66,pol,1828787,-281431,11635,425287529.1527581
USNMPAL_792852_D1667-A_L_2024_02_20_14_05_57_Kentucky.ndpi.ndpa,67,pol,1821526,-265942,11341,404066246.7069477
USNMPAL_792852_D1667-A_L_2024_02_20_14_05_57_Kentucky.ndpi.ndpa,68,pol,791265,-281431,12676,504794173.7732379
USNMPAL_792852_D1667-A_L_2024_02_20_14_05_57_Kentucky.ndpi.ndpa,69,pol,780455,-338226,9386,276764875.4369294
USNMPAL_792852_D1667-A_L_2024_02_20_14_05_57_Kentucky.ndpi.ndpa,70,pol,791749,-297405,12297,475059731.29809874
USNMPAL_792852_D1667-A_L_2024_02_20_14_05_57_Kentucky.ndpi.ndpa,71,pol,479676,-308538,14578,667645251.4493786
USNMPAL_792852_D1667-A_L_2024_02_20_14_05_57_Kentucky.ndpi.ndpa,72,pol,436113,-328222,14417,652979684.331854
USNMPAL_792852_D1667-A_L_2024_02_20_14_05_57_Kentucky.ndpi.ndpa,73,pol,104028,-270782,9967,312089235.4020098
USNMPAL_792852_D1667-A_L_2024_02_20_14_05_57_Kentucky.ndpi.ndpa,74,pol,92895,-250613,13531,575187793.2383345
USNMPAL_792852_D1667-A_L_2024_02_20_14_05_57_Kentucky.ndpi.ndpa,75,pol,725109,-122921,12664,503838878.2791343
USNMPAL_792852_D1667-A_L_2024_02_20_14_05_57_Kentucky.ndpi.ndpa,76,pol,1110290,-191010,16991,906959204.0044566
USNMPAL_792852_D1667-A_L_2024_02_20_14_05_57_Kentucky.ndpi.ndpa,77,pol,1724719,-161967,14368,648548577.8497084
USNMPAL_792852_D1667-A_L_2024_02_20_14_05_57_Kentucky.ndpi.ndpa,78,pol,1766346,-208436,17105,919170398.7197716
USNMPAL_792852_D1667-A_L_2024_02_20_14_05_57_Kentucky.ndpi.ndpa,79,pol,1644371,-82745,14185,632133131.0577637
USNMPAL_792852_D1667-A_L_2024_02_20_14_05_57_Kentucky.ndpi.ndpa,80,pol,1668895,-80808,10842,369290961.73949105
USNMPAL_792852_D1667-A_L_2024_02_20_14_05_57_Kentucky.ndpi.ndpa,81,pol,1365886,-115660,16492,854469420.5412033
USNMPAL_792852_D1667-A_L_2024_02_20_14_05_57_Kentucky.ndpi.ndpa,82,pol,1195162,-51443,18215,1042337167.0222901
USNMPAL_792852_D1667-A_L_2024_02_20_14_05_57_Kentucky.ndpi.ndpa,83,pol,460966,-85165,11328,403140428.7767127
USNMPAL_792852_D1667-A_L_2024_02_20_14_05_57_Kentucky.ndpi.ndpa,84,pol,567616,-31113,15623,766794056.9683418
USNMPAL_792852_D1667-A_L_2024_02_20_14_05_57_Kentucky.ndpi.ndpa,85,pol,261030,-40148,14942,701402544.1581439
USNMPAL_792852_D1667-A_L_2024_02_20_14_05_57_Kentucky.ndpi.ndpa,86,pol,43842,-86617,11538,418225916.8762794
USNMPAL_792852_D1667-A_L_2024_02_20_14_05_57_Kentucky.ndpi.ndpa,87,pol,-1818,-67578,14007,616368066.2017431
USNMPAL_792852_D1667-A_L_2024_02_20_14_05_57_Kentucky.ndpi.ndpa,88,pol,441,-49023,16831,889958412.5277025
USNMPAL_792852_D1667-A_L_2024_02_20_14_05_57_Kentucky.ndpi.ndpa,89,pol,28031,-59349,12610,499551245.19188553
USNMPAL_792852_D1667-A_L_2024_02_20_14_05_57_Kentucky.ndpi.ndpa,90,pol,409289,25160,14711,679883127.7111005
USNMPAL_792852_D1667-A_L_2024_02_20_14_05_57_Kentucky.ndpi.ndpa,91,fun,433749,26946,6686,140437347.18999246
USNMPAL_792852_D1667-A_L_2024_02_20_14_05_57_Kentucky.ndpi.ndpa,92,fun,443392,66235,12700,506707479.09749776
USNMPAL_792852_D1667-A_L_2024_02_20_14_05_57_Kentucky.ndpi.ndpa,93,pol,534106,-5376,9560,287121462.3451241
USNMPAL_792852_D1667-A_L_2024_02_20_14_05_57_Kentucky.ndpi.ndpa,94,pol,713756,10874,9491,282991779.1117199
USNMPAL_792852_D1667-A_L_2024_02_20_14_05_57_Kentucky.ndpi.ndpa,95,pol,748044,23910,16698,875948929.3367683
USNMPAL_792852_D1667-A_L_2024_02_20_14_05_57_Kentucky.ndpi.ndpa,96,pol,530892,76771,16148,819195115.5718725
USNMPAL_792852_D1667-A_L_2024_02_20_14_05_57_Kentucky.ndpi.ndpa,97,pol,807679,69806,13629,583549707.5725415
USNMPAL_792852_D1667-A_L_2024_02_20_14_05_57_Kentucky.ndpi.ndpa,98,pol,1209292,-4483,14027,618129494.3707578
USNMPAL_792852_D1667-A_L_2024_02_20_14_05_57_Kentucky.ndpi.ndpa,99,pol,1284295,80878,19409,1183467109.728693
USNMPAL_792852_D1667-A_L_2024_02_20_14_05_57_Kentucky.ndpi.ndpa,100,pol,1354114,95879,21238,1417023672.7726524
USNMPAL_792852_D1667-A_L_2024_02_20_14_05_57_Kentucky.ndpi.ndpa,101,pol,1356079,-25378,11916,446078058.4050569
USNMPAL_792852_D1667-A_L_2024_02_20_14_05_57_Kentucky.ndpi.ndpa,102,fun,1496971,17124,9287,270957242.43450165
USNMPAL_792852_D1667-A_L_2024_02_20_14_05_57_Kentucky.ndpi.ndpa,103,fun,1739298,-69666,13182,545899237.0085194
USNMPAL_792852_D1667-A_L_2024_02_20_14_05_57_Kentucky.ndpi.ndpa,104,pol,551701,-668568,22922,1650649592.7576249
USNMPAL_792851_D1644_2024_01_26_11_12_23_California.ndpi.ndpa,2,pol,10597910,317877,20481,1317808146.108912
USNMPAL_792851_D1644_2024_01_26_11_12_23_California.ndpi.ndpa,3,pol,10600602,244148,13073,536908642.8604394
USNMPAL_792851_D1644_2024_01_26_11_12_23_California.ndpi.ndpa,4,spo,10747382,357603,19894,1243352007.5197523
USNMPAL_792851_D1644_2024_01_26_11_12_23_California.ndpi.ndpa,5,pol,10772450,160196,13257,552128779.6211389
USNMPAL_792851_D1644_2024_01_26_11_12_23_California.ndpi.ndpa,6,pol,10764650,158636,16283,832949589.4039296
USNMPAL_792851_D1644_2024_01_26_11_12_23_California.ndpi.ndpa,7,pol,10895693,258740,19911,1245477876.1445467
USNMPAL_792851_D1644_2024_01_26_11_12_23_California.ndpi.ndpa,8,pol,11032750,121454,14016,617160397.860127
USNMPAL_792851_D1644_2024_01_26_11_12_23_California.ndpi.ndpa,9,pol,12300815,249120,17910,1007722706.4659561
USNMPAL_792851_D1644_2024_01_26_11_12_23_California.ndpi.ndpa,10,fun,11486798,547255,22513,1592269643.5113413
USNMPAL_792851_D1644_2024_01_26_11_12_23_California.ndpi.ndpa,11,spo,11207676,377207,20500,1320254312.6711106
USNMPAL_792851_D1644_2024_01_26_11_12_23_California.ndpi.ndpa,12,pol,10701747,746560,18686,1096939212.8725553
USNMPAL_792851_D1644_2024_01_26_11_12_23_California.ndpi.ndpa,13,fun,11592558,756961,9883,306850943.8114142
USNMPAL_792851_D1644_2024_01_26_11_12_23_California.ndpi.ndpa,14,paly,11581378,748640,16222,826720423.7824285
USNMPAL_792851_D1644_2024_01_26_11_12_23_California.ndpi.ndpa,15,spo,12037404,801843,26281,2169869648.978474
USNMPAL_792851_D1644_2024_01_26_11_12_23_California.ndpi.ndpa,16,pol,11928724,876987,20493,1319352829.5175703
USNMPAL_792851_D1644_2024_01_26_11_12_23_California.ndpi.ndpa,17,paly,11890364,812656,22488,1588735273.2362363
USNMPAL_792851_D1644_2024_01_26_11_12_23_California.ndpi.ndpa,18,pol,11393106,830900,15516,756326669.2288476
USNMPAL_792851_D1644_2024_01_26_11_12_23_California.ndpi.ndpa,19,pol,10773791,1139097,11915,446003191.11052924
USNMPAL_792851_D1644_2024_01_26_11_12_23_California.ndpi.ndpa,20,pol,10903128,1119651,17954,1012680189.9388033
USNMPAL_792851_D1644_2024_01_26_11_12_23_California.ndpi.ndpa,21,pol,10915790,1129600,9347,274469668.6849212
USNMPAL_792851_D1644_2024_01_26_11_12_23_California.ndpi.ndpa,22,pol,11343137,1115354,15455,750391474.9983135
USNMPAL_792851_D1644_2024_01_26_11_12_23_California.ndpi.ndpa,23,pol,11353765,1105857,16561,861634315.8177614
USNMPAL_792851_D1644_2024_01_26_11_12_23_California.ndpi.ndpa,24,pol,11360096,1099752,18179,1038221102.5930393
USNMPAL_792851_D1644_2024_01_26_11_12_23_California.ndpi.ndpa,25,spo,12039104,1256902,27708,2411905182.098913
USNMPAL_792851_D1644_2024_01_26_11_12_23_California.ndpi.ndpa,26,pol,11093511,1261198,18645,1092130782.2631576
USNMPAL_792851_D1644_2024_01_26_11_12_23_California.ndpi.ndpa,27,spo,11075422,1215975,16211,825599619.7625558
USNMPAL_792851_D1644_2024_01_26_11_12_23_California.ndpi.ndpa,28,pol,11102555,1198564,17274,937423212.2583536
USNMPAL_792851_D1644_2024_01_26_11_12_23_California.ndpi.ndpa,29,pol,10818334,1282680,17393,950383453.7684714
USNMPAL_792851_D1644_2024_01_26_11_12_23_California.ndpi.ndpa,30,pol,10565543,1308683,9582,288444462.4097745
USNMPAL_792851_D1644_2024_01_26_11_12_23_California.ndpi.ndpa,31,pol,11868843,1346669,14487,659336005.9160091
USNMPAL_792851_D1644_2024_01_26_11_12_23_California.ndpi.ndpa,32,pol,11907282,1334232,14615,671038614.4798197
USNMPAL_792851_D1644_2024_01_26_11_12_23_California.ndpi.ndpa,33,pol,12045207,1532762,16562,861738374.7912263
USNMPAL_792851_D1644_2024_01_26_11_12_23_California.ndpi.ndpa,34,pol,11394463,1656222,16660,871966633.9227072
USNMPAL_792851_D1644_2024_01_26_11_12_23_California.ndpi.ndpa,35,paly,11369590,1658257,21875,1503301172.1279283
USNMPAL_792851_D1644_2024_01_26_11_12_23_California.ndpi.ndpa,36,pol,11369138,1625696,16999,907813465.8788208
USNMPAL_792851_D1644_2024_01_26_11_12_23_California.ndpi.ndpa,37,pol,11369590,1653283,16788,885416872.7805979
USNMPAL_792851_D1644_2024_01_26_11_12_23_California.ndpi.ndpa,38,pol,11364616,1646273,16068,811098351.6576287
USNMPAL_792851_D1644_2024_01_26_11_12_23_California.ndpi.ndpa,39,paly,10828962,1551530,18230,1044054597.1861913
USNMPAL_792851_D1644_2024_01_26_11_12_23_California.ndpi.ndpa,40,pol,10767233,1620948,17724,986900469.1190046
USNMPAL_792851_D1644_2024_01_26_11_12_23_California.ndpi.ndpa,42,spo,17097910,-3494809,34398,3717202811.969254
USNMPAL_792851_D1644_2024_01_26_11_12_23_California.ndpi.ndpa,43,fun,16525081,-4158027,8280,215382565.78187048
USNMPAL_792851_D1644_2024_01_26_11_12_23_California.ndpi.ndpa,44,pol,16561554,-4140777,19128,1149447126.4670124
USNMPAL_792851_D1644_2024_01_26_11_12_23_California.ndpi.ndpa,45,pol,16590473,-4177041,6742,142799724.33452708
USNMPAL_792851_D1644_2024_01_26_11_12_23_California.ndpi.ndpa,46,pol,16526397,-4110950,17236,933303390.484289
USNMPAL_792851_D1644_2024_01_26_11_12_23_California.ndpi.ndpa,47,pol,16664654,-4289571,15699,774272530.315618
USNMPAL_792851_D1644_2024_01_26_11_12_23_California.ndpi.ndpa,48,pol,16767109,-4060405,15795,783770896.9427052
USNMPAL_792851_D1644_2024_01_26_11_12_23_California.ndpi.ndpa,49,spo,16926598,-4106197,30946,3008561648.7797503
USNMPAL_792851_D1644_2024_01_26_11_12_23_California.ndpi.ndpa,50,pol,17598808,-4293115,17265,936446645.0403926
USNMPAL_792851_D1644_2024_01_26_11_12_23_California.ndpi.ndpa,51,pol,17975756,-4212338,18773,1107177452.8438966
USNMPAL_792851_D1644_2024_01_26_11_12_23_California.ndpi.ndpa,52,pol,17961696,-4217300,16769,883413846.7117442
USNMPAL_792851_D1644_2024_01_26_11_12_23_California.ndpi.ndpa,53,pol,17531984,-4057644,18390,1062461816.8621047
USNMPAL_792851_D1644_2024_01_26_11_12_23_California.ndpi.ndpa,54,pol,16593608,-3898594,12886,521658305.9695609
USNMPAL_792851_D1644_2024_01_26_11_12_23_California.ndpi.ndpa,55,pol,16972104,-3884819,12020,453898563.2277147
USNMPAL_792851_D1644_2024_01_26_11_12_23_California.ndpi.ndpa,56,pol,18094636,-3733277,15931,797326039.8624846
USNMPAL_792851_D1644_2024_01_26_11_12_23_California.ndpi.ndpa,57,spo,17315774,-3804345,20951,1378984505.5159721
USNMPAL_792851_D1644_2024_01_26_11_12_23_California.ndpi.ndpa,58,pol,16902120,-3326954,17156,924659738.1209083
USNMPAL_792851_D1644_2024_01_26_11_12_23_California.ndpi.ndpa,59,spo,17256714,-3492267,15931,797326039.8624846
USNMPAL_792851_D1644_2024_01_26_11_12_23_California.ndpi.ndpa,60,pol,17300366,-3212433,15047,711294932.4774368
USNMPAL_792851_D1644_2024_01_26_11_12_23_California.ndpi.ndpa,61,pol,17284974,-3154892,21130,1402648549.0375447
USNMPAL_792851_D1644_2024_01_26_11_12_23_California.ndpi.ndpa,62,spo,16623395,-3208686,25501,2042980847.3636887
USNMPAL_792851_D1644_2024_01_26_11_12_23_California.ndpi.ndpa,63,paly,16848950,-2809790,24500,1885740990.3172734
USNMPAL_792851_D1644_2024_01_26_11_12_23_California.ndpi.ndpa,64,paly,17168866,-2800490,17092,917773769.1480991
USNMPAL_792851_D1644_2024_01_26_11_12_23_California.ndpi.ndpa,65,pol,17308466,-3030323,13621,582864840.3740588
USNMPAL_792854_D1668_L_2024_01_25_16_38_58_Kentucky.ndpi.ndpa,2,paly,8094987,-2347916,16684,874480712.2932984
USNMPAL_792854_D1668_L_2024_01_25_16_38_58_Kentucky.ndpi.ndpa,3,pol,8094808,-2275049,13249,551462611.1821306
USNMPAL_792854_D1668_L_2024_01_25_16_38_58_Kentucky.ndpi.ndpa,4,spo,8266916,-2330686,14128,627063100.0281017
USNMPAL_792854_D1668_L_2024_01_25_16_38_58_Kentucky.ndpi.ndpa,5,pol,8872078,-2293535,18314,1053698331.5885453
USNMPAL_792854_D1668_L_2024_01_25_16_38_58_Kentucky.ndpi.ndpa,6,pol,9127638,-2136677,14040,619275770.4238658
USNMPAL_792854_D1668_L_2024_01_25_16_38_58_Kentucky.ndpi.ndpa,7,pol,8606466,-2222288,18707,1099406157.9285645
USNMPAL_792854_D1668_L_2024_01_25_16_38_58_Kentucky.ndpi.ndpa,8,pol,8557652,-2138831,15255,731095812.919965
USNMPAL_792854_D1668_L_2024_01_25_16_38_58_Kentucky.ndpi.ndpa,9,pol,8322246,-2143158,16495,854780315.6917952
USNMPAL_792854_D1668_L_2024_01_25_16_38_58_Kentucky.ndpi.ndpa,10,pol,8003785,-2246842,17272,937206153.3387318
USNMPAL_792854_D1668_L_2024_01_25_16_38_58_Kentucky.ndpi.ndpa,11,pol,7661097,-2111133,16496,854883959.9750298
USNMPAL_792854_D1668_L_2024_01_25_16_38_58_Kentucky.ndpi.ndpa,12,pol,7601118,-2243834,17144,923366658.5846907
USNMPAL_792854_D1668_L_2024_01_25_16_38_58_Kentucky.ndpi.ndpa,13,pol,7583778,-2238880,16707,876893433.4601067
USNMPAL_792854_D1668_L_2024_01_25_16_38_58_Kentucky.ndpi.ndpa,14,pol,7487359,-1941443,14628,672232919.2014158
USNMPAL_792854_D1668_L_2024_01_25_16_38_58_Kentucky.ndpi.ndpa,15,pol,7531768,-1942150,15986,802840901.562339
USNMPAL_792854_D1668_L_2024_01_25_16_38_58_Kentucky.ndpi.ndpa,16,pol,7640570,-2059104,14512,661613582.0500454
USNMPAL_792854_D1668_L_2024_01_25_16_38_58_Kentucky.ndpi.ndpa,17,pol,7696657,-2009916,11802,437583656.8254628
USNMPAL_792854_D1668_L_2024_01_25_16_38_58_Kentucky.ndpi.ndpa,18,pol,7879056,-1967629,12838,517779218.15735567
USNMPAL_792854_D1668_L_2024_01_25_16_38_58_Kentucky.ndpi.ndpa,19,pol,8767017,-1986915,15039,710538788.8248296
USNMPAL_792854_D1668_L_2024_01_25_16_38_58_Kentucky.ndpi.ndpa,20,pol,8931722,-2046719,16132,817572545.7981465
USNMPAL_792854_D1668_L_2024_01_25_16_38_58_Kentucky.ndpi.ndpa,21,pol,8939329,-2003547,16547,860178149.9237107
USNMPAL_792854_D1668_L_2024_01_25_16_38_58_Kentucky.ndpi.ndpa,22,betula,9104582,-1786002,15670,771414620.3370547
USNMPAL_792854_D1668_L_2024_01_25_16_38_58_Kentucky.ndpi.ndpa,23,pol,8975927,-1896736,12299,475214272.52391416
USNMPAL_792854_D1668_L_2024_01_25_16_38_58_Kentucky.ndpi.ndpa,24,pol,8563339,-1815476,15843,788541794.9446702
USNMPAL_792854_D1668_L_2024_01_25_16_38_58_Kentucky.ndpi.ndpa,25,pol,8543742,-1891287,15644,768856848.6958375
USNMPAL_792854_D1668_L_2024_01_25_16_38_58_Kentucky.ndpi.ndpa,26,din,8148904,-1842720,14681,677112996.9728711
USNMPAL_792854_D1668_L_2024_01_25_16_38_58_Kentucky.ndpi.ndpa,27,pol,8031850,-1838677,15706,774963162.33662
USNMPAL_792854_D1668_L_2024_01_25_16_38_58_Kentucky.ndpi.ndpa,28,pol,7964185,-1855902,15209,726693360.9044129
USNMPAL_792854_D1668_L_2024_01_25_16_38_58_Kentucky.ndpi.ndpa,29,pol,7634289,-1795438,10962,377510876.0857557
USNMPAL_792854_D1668_L_2024_01_25_16_38_58_Kentucky.ndpi.ndpa,30,pol,7574354,-1877170,18612,1088268253.7858295
USNMPAL_792854_D1668_L_2024_01_25_16_38_58_Kentucky.ndpi.ndpa,31,pol,7484367,-1692972,16006,804851018.2058119
USNMPAL_792854_D1668_L_2024_01_25_16_38_58_Kentucky.ndpi.ndpa,32,botryoccocus,7710216,-1649206,19472,1191162450.3584392
USNMPAL_792854_D1668_L_2024_01_25_16_38_58_Kentucky.ndpi.ndpa,33,pol,8091603,-1608604,16980,905785250.5200706
USNMPAL_792854_D1668_L_2024_01_25_16_38_58_Kentucky.ndpi.ndpa,34,pol,8194464,-1708335,18685,1096821808.413498
USNMPAL_792854_D1668_L_2024_01_25_16_38_58_Kentucky.ndpi.ndpa,35,paly,8583854,-1579951,15924,796625511.8246238
USNMPAL_792854_D1668_L_2024_01_25_16_38_58_Kentucky.ndpi.ndpa,36,paly,8863170,-1682271,14583,668103311.3662353
USNMPAL_792854_D1668_L_2024_01_25_16_38_58_Kentucky.ndpi.ndpa,37,pol,9182467,-1547539,16530,858411604.1002634
USNMPAL_792854_D1668_L_2024_01_25_16_38_58_Kentucky.ndpi.ndpa,38,pol,8740774,-1517248,16656,871547972.7193192
USNMPAL_792854_D1668_L_2024_01_25_16_38_58_Kentucky.ndpi.ndpa,39,pol,8871446,-1524468,15072,713660473.2057736
USNMPAL_792854_D1668_L_2024_01_25_16_38_58_Kentucky.ndpi.ndpa,40,pol,8794311,-1433067,9467,281562379.5870778
USNMPAL_792854_D1668_L_2024_01_25_16_38_58_Kentucky.ndpi.ndpa,41,pol,8488754,-1457898,15146,720685489.0694307
USNMPAL_792854_D1668_L_2024_01_25_16_38_58_Kentucky.ndpi.ndpa,42,pol,8525208,-1528871,18876,1119360068.4908419
USNMPAL_792854_D1668_L_2024_01_25_16_38_58_Kentucky.ndpi.ndpa,43,pol,7946146,-1501574,12327,477380488.62315863
USNMPAL_792854_D1668_L_2024_01_25_16_38_58_Kentucky.ndpi.ndpa,44,pol,7851571,-1561099,15706,774963162.33662
USNMPAL_792854_D1668_L_2024_01_25_16_38_58_Kentucky.ndpi.ndpa,45,paly,7425202,-1583465,10707,360151707.4270432
USNMPAL_792854_D1668_L_2024_01_25_16_38_58_Kentucky.ndpi.ndpa,47,pol,7591126,-1239400,17201,929516844.5668806
USNMPAL_792854_D1668_L_2024_01_25_16_38_58_Kentucky.ndpi.ndpa,48,pol,7775662,-1225567,19208,1159082014.144454
USNMPAL_792854_D1668_L_2024_01_25_16_38_58_Kentucky.ndpi.ndpa,49,paly,7750019,-1212073,15274,732918096.8802725
USNMPAL_792854_D1668_L_2024_01_25_16_38_58_Kentucky.ndpi.ndpa,50,pol,7546928,-1286295,10880,371884145.4130996
USNMPAL_792854_D1668_L_2024_01_25_16_38_58_Kentucky.ndpi.ndpa,51,pol,7511844,-1313621,11234,396477651.1123852
USNMPAL_792854_D1668_L_2024_01_25_16_38_58_Kentucky.ndpi.ndpa,52,paly,8125036,-1254251,15998,804046669.9555279
USNMPAL_792854_D1668_L_2024_01_25_16_38_58_Kentucky.ndpi.ndpa,53,bipol,8660980,-1286301,27461,2369095506.397757
USNMPAL_792854_D1668_L_2024_01_25_16_38_58_Kentucky.ndpi.ndpa,54,pol,8691678,-1327460,23433,1725065770.288231
USNMPAL_792854_D1668_L_2024_01_25_16_38_58_Kentucky.ndpi.ndpa,55,pol,8905889,-1257288,12228,469743449.66987777
USNMPAL_792854_D1668_L_2024_01_25_16_38_58_Kentucky.ndpi.ndpa,56,pol,9189947,-1213093,16656,871547972.7193192
USNMPAL_792854_D1668_L_2024_01_25_16_38_58_Kentucky.ndpi.ndpa,57,pol,9141705,-1255264,17202,929624924.778942
USNMPAL_792854_D1668_L_2024_01_25_16_38_58_Kentucky.ndpi.ndpa,58,pol,9129222,-1386837,10593,352523292.14559644
USNMPAL_792854_D1668_L_2024_01_25_16_38_58_Kentucky.ndpi.ndpa,59,pol,8954132,-948703,18627,1090023100.318235
USNMPAL_792854_D1668_L_2024_01_25_16_38_58_Kentucky.ndpi.ndpa,60,pol,8890371,-1147413,14813,689343870.6245681
USNMPAL_792854_D1668_L_2024_01_25_16_38_58_Kentucky.ndpi.ndpa,61,pol,8534834,-993236,16656,871547972.7193192
USNMPAL_792854_D1668_L_2024_01_25_16_38_58_Kentucky.ndpi.ndpa,62,pol,8536522,-934196,18630,1090374239.2707193
USNMPAL_792854_D1668_L_2024_01_25_16_38_58_Kentucky.ndpi.ndpa,63,pol,8674840,-983789,16656,871547972.7193192
USNMPAL_792854_D1668_L_2024_01_25_16_38_58_Kentucky.ndpi.ndpa,64,paly,8662356,-892700,16656,871547972.7193192
USNMPAL_792854_D1668_L_2024_01_25_16_38_58_Kentucky.ndpi.ndpa,65,paly,8193889,-1227707,16656,871547972.7193192
USNMPAL_792854_D1668_L_2024_01_25_16_38_58_Kentucky.ndpi.ndpa,66,pol,7791848,-988175,11807,437954506.1302559
C_418081_W_Nassichuk_R_2025_01_21_12_58_10_Alaska.ndpi.ndpa,3,pol,30071280,4002912,13180,545733599.6774516
C_418081_W_Nassichuk_R_2025_01_21_12_58_10_Alaska.ndpi.ndpa,4,pol,30180652,4091843,12099,459884557.0114574
C_418081_W_Nassichuk_R_2025_01_21_12_58_10_Alaska.ndpi.ndpa,5,pol,30269752,4120976,11833,439885454.63885826
C_418081_W_Nassichuk_R_2025_01_21_12_58_10_Alaska.ndpi.ndpa,6,pol,30249650,4127961,12958,527504081.04839593
C_418081_W_Nassichuk_R_2025_01_21_12_58_10_Alaska.ndpi.ndpa,7,pol,30185594,3991327,10744,362645148.67549294
C_418081_W_Nassichuk_R_2025_01_21_12_58_10_Alaska.ndpi.ndpa,8,paly,30158846,4048229,14237,636776229.0705808
C_418081_W_Nassichuk_R_2025_01_21_12_58_10_Alaska.ndpi.ndpa,9,paly,30111822,4073784,14782,686461632.1524954
C_418081_W_Nassichuk_R_2025_01_21_12_58_10_Alaska.ndpi.ndpa,10,pol,30308932,4026763,11073,385194850.4332812
C_418081_W_Nassichuk_R_2025_01_21_12_58_10_Alaska.ndpi.ndpa,11,pol,30437880,4134094,13642,584663474.42487
C_418081_W_Nassichuk_R_2025_01_21_12_58_10_Alaska.ndpi.ndpa,12,pol,30476894,4064244,10130,322380499.17415845
C_418081_W_Nassichuk_R_2025_01_21_12_58_10_Alaska.ndpi.ndpa,13,pol,30383536,4029489,11354,404993126.49549955
C_418081_W_Nassichuk_R_2025_01_21_12_58_10_Alaska.ndpi.ndpa,14,pol,30393244,4072762,16330,837765057.1808711
C_418081_W_Nassichuk_R_2025_01_21_12_58_10_Alaska.ndpi.ndpa,15,pol,30362408,4142613,12576,496861024.0043929
C_418081_W_Nassichuk_R_2025_01_21_12_58_10_Alaska.ndpi.ndpa,16,paly,30502448,4153516,12306,475755364.7346052
C_418081_W_Nassichuk_R_2025_01_21_12_58_10_Alaska.ndpi.ndpa,17,pol,30669372,4096613,13419,565705209.9727391
C_418081_W_Nassichuk_R_2025_01_21_12_58_10_Alaska.ndpi.ndpa,18,pol,30933428,4139887,13397,563851821.1035686
C_418081_W_Nassichuk_R_2025_01_21_12_58_10_Alaska.ndpi.ndpa,19,pol,30956086,4001549,12854,519070638.9326521
C_418081_W_Nassichuk_R_2025_01_21_12_58_10_Alaska.ndpi.ndpa,20,pol,31148974,4099169,13134,541930877.6994697
C_418081_W_Nassichuk_R_2025_01_21_12_58_10_Alaska.ndpi.ndpa,21,pol,31214904,4064755,14837,691579427.9568626
C_418081_W_Nassichuk_R_2025_01_21_12_58_10_Alaska.ndpi.ndpa,22,pol,31386132,4050708,15571,761698117.2240657
C_418081_W_Nassichuk_R_2025_01_21_12_58_10_Alaska.ndpi.ndpa,23,pol,31499482,4070339,16479,853122861.6732436
C_418081_W_Nassichuk_R_2025_01_21_12_58_10_Alaska.ndpi.ndpa,24,pol,31561448,4127186,13653,585606721.9111471
C_418081_W_Nassichuk_R_2025_01_21_12_58_10_Alaska.ndpi.ndpa,25,pol,31872560,4031759,14238,636865685.9213917
C_418081_W_Nassichuk_R_2025_01_21_12_58_10_Alaska.ndpi.ndpa,26,pol,31868464,4063170,18781,1108121287.8079998
C_418081_W_Nassichuk_R_2025_01_21_12_58_10_Alaska.ndpi.ndpa,27,pol,31806156,4254023,14106,625111706.0345097
C_418081_W_Nassichuk_R_2025_01_21_12_58_10_Alaska.ndpi.ndpa,28,pol,31463144,4205883,12148,463617092.6679654
C_418081_W_Nassichuk_R_2025_01_21_12_58_10_Alaska.ndpi.ndpa,29,pol,31528356,4235757,10481,345108228.7044403
C_418081_W_Nassichuk_R_2025_01_21_12_58_10_Alaska.ndpi.ndpa,30,pol,31517258,4230465,11183,392885971.90409356
C_418081_W_Nassichuk_R_2025_01_21_12_58_10_Alaska.ndpi.ndpa,31,pol,30987426,4176691,14891,696622664.3427821
C_418081_W_Nassichuk_R_2025_01_21_12_58_10_Alaska.ndpi.ndpa,32,pol,31012520,4272289,14283,640897747.3046783
C_418081_W_Nassichuk_R_2025_01_21_12_58_10_Alaska.ndpi.ndpa,33,pol,30411606,4175496,13131,541683335.9063301
C_418081_W_Nassichuk_R_2025_01_21_12_58_10_Alaska.ndpi.ndpa,34,pol,30159304,4219199,12831,517214727.3645807
C_418081_W_Nassichuk_R_2025_01_21_12_58_10_Alaska.ndpi.ndpa,35,pol,30191738,4237806,13592,580385567.7084768
C_418081_W_Nassichuk_R_2025_01_21_12_58_10_Alaska.ndpi.ndpa,36,pol,30066780,4153987,12689,505830098.2427958
C_418081_W_Nassichuk_R_2025_01_21_12_58_10_Alaska.ndpi.ndpa,37,pol,30478694,4370618,6062,115446756.74566376
C_418081_W_Nassichuk_R_2025_01_21_12_58_10_Alaska.ndpi.ndpa,38,pol,30593066,4295677,9890,307285774.7921902
C_418081_W_Nassichuk_R_2025_01_21_12_58_10_Alaska.ndpi.ndpa,39,pol,30953270,4356278,12370,480716768.915084
C_418081_W_Nassichuk_R_2025_01_21_12_58_10_Alaska.ndpi.ndpa,40,pol,31413760,4360546,11570,420548986.4135323
C_418081_W_Nassichuk_R_2025_01_21_12_58_10_Alaska.ndpi.ndpa,41,pol,31821010,4364473,5814,106193987.26586373
C_418081_W_Nassichuk_R_2025_01_21_12_58_10_Alaska.ndpi.ndpa,42,pol,31850712,4510600,13513,573658491.0673083
C_418081_W_Nassichuk_R_2025_01_21_12_58_10_Alaska.ndpi.ndpa,43,din,31454242,4512307,13590,580214778.1654571
C_418081_W_Nassichuk_R_2025_01_21_12_58_10_Alaska.ndpi.ndpa,44,pol,31240978,4517599,11773,435435828.46801984
C_418081_W_Nassichuk_R_2025_01_21_12_58_10_Alaska.ndpi.ndpa,45,pol,30810544,4460411,12131,462320422.29134476
C_418081_W_Nassichuk_R_2025_01_21_12_58_10_Alaska.ndpi.ndpa,46,paly,30891800,4488578,11356,405135817.6338256
C_418081_W_Nassichuk_R_2025_01_21_12_58_10_Alaska.ndpi.ndpa,47,pol,30856978,4429512,12438,486016459.7925014
C_418081_W_Nassichuk_R_2025_01_21_12_58_10_Alaska.ndpi.ndpa,48,pol,30577532,4517257,14206,634006183.1553531
C_418081_W_Nassichuk_R_2025_01_21_12_58_10_Alaska.ndpi.ndpa,49,pol,30514884,4472873,11552,419241468.11747885
C_418081_W_Nassichuk_R_2025_01_21_12_58_10_Alaska.ndpi.ndpa,50,pol,30349468,4491480,12838,517779218.15735567
C_418081_W_Nassichuk_R_2025_01_21_12_58_10_Alaska.ndpi.ndpa,51,pol,30276578,4471166,10400,339794661.41227204
C_418081_W_Nassichuk_R_2025_01_21_12_58_10_Alaska.ndpi.ndpa,52,pol,30131820,4430195,11833,439885454.63885826
C_418081_W_Nassichuk_R_2025_01_21_12_58_10_Alaska.ndpi.ndpa,53,pol,30100240,4586053,12574,496703001.8939173
C_418081_W_Nassichuk_R_2025_01_21_12_58_10_Alaska.ndpi.ndpa,54,pol,30170570,4626170,13171,544988542.7053189
C_418081_W_Nassichuk_R_2025_01_21_12_58_10_Alaska.ndpi.ndpa,55,pol,30383780,4532963,10651,356394211.8169024
C_418081_W_Nassichuk_R_2025_01_21_12_58_10_Alaska.ndpi.ndpa,56,pol,30590506,4540645,14838,691672654.7188579
C_418081_W_Nassichuk_R_2025_01_21_12_58_10_Alaska.ndpi.ndpa,57,pol,30758308,4543376,14583,668103311.3662353
C_418081_W_Nassichuk_R_2025_01_21_12_58_10_Alaska.ndpi.ndpa,58,pol,30740726,4622244,14702,679051494.72862
C_418081_W_Nassichuk_R_2025_01_21_12_58_10_Alaska.ndpi.ndpa,59,pol,30847246,4595101,12578,497019071.24760973
C_418081_W_Nassichuk_R_2025_01_21_12_58_10_Alaska.ndpi.ndpa,60,pol,30949164,4553277,11563,420040265.1735439
C_418081_W_Nassichuk_R_2025_01_21_12_58_10_Alaska.ndpi.ndpa,61,pol,31168420,4536548,14771,685440353.7878885
C_418081_W_Nassichuk_R_2025_01_21_12_58_10_Alaska.ndpi.ndpa,62,pol,31176614,4581273,10397,339598654.3050219
C_418081_W_Nassichuk_R_2025_01_21_12_58_10_Alaska.ndpi.ndpa,63,paly,31564888,4577347,14011,616720150.7736162
C_418081_W_Nassichuk_R_2025_01_21_12_58_10_Alaska.ndpi.ndpa,64,paly,31723528,4596808,16896,896845584.730498
C_418081_W_Nassichuk_R_2025_01_21_12_58_10_Alaska.ndpi.ndpa,65,pol,31850704,4685406,8852,246168615.55709428
C_418081_W_Nassichuk_R_2025_01_21_12_58_10_Alaska.ndpi.ndpa,66,pol,31625500,4759665,13453,568575519.8175061
C_418081_W_Nassichuk_R_2025_01_21_12_58_10_Alaska.ndpi.ndpa,67,pol,31526480,4696161,14809,688971629.5942296
C_418081_W_Nassichuk_R_2025_01_21_12_58_10_Alaska.ndpi.ndpa,68,spo,31306538,4636583,11917,446152931.9827699
C_418081_W_Nassichuk_R_2025_01_21_12_58_10_Alaska.ndpi.ndpa,69,pol,31044962,4742082,11887,443909457.8369884
C_418081_W_Nassichuk_R_2025_01_21_12_58_10_Alaska.ndpi.ndpa,70,pol,31045986,4650240,11918,446227811.8436682
C_418081_W_Nassichuk_R_2025_01_21_12_58_10_Alaska.ndpi.ndpa,71,pol,31071932,4639656,12831,517214727.3645807
C_418081_W_Nassichuk_R_2025_01_21_12_58_10_Alaska.ndpi.ndpa,72,pol,30723144,4711696,11173,392183637.45045704
C_418081_W_Nassichuk_R_2025_01_21_12_58_10_Alaska.ndpi.ndpa,73,pol,30686102,4718183,11573,420767104.04987836
C_418081_W_Nassichuk_R_2025_01_21_12_58_10_Alaska.ndpi.ndpa,74,pol,30356640,4664408,13118,540611308.2539971
C_418081_W_Nassichuk_R_2025_01_21_12_58_10_Alaska.ndpi.ndpa,75,pol,30125846,4803537,13210,548220798.5812986
C_418081_W_Nassichuk_R_2025_01_21_12_58_10_Alaska.ndpi.ndpa,76,pol,30130112,4780321,10002,314284941.6314935
C_418081_W_Nassichuk_R_2025_01_21_12_58_10_Alaska.ndpi.ndpa,77,pol,30219222,4880186,11335,403638814.1768709
C_418081_W_Nassichuk_R_2025_01_21_12_58_10_Alaska.ndpi.ndpa,78,pol,30263092,4790563,5358,90189357.12045097
C_418081_W_Nassichuk_R_2025_01_21_12_58_10_Alaska.ndpi.ndpa,79,pol,30338544,4823851,12590,497967882.49447626
C_418081_W_Nassichuk_R_2025_01_21_12_58_10_Alaska.ndpi.ndpa,80,pol,30408704,4800977,10938,375859654.9870289
C_418081_W_Nassichuk_R_2025_01_21_12_58_10_Alaska.ndpi.ndpa,81,pol,30441310,4887526,16295,834177751.0695534
C_418081_W_Nassichuk_R_2025_01_21_12_58_10_Alaska.ndpi.ndpa,82,pol,30488084,4892819,13970,613116049.7079723
C_418081_W_Nassichuk_R_2025_01_21_12_58_10_Alaska.ndpi.ndpa,83,pol,30329838,4919961,14975,704504116.0629196
C_418081_W_Nassichuk_R_2025_01_21_12_58_10_Alaska.ndpi.ndpa,84,pol,30188664,4938227,12353,479396385.79711413
C_418081_W_Nassichuk_R_2025_01_21_12_58_10_Alaska.ndpi.ndpa,85,pol,30627036,4870456,13831,600975870.6945918
C_418081_W_Nassichuk_R_2025_01_21_12_58_10_Alaska.ndpi.ndpa,86,pol,30656910,4845703,9295,271424259.0320137
C_418081_W_Nassichuk_R_2025_01_21_12_58_10_Alaska.ndpi.ndpa,87,pol,30833932,4869090,12415,484220665.74144906
C_418081_W_Nassichuk_R_2025_01_21_12_58_10_Alaska.ndpi.ndpa,88,paly,31213500,4876772,12296,474982470.109969
C_418081_W_Nassichuk_R_2025_01_21_12_58_10_Alaska.ndpi.ndpa,89,pol,31402338,4882064,9705,295897265.8034782
C_418081_W_Nassichuk_R_2025_01_21_12_58_10_Alaska.ndpi.ndpa,90,pol,31393118,4885990,9053,257474909.06606182
C_418081_W_Nassichuk_R_2025_01_21_12_58_10_Alaska.ndpi.ndpa,91,pol,31662724,4844849,13001,531010843.00726104
C_418081_W_Nassichuk_R_2025_01_21_12_58_10_Alaska.ndpi.ndpa,92,pol,31755272,4852019,13538,575783071.6391147
C_418081_W_Nassichuk_R_2025_01_21_12_58_10_Alaska.ndpi.ndpa,93,paly,31675720,4937203,12595,498363487.5493796
C_418081_W_Nassichuk_R_2025_01_21_12_58_10_Alaska.ndpi.ndpa,94,pol,31325480,4927644,13826,600541435.5544901
C_418081_W_Nassichuk_R_2025_01_21_12_58_10_Alaska.ndpi.ndpa,95,pol,31134260,4931740,15436,748547583.1637348
C_418081_W_Nassichuk_R_2025_01_21_12_58_10_Alaska.ndpi.ndpa,96,pol,30911944,4993537,14630,672416752.6371332
C_418081_W_Nassichuk_R_2025_01_21_12_58_10_Alaska.ndpi.ndpa,97,pol,30870292,4992171,14583,668103311.3662353
C_418081_W_Nassichuk_R_2025_01_21_12_58_10_Alaska.ndpi.ndpa,98,pol,30864488,5007364,11498,415331127.74155563
C_418081_W_Nassichuk_R_2025_01_21_12_58_10_Alaska.ndpi.ndpa,99,pol,30725364,4986538,11319,402500099.93728006
C_418081_W_Nassichuk_R_2025_01_21_12_58_10_Alaska.ndpi.ndpa,100,pol,30642570,4972370,13227,549632721.4260088
C_418081_W_Nassichuk_R_2025_01_21_12_58_10_Alaska.ndpi.ndpa,101,pol,30305086,5028533,14891,696622664.3427821
C_418081_W_Nassichuk_R_2025_01_21_12_58_10_Alaska.ndpi.ndpa,102,pol,30070536,5016071,13056,535513169.3948634
C_418081_W_Nassichuk_R_2025_01_21_12_58_10_Alaska.ndpi.ndpa,103,pol,30081462,5193609,9240,268221640.94112793
C_418081_W_Nassichuk_R_2025_01_21_12_58_10_Alaska.ndpi.ndpa,104,pol,30899996,5178245,13873,604631327.3753439
C_418081_W_Nassichuk_R_2025_01_21_12_58_10_Alaska.ndpi.ndpa,105,pol,31534512,5166978,13210,548220798.5812986
C_418081_W_Nassichuk_R_2025_01_21_12_58_10_Alaska.ndpi.ndpa,106,pol,31315414,5262917,12521,492524573.70890003
C_418081_W_Nassichuk_R_2025_01_21_12_58_10_Alaska.ndpi.ndpa,107,din,31207356,5267015,15782,782481270.0168139
C_418081_W_Nassichuk_R_2025_01_21_12_58_10_Alaska.ndpi.ndpa,108,paly,31086624,5355100,13137,542178476.041277
C_418081_W_Nassichuk_R_2025_01_21_12_58_10_Alaska.ndpi.ndpa,109,pol,30822666,5266673,13596,580727222.19274
C_418081_W_Nassichuk_R_2025_01_21_12_58_10_Alaska.ndpi.ndpa,110,pol,30554658,5342638,11949,448552203.9914283
C_418081_W_Nassichuk_R_2025_01_21_12_58_10_Alaska.ndpi.ndpa,111,pol,30486204,5334786,10535,348673509.10966384
C_418081_W_Nassichuk_R_2025_01_21_12_58_10_Alaska.ndpi.ndpa,112,pol,30431578,5357319,11498,415331127.74155563
C_418081_W_Nassichuk_R_2025_01_21_12_58_10_Alaska.ndpi.ndpa,113,pol,30298940,5344175,10776,364808575.040461
C_418081_W_Nassichuk_R_2025_01_21_12_58_10_Alaska.ndpi.ndpa,114,pol,30201468,5421336,12700,506707479.09749776
C_418081_W_Nassichuk_R_2025_01_21_12_58_10_Alaska.ndpi.ndpa,115,paly,30252510,5415361,16424,847437631.4037851
C_418081_W_Nassichuk_R_2025_01_21_12_58_10_Alaska.ndpi.ndpa,116,pol,30355444,5419629,16190,823462014.1476076
C_418081_W_Nassichuk_R_2025_01_21_12_58_10_Alaska.ndpi.ndpa,117,pol,30463500,5459575,15226,728318805.235417
C_418081_W_Nassichuk_R_2025_01_21_12_58_10_Alaska.ndpi.ndpa,118,pol,30566608,5433115,13385,562842163.4901872
C_418081_W_Nassichuk_R_2025_01_21_12_58_10_Alaska.ndpi.ndpa,119,pol,30735604,5465720,13819,599933490.2521306
C_418081_W_Nassichuk_R_2025_01_21_12_58_10_Alaska.ndpi.ndpa,120,pol,30880192,5400509,14393,650807461.5074558
C_418081_W_Nassichuk_R_2025_01_21_12_58_10_Alaska.ndpi.ndpa,121,pol,30874218,5382755,15042,710822295.5706675
C_418081_W_Nassichuk_R_2025_01_21_12_58_10_Alaska.ndpi.ndpa,122,pol,30914164,5438748,14004,616104068.746284
C_418081_W_Nassichuk_R_2025_01_21_12_58_10_Alaska.ndpi.ndpa,123,pol,31055870,5475279,11146,390290472.8766993
C_418081_W_Nassichuk_R_2025_01_21_12_58_10_Alaska.ndpi.ndpa,124,paly,31231588,5520517,16002,804448793.8151875
C_418081_W_Nassichuk_R_2025_01_21_12_58_10_Alaska.ndpi.ndpa,125,pol,31351082,5470158,12831,517214727.3645807
C_418081_W_Nassichuk_R_2025_01_21_12_58_10_Alaska.ndpi.ndpa,126,pol,31480030,5432943,11888,443984149.2023275
C_418081_W_Nassichuk_R_2025_01_21_12_58_10_Alaska.ndpi.ndpa,127,pol,31585696,5368586,13944,610835994.8573323
C_418081_W_Nassichuk_R_2025_01_21_12_58_10_Alaska.ndpi.ndpa,128,pol,31768758,5515226,11483,414248173.6299734
D3516-A_1_R_2024_02_20_18_31_40_Montana.ndpi.ndpa,2,pol,19263400,4834135,18536,1079398758.6097674
D3516-A_1_R_2024_02_20_18_31_40_Montana.ndpi.ndpa,3,bipol,19235560,4882161,32829,3385830248.381654
D3516-A_1_R_2024_02_20_18_31_40_Montana.ndpi.ndpa,4,paly,19656834,5002894,28532,2557492114.8693347
D3516-A_1_R_2024_02_20_18_31_40_Montana.ndpi.ndpa,5,spo,20099128,4871694,20202,1282149319.62356
D3516-A_1_R_2024_02_20_18_31_40_Montana.ndpi.ndpa,6,paly,20394376,5002198,28171,2493184394.9759574
D3516-A_1_R_2024_02_20_18_31_40_Montana.ndpi.ndpa,7,paly,19910964,5080960,33155,3453408369.369011
D3516-A_1_R_2024_02_20_18_31_40_Montana.ndpi.ndpa,8,pol,19419184,5196848,16011,805353940.0657617
D3516-A_1_R_2024_02_20_18_31_40_Montana.ndpi.ndpa,9,pol,19405960,5179101,13370,561581363.8184853
D3516-A_1_R_2024_02_20_18_31_40_Montana.ndpi.ndpa,10,din,19426116,5205206,41296,5357545241.354311
D3516-A_1_R_2024_02_20_18_31_40_Montana.ndpi.ndpa,11,bipol,19111416,5507763,31477,3112694804.671934
D3516-A_1_R_2024_02_20_18_31_40_Montana.ndpi.ndpa,12,paly,19407624,5429288,27098,2306876524.6456013
D3516-A_1_R_2024_02_20_18_31_40_Montana.ndpi.ndpa,13,paly,19924228,5446236,24540,1891903538.466555
D3516-A_1_R_2024_02_20_18_31_40_Montana.ndpi.ndpa,14,spo,20266370,5452869,26260,2166403338.166617
D3516-A_1_R_2024_02_20_18_31_40_Montana.ndpi.ndpa,15,spo,20246108,5470185,30150,2855778407.947828
D3516-A_1_R_2024_02_20_18_31_40_Montana.ndpi.ndpa,16,paly,20459068,5437394,34438,3725852998.8453546
D3516-A_1_R_2024_02_20_18_31_40_Montana.ndpi.ndpa,17,spo,20645118,5409394,30647,2950705114.002296
D3516-A_1_R_2024_02_20_18_31_40_Montana.ndpi.ndpa,18,din,19442390,5701524,38633,4688854332.781333
D3516-A_1_R_2024_02_20_18_31_40_Montana.ndpi.ndpa,19,spo,19182654,5753840,22117,1536746768.5799751
D3516-A_1_R_2024_02_20_18_31_40_Montana.ndpi.ndpa,20,paly,19215812,5971535,28442,2541383095.8832283
D3516-A_1_R_2024_02_20_18_31_40_Montana.ndpi.ndpa,21,paly,19135864,6058850,28713,2590043240.202644
D3516-A_1_R_2024_02_20_18_31_40_Montana.ndpi.ndpa,22,paly,19407758,6047798,32566,3331798357.6157184
D3516-A_1_R_2024_02_20_18_31_40_Montana.ndpi.ndpa,23,paly,19455284,6163483,32102,3237531879.2485504
D3516-A_1_R_2024_02_20_18_31_40_Montana.ndpi.ndpa,24,spo,19914214,5991061,22409,1577592474.492147
D3516-A_1_R_2024_02_20_18_31_40_Montana.ndpi.ndpa,25,paly,20599948,6166431,14672,676283060.4504237
D3516-A_1_R_2024_02_20_18_31_40_Montana.ndpi.ndpa,26,paly,20686526,5974849,20847,1365328027.3835588
D3516-A_1_R_2024_02_20_18_31_40_Montana.ndpi.ndpa,27,paly,20236290,6249648,37154,4336716438.656109
D3516-A_1_R_2024_02_20_18_31_40_Montana.ndpi.ndpa,28,bipol,19622088,6223860,24384,1867926450.9450157
D3516-A_1_R_2024_02_20_18_31_40_Montana.ndpi.ndpa,29,spo,28790196,-73622,28621,2573472193.4681597
D3516-A_1_R_2024_02_20_18_31_40_Montana.ndpi.ndpa,30,bipol,28485492,-678512,38443,4642847467.661397
D3516-A_1_R_2024_02_20_18_31_40_Montana.ndpi.ndpa,31,bipol,27721332,-720706,35565,3973703865.011815
D3516-A_1_R_2024_02_20_18_31_40_Montana.ndpi.ndpa,32,pol,27872138,-779611,12516,492131293.4325604
D3516-A_1_R_2024_02_20_18_31_40_Montana.ndpi.ndpa,33,spo,27619616,-767478,26853,2265350968.658415
D3516-A_1_R_2024_02_20_18_31_40_Montana.ndpi.ndpa,34,bipol,27993784,-1089823,28544,2559643829.37689
D3516-A_1_R_2024_02_20_18_31_40_Montana.ndpi.ndpa,35,paly,27674108,-1021781,17054,913697401.883619
D3516-A_1_R_2024_02_20_18_31_40_Montana.ndpi.ndpa,37,bipol,27606682,-280393,49038,7554667788.770853
D3516-A_1_R_2024_02_20_18_31_40_Montana.ndpi.ndpa,38,pol,27072486,62790,41819,5494107587.94414
D3516-A_1_R_2024_02_20_18_31_40_Montana.ndpi.ndpa,39,spo,27136792,-55236,32385,3294865382.831479
D3516-A_1_R_2024_02_20_18_31_40_Montana.ndpi.ndpa,40,spo,27422328,112012,33021,3425550032.61952
D3516-A_1_R_2024_02_20_18_31_40_Montana.ndpi.ndpa,41,bipol,27436352,46118,34497,3738630374.530292
D3516-A_1_R_2024_02_20_18_31_40_Montana.ndpi.ndpa,42,spo,27335296,-143461,22310,1563684075.1864345
D3516-A_1_R_2024_02_20_18_31_40_Montana.ndpi.ndpa,43,paly,27321918,-151742,28234,2504348091.5943785
D3516-A_1_R_2024_02_20_18_31_40_Montana.ndpi.ndpa,44,pol,27135102,-563145,19995,1256008821.4450157
D3516-A_1_R_2024_02_20_18_31_40_Montana.ndpi.ndpa,45,bipol,27710004,-381704,28112,2482752117.6759596
D3516-A_1_R_2024_02_20_18_31_40_Montana.ndpi.ndpa,46,spo,27684020,-365463,16939,901416303.590169
D3516-A_1_R_2024_02_20_18_31_40_Montana.ndpi.ndpa,47,pol,27698786,-490358,28795,2604857910.4491005
D3516-A_1_R_2024_02_20_18_31_40_Montana.ndpi.ndpa,48,bipol,27191182,-1221219,31268,3071496885.382591
D3516-A_1_R_2024_02_20_18_31_40_Montana.ndpi.ndpa,49,paly,27204088,-1175616,16944,901948536.5095769
D3516-A_1_R_2024_02_20_18_31_40_Montana.ndpi.ndpa,50,pol,28631452,-1045261,13868,604195572.7663277
D3516-A_1_R_2024_02_20_18_31_40_Montana.ndpi.ndpa,51,bipol,28134596,-774869,28487,2549431243.651158
D3516-A_1_R_2024_02_20_18_31_40_Montana.ndpi.ndpa,52,spo,28578114,-860053,14729,681547920.4900907
D3516-A_1_R_2024_02_20_18_31_40_Montana.ndpi.ndpa,53,spo,28581772,-690333,12703,506946896.73203516
D3516-A_1_R_2024_02_20_18_31_40_Montana.ndpi.ndpa,54,fun,27496640,-669682,9777,300303990.3850392
D3516-A_1_R_2024_02_20_18_31_40_Montana.ndpi.ndpa,55,spo,28287740,-517386,18586,1085229868.7340953
D3516-A_1_R_2024_02_20_18_31_40_Montana.ndpi.ndpa,56,paly,28332912,-198162,27321,2345001124.3729033
D3516-A_1_R_2024_02_20_18_31_40_Montana.ndpi.ndpa,57,pol,28324092,-266137,33394,3503376063.4004064
D3516-A_1_R_2024_02_20_18_31_40_Montana.ndpi.ndpa,58,spo,28384538,-266567,18980,1131728594.1662486
D3516-A_1_R_2024_02_20_18_31_40_Montana.ndpi.ndpa,59,paly,28295914,-274956,16883,895466026.573305
D3516-A_1_R_2024_02_20_18_31_40_Montana.ndpi.ndpa,60,spo,28305808,-300769,18615,1088619109.994975
D3516-A_1_R_2024_02_20_18_31_40_Montana.ndpi.ndpa,61,pol,27123210,2964,14501,660610964.7458007
D3516-A_1_R_2024_02_20_18_31_40_Montana.ndpi.ndpa,62,paly,27943802,-8234,38940,4763671082.224828
D3516-A_1_R_2024_02_20_18_31_40_Montana.ndpi.ndpa,63,pol,27020488,205829,24453,1878512842.214228
USNMPAL_792930_D1825_L_2023_11_07_13_36_14_image1_Kentucky.ndpi.ndpa,2,spo,-3718860,1321652,15425,747481103.564028
USNMPAL_792930_D1825_L_2023_11_07_13_36_14_image1_Kentucky.ndpi.ndpa,3,pol,-3687265,1352552,14479,658608010.933578
USNMPAL_792930_D1825_L_2023_11_07_13_36_14_image1_Kentucky.ndpi.ndpa,4,pol,-3268192,1370262,13830,600888971.1002008
USNMPAL_792930_D1825_L_2023_11_07_13_36_14_image1_Kentucky.ndpi.ndpa,5,pol,-3281474,1356426,17131,921966843.4380674
USNMPAL_792930_D1825_L_2023_11_07_13_36_14_image1_Kentucky.ndpi.ndpa,6,pol,-3072986,1213362,10681,358404705.45149374
USNMPAL_792930_D1825_L_2023_11_07_13_36_14_image1_Kentucky.ndpi.ndpa,7,pol,-3017644,1356703,11950,448627284.91425645
USNMPAL_792930_D1825_L_2023_11_07_13_36_14_image1_Kentucky.ndpi.ndpa,8,pol,-2858257,1295824,20034,1260913259.125907
USNMPAL_792930_D1825_L_2023_11_07_13_36_14_image1_Kentucky.ndpi.ndpa,9,pol,-2776349,1271473,19211,1159444104.6889288
USNMPAL_792930_D1825_L_2023_11_07_13_36_14_image1_Kentucky.ndpi.ndpa,10,pol,-2688612,1166596,18113,1030696133.67449
USNMPAL_792930_D1825_L_2023_11_07_13_36_14_image1_Kentucky.ndpi.ndpa,11,pol,-2634930,1157741,9919,309090497.24956405
USNMPAL_792930_D1825_L_2023_11_07_13_36_14_image1_Kentucky.ndpi.ndpa,12,pol,-2129226,1302189,18323,1054734218.3589915
USNMPAL_792930_D1825_L_2023_11_07_13_36_14_image1_Kentucky.ndpi.ndpa,13,pol,-2192317,1369985,18473,1072073924.851215
USNMPAL_792930_D1825_L_2023_11_07_13_36_14_image1_Kentucky.ndpi.ndpa,14,pol,-2006836,1430716,15963,800532374.4574795
USNMPAL_792930_D1825_L_2023_11_07_13_36_14_image1_Kentucky.ndpi.ndpa,15,pol,-2209113,1550812,16279,832540403.2439848
USNMPAL_792930_D1825_L_2023_11_07_13_36_14_image1_Kentucky.ndpi.ndpa,16,pol,-2462643,1473885,19701,1219344474.823807
USNMPAL_792930_D1825_L_2023_11_07_13_36_14_image1_Kentucky.ndpi.ndpa,17,pol,-2409237,1565755,15105,716788999.9755172
USNMPAL_792930_D1825_L_2023_11_07_13_36_14_image1_Kentucky.ndpi.ndpa,18,pol,-2368837,1543341,9980,312903884.9346048
USNMPAL_792930_D1825_L_2023_11_07_13_36_14_image1_Kentucky.ndpi.ndpa,19,pol,-2594592,1429886,10159,324228952.60127026
USNMPAL_792930_D1825_L_2023_11_07_13_36_14_image1_Kentucky.ndpi.ndpa,20,pol,-2725754,1457558,17625,975906305.4065418
USNMPAL_792930_D1825_L_2023_11_07_13_36_14_image1_Kentucky.ndpi.ndpa,21,pol,-2875455,1420754,18603,1087216024.4503994
USNMPAL_792930_D1825_L_2023_11_07_13_36_14_image1_Kentucky.ndpi.ndpa,22,pol,-2995826,1608094,16352,840023874.8651729
USNMPAL_792930_D1825_L_2023_11_07_13_36_14_image1_Kentucky.ndpi.ndpa,23,pol,-3500506,1459772,18726,1101640543.4467993
USNMPAL_792930_D1825_L_2023_11_07_13_36_14_image1_Kentucky.ndpi.ndpa,24,pol,-3359105,1435974,16335,838278157.8010187
USNMPAL_792930_D1825_L_2023_11_07_13_36_14_image1_Kentucky.ndpi.ndpa,25,pol,-3177581,1395849,15879,792129468.6223285
USNMPAL_792930_D1825_L_2023_11_07_13_36_14_image1_Kentucky.ndpi.ndpa,26,pol,-3263916,1452300,16706,876788463.4247724
USNMPAL_792930_D1825_L_2023_11_07_13_36_14_image1_Kentucky.ndpi.ndpa,27,paly,-3321196,1473331,20738,1351087926.1591096
USNMPAL_792930_D1825_L_2023_11_07_13_36_14_image1_Kentucky.ndpi.ndpa,28,pol,-3323409,1608370,10823,367997772.24753064
USNMPAL_792930_D1825_L_2023_11_07_13_36_14_image1_Kentucky.ndpi.ndpa,29,paly,-3323447,1603570,29360,2708083026.683876
USNMPAL_792930_D1825_L_2023_11_07_13_36_14_image1_Kentucky.ndpi.ndpa,30,pol,-3591149,1484506,17943,1011439678.6724582
USNMPAL_792930_D1825_L_2023_11_07_13_36_14_image1_Kentucky.ndpi.ndpa,31,pol,-3631273,1492530,17610,974245895.1493033
USNMPAL_792930_D1825_L_2023_11_07_13_36_14_image1_Kentucky.ndpi.ndpa,32,pol,-3645662,1427778,14058,620864674.890716
USNMPAL_792930_D1825_L_2023_11_07_13_36_14_image1_Kentucky.ndpi.ndpa,33,pol,-3705709,1560050,13738,592921087.8829777
USNMPAL_792930_D1825_L_2023_11_07_13_36_14_image1_Kentucky.ndpi.ndpa,34,pol,-3591979,1591320,16116,815951584.5198591
USNMPAL_792930_D1825_L_2023_11_07_13_36_14_image1_Kentucky.ndpi.ndpa,35,pol,-3714840,1713863,11154,390850933.0060997
USNMPAL_792930_D1825_L_2023_11_07_13_36_14_image1_Kentucky.ndpi.ndpa,36,pol,-3356415,1740982,14665,675637906.1246752
USNMPAL_792930_D1825_L_2023_11_07_13_36_14_image1_Kentucky.ndpi.ndpa,37,pol,-3049480,1793559,18040,1022404939.7325081
USNMPAL_792930_D1825_L_2023_11_07_13_36_14_image1_Kentucky.ndpi.ndpa,38,pol,-2660741,1695323,17218,931355062.6851269
USNMPAL_792930_D1825_L_2023_11_07_13_36_14_image1_Kentucky.ndpi.ndpa,39,pol,-2678728,1699197,20145,1274924350.8122797
USNMPAL_792930_D1825_L_2023_11_07_13_36_14_image1_Kentucky.ndpi.ndpa,40,pol,-2679004,1722995,14050,620158243.8002591
USNMPAL_792930_D1825_L_2023_11_07_13_36_14_image1_Kentucky.ndpi.ndpa,41,pol,-2623108,1837578,18474,1072189997.2749871
USNMPAL_792930_D1825_L_2023_11_07_13_36_14_image1_Kentucky.ndpi.ndpa,42,pol,-2871597,1855564,19695,1218601877.7187219
USNMPAL_792930_D1825_L_2023_11_07_13_36_14_image1_Kentucky.ndpi.ndpa,43,pol,-2358914,1750066,18189,1039363637.0092968
USNMPAL_792930_D1825_L_2023_11_07_13_36_14_image1_Kentucky.ndpi.ndpa,44,pol,-2397101,1816202,18396,1063155216.6262344
USNMPAL_792930_D1825_L_2023_11_07_13_36_14_image1_Kentucky.ndpi.ndpa,45,pol,-2249612,1766115,14088,623517372.8955541
USNMPAL_792930_D1825_L_2023_11_07_13_36_14_image1_Kentucky.ndpi.ndpa,46,pol,-2239229,1857238,13772,595859545.1555865
USNMPAL_792930_D1825_L_2023_11_07_13_36_14_image1_Kentucky.ndpi.ndpa,47,pol,-2424667,1910091,14000,615752160.1035994
USNMPAL_792930_D1825_L_2023_11_07_13_36_14_image1_Kentucky.ndpi.ndpa,48,pol,-2532031,2009157,19693,1218354395.6158428
USNMPAL_792930_D1825_L_2023_11_07_13_36_14_image1_Kentucky.ndpi.ndpa,49,pol,-2786246,1897916,17345,945145086.779652
USNMPAL_792930_D1825_L_2023_11_07_13_36_14_image1_Kentucky.ndpi.ndpa,50,pol,-2783756,1879375,10148,323527193.0590893
USNMPAL_792930_D1825_L_2023_11_07_13_36_14_image1_Kentucky.ndpi.ndpa,51,pol,-2888353,1999195,20202,1282149319.62356
USNMPAL_792930_D1825_L_2023_11_07_13_36_14_image1_Kentucky.ndpi.ndpa,52,pol,-3027386,1859175,16731,879414599.2637243
USNMPAL_792930_D1825_L_2023_11_07_13_36_14_image1_Kentucky.ndpi.ndpa,53,pol,-3560631,1905110,11509,416126192.58554816
USNMPAL_792930_D1825_L_2023_11_07_13_36_14_image1_Kentucky.ndpi.ndpa,54,pol,-3507778,2006390,18039,1022291594.2111591
USNMPAL_792930_D1825_L_2023_11_07_13_36_14_image1_Kentucky.ndpi.ndpa,55,pol,-3728615,1855024,18223,1043252953.8471822
USNMPAL_792930_D1825_L_2023_11_07_13_36_14_image1_Kentucky.ndpi.ndpa,56,pol,-3826019,1946895,19348,1176039828.633707
USNMPAL_792930_D1825_L_2023_11_07_13_36_14_image1_Kentucky.ndpi.ndpa,57,pol,-3786725,2050665,11772,435361859.6689911
USNMPAL_792930_D1825_L_2023_11_07_13_36_14_image1_Kentucky.ndpi.ndpa,58,pol,-3630659,2174848,18017,1019799582.3873668
USNMPAL_792930_D1825_L_2023_11_07_13_36_14_image1_Kentucky.ndpi.ndpa,59,pol,-3566461,2210822,15717,776049063.2621112
USNMPAL_792930_D1825_L_2023_11_07_13_36_14_image1_Kentucky.ndpi.ndpa,60,pol,-3483170,2162396,13111,540034502.41802
USNMPAL_792930_D1825_L_2023_11_07_13_36_14_image1_Kentucky.ndpi.ndpa,61,pol,-3219894,2235727,19838,1236361988.9982562
USNMPAL_792930_D1825_L_2023_11_07_13_36_14_image1_Kentucky.ndpi.ndpa,62,pol,-3236220,2141919,16087,813017691.981376
USNMPAL_792930_D1825_L_2023_11_07_13_36_14_image1_Kentucky.ndpi.ndpa,63,pol,-3255866,2169868,18198,1040392455.1962724
USNMPAL_792930_D1825_L_2023_11_07_13_36_14_image1_Kentucky.ndpi.ndpa,64,pol,-3133005,2187854,14739,682473685.0132506
USNMPAL_792930_D1825_L_2023_11_07_13_36_14_image1_Kentucky.ndpi.ndpa,65,pol,-3313423,2286643,13374,561917438.8341957
USNMPAL_792930_D1825_L_2023_11_07_13_36_14_image1_Kentucky.ndpi.ndpa,66,pol,-3069641,2189791,17158,924875339.3415388
USNMPAL_792930_D1825_L_2023_11_07_13_36_14_image1_Kentucky.ndpi.ndpa,67,pol,-2781583,2229639,16954,903013473.5872908
USNMPAL_792930_D1825_L_2023_11_07_13_36_14_image1_Kentucky.ndpi.ndpa,68,pol,-3019833,2241261,15037,710349815.7435309
USNMPAL_792930_D1825_L_2023_11_07_13_36_14_image1_Kentucky.ndpi.ndpa,69,pol,-3018449,2258971,20185,1279992368.0810509
USNMPAL_792930_D1825_L_2023_11_07_13_36_14_image1_Kentucky.ndpi.ndpa,70,pol,-2399888,2145516,20202,1282149319.62356
USNMPAL_792930_D1825_L_2023_11_07_13_36_14_image1_Kentucky.ndpi.ndpa,71,pol,-2359211,2173188,19115,1147885255.4049463
USNMPAL_792930_D1825_L_2023_11_07_13_36_14_image1_Kentucky.ndpi.ndpa,72,pol,-2480688,2227425,14862,693911981.9623367
USNMPAL_792930_D1825_L_2023_11_07_13_36_14_image1_Kentucky.ndpi.ndpa,73,pol,-2420642,2252053,19061,1141408849.5832005
USNMPAL_792930_D1825_L_2023_11_07_13_36_14_image1_Kentucky.ndpi.ndpa,74,pol,-2007660,2348628,17680,982006571.4814662
USNMPAL_792930_D1825_L_2023_11_07_13_36_14_image1_Kentucky.ndpi.ndpa,75,pol,-2166194,2375739,13839,601671293.6443903
USNMPAL_792930_D1825_L_2023_11_07_13_36_14_image1_Kentucky.ndpi.ndpa,76,pol,-2825808,2449070,17565,969273146.6777524
USNMPAL_792930_D1825_L_2023_11_07_13_36_14_image1_Kentucky.ndpi.ndpa,77,pol,-2839751,2319192,17711,985453278.7551652
USNMPAL_792930_D1825_L_2023_11_07_13_36_14_image1_Kentucky.ndpi.ndpa,78,pol,-2945871,2357923,18281,1049904434.3443274
USNMPAL_792930_D1825_L_2023_11_07_13_36_14_image1_Kentucky.ndpi.ndpa,79,pol,-3263721,2311963,17559,968611074.8755642
USNMPAL_792930_D1825_L_2023_11_07_13_36_14_image1_Kentucky.ndpi.ndpa,80,pol,-3212081,2313512,9384,276646940.0487136
USNMPAL_792930_D1825_L_2023_11_07_13_36_14_image1_Kentucky.ndpi.ndpa,81,pol,-3197880,2315836,18192,1039706519.8562876
USNMPAL_792930_D1825_L_2023_11_07_13_36_14_image1_Kentucky.ndpi.ndpa,82,pol,-3336275,2370317,18749,1104348360.6947446
USNMPAL_792930_D1825_L_2023_11_07_13_36_14_image1_Kentucky.ndpi.ndpa,83,pol,-3125842,2301377,14789,687111932.4070106
USNMPAL_792930_D1825_L_2023_11_07_13_36_14_image1_Kentucky.ndpi.ndpa,84,pol,-3143142,2459398,16743,880676539.3335595
USNMPAL_792930_D1825_L_2023_11_07_13_36_14_image1_Kentucky.ndpi.ndpa,85,pol,-3269659,2437967,13396,563767648.4116008
USNMPAL_792930_D1825_L_2023_11_07_13_36_14_image1_Kentucky.ndpi.ndpa,86,pol,-3402134,2456815,21343,1431069749.2348156
USNMPAL_792930_D1825_L_2023_11_07_13_36_14_image1_Kentucky.ndpi.ndpa,87,pol,-3538721,2417052,13148,543086820.4331728
USNMPAL_792930_D1825_L_2023_11_07_13_36_14_image1_Kentucky.ndpi.ndpa,88,pol,-3749952,2391836,11150,390570652.675917
USNMPAL_792930_D1825_L_2023_11_07_13_36_14_image1_Kentucky.ndpi.ndpa,89,pol,-3807736,2602573,14210,634363269.1427307
USNMPAL_792930_D1825_L_2023_11_07_13_36_14_image1_Kentucky.ndpi.ndpa,90,pol,-3316522,2497225,10813,367318057.2609999
USNMPAL_792930_D1825_L_2023_11_07_13_36_14_image1_Kentucky.ndpi.ndpa,91,pol,-3271079,2512202,13329,558142391.1458993
USNMPAL_792930_D1825_L_2023_11_07_13_36_14_image1_Kentucky.ndpi.ndpa,92,pol,-3230284,2607995,16753,881728847.208806
USNMPAL_792930_D1825_L_2023_11_07_13_36_14_image1_Kentucky.ndpi.ndpa,93,pol,-3185616,2594053,16052,809483824.3610958
USNMPAL_792930_D1825_L_2023_11_07_13_36_14_image1_Kentucky.ndpi.ndpa,94,pol,-2984771,2662993,14257,638566559.8920085
USNMPAL_792930_D1825_L_2023_11_07_13_36_14_image1_Kentucky.ndpi.ndpa,95,pol,-2476944,2627102,18316,1053928484.6663473
USNMPAL_792930_D1825_L_2023_11_07_13_36_14_image1_Kentucky.ndpi.ndpa,96,paly,-2208040,2548350,20053,1263306062.5952916
USNMPAL_792930_D1825_L_2023_11_07_13_36_14_image1_Kentucky.ndpi.ndpa,97,pol,-2184028,2624520,12356,479629262.6357468
USNMPAL_792930_D1825_L_2023_11_07_13_36_14_image1_Kentucky.ndpi.ndpa,98,pol,-2001223,2523046,16695,875634207.7263242
USNMPAL_792930_D1825_L_2023_11_07_13_36_14_image1_Kentucky.ndpi.ndpa,99,pol,-2080748,2685369,17903,1006935137.4620351
D6627-A-2_L_2024_02_02_12_53_43_Arkansas.ndpi.ndpa,2,pol,10735767,-6806717,11065,384638461.8079598
D6627-A-2_L_2024_02_02_12_53_43_Arkansas.ndpi.ndpa,3,pol,10808837,-6710191,7724,187427970.63347408
D6627-A-2_L_2024_02_02_12_53_43_Arkansas.ndpi.ndpa,4,pol,10784480,-6792541,15331,738398558.14057
D6627-A-2_L_2024_02_02_12_53_43_Arkansas.ndpi.ndpa,5,pol,10835512,-6697949,10442,342544698.523889
D6627-A-2_L_2024_02_02_12_53_43_Arkansas.ndpi.ndpa,6,fun,11153943,-6727590,5590,98168801.39863922
D6627-A-2_L_2024_02_02_12_53_43_Arkansas.ndpi.ndpa,7,paly,11358715,-6735193,11778,435805766.7109433
D6627-A-2_L_2024_02_02_12_53_43_Arkansas.ndpi.ndpa,8,bipol,11495570,-6793057,24805,1932984339.181773
D6627-A-2_L_2024_02_02_12_53_43_Arkansas.ndpi.ndpa,9,pol,11680753,-6764447,17464,958158414.92243
D6627-A-2_L_2024_02_02_12_53_43_Arkansas.ndpi.ndpa,10,pol,12017485,-6802851,8937,250918907.8528445
D6627-A-2_L_2024_02_02_12_53_43_Arkansas.ndpi.ndpa,11,pol,12273156,-6733647,15390,744092817.3473151
D6627-A-2_L_2024_02_02_12_53_43_Arkansas.ndpi.ndpa,12,pol,11974696,-6645498,9032,256281779.30011824
D6627-A-2_L_2024_02_02_12_53_43_Arkansas.ndpi.ndpa,13,pol,12016322,-6735967,8114,206833022.9680206
D6627-A-2_L_2024_02_02_12_53_43_Arkansas.ndpi.ndpa,14,pol,11707426,-6640601,10835,368814259.611828
D6627-A-2_L_2024_02_02_12_53_43_Arkansas.ndpi.ndpa,15,pol,11655621,-6623332,14096,624225714.0743443
D6627-A-2_L_2024_02_02_12_53_43_Arkansas.ndpi.ndpa,16,pol,11615546,-6643565,8285,215642768.19340405
D6627-A-2_L_2024_02_02_12_53_43_Arkansas.ndpi.ndpa,17,pol,11577658,-6650653,12024,454200709.0427664
D6627-A-2_L_2024_02_02_12_53_43_Arkansas.ndpi.ndpa,18,pol,11584359,-6632869,9863,305610266.04065853
D6627-A-2_L_2024_02_02_12_53_43_Arkansas.ndpi.ndpa,19,paly,11099562,-6656839,10853,370040687.118307
D6627-A-2_L_2024_02_02_12_53_43_Arkansas.ndpi.ndpa,20,paly,10904712,-6656968,11644,425945727.3712044
D6627-A-2_L_2024_02_02_12_53_43_Arkansas.ndpi.ndpa,21,pol,10770433,-6603360,11598,422586950.1342866
D6627-A-2_L_2024_02_02_12_53_43_Arkansas.ndpi.ndpa,22,paly,11223790,-6525906,14027,618129494.3707578
D6627-A-2_L_2024_02_02_12_53_43_Arkansas.ndpi.ndpa,23,fun,11258714,-6560058,8757,240913186.57857332
D6627-A-2_L_2024_02_02_12_53_43_Arkansas.ndpi.ndpa,24,pol,11550340,-6538536,12564,495913268.33265793
D6627-A-2_L_2024_02_02_12_53_43_Arkansas.ndpi.ndpa,25,pol,11757172,-6604648,13334,558561212.5705127
D6627-A-2_L_2024_02_02_12_53_43_Arkansas.ndpi.ndpa,26,paly,11827402,-6606194,12706,507186370.91524035
D6627-A-2_L_2024_02_02_12_53_43_Arkansas.ndpi.ndpa,27,pol,12369422,-6585833,7838,193001369.62924284
D6627-A-2_L_2024_02_02_12_53_43_Arkansas.ndpi.ndpa,28,pol,12261299,-6615473,8730,239429886.74877355
D6627-A-2_L_2024_02_02_12_53_43_Arkansas.ndpi.ndpa,29,pol,12275862,-6535701,6007,113361383.25017412
D6627-A-2_L_2024_02_02_12_53_43_Arkansas.ndpi.ndpa,30,pol,12279598,-6542273,8265,214602901.02506584
D6627-A-2_L_2024_02_02_12_53_43_Arkansas.ndpi.ndpa,31,paly,11856611,-6517316,11641,425726271.41638786
D6627-A-2_L_2024_02_02_12_53_43_Arkansas.ndpi.ndpa,32,pol,10682901,-6554919,8711,238388828.9168196
D6627-A-2_L_2024_02_02_12_53_43_Arkansas.ndpi.ndpa,33,pol,10985062,-6459647,11742,433145717.37929577
D6627-A-2_L_2024_02_02_12_53_43_Arkansas.ndpi.ndpa,34,pol,11413515,-6443682,12289,474441817.7222495
D6627-A-2_L_2024_02_02_12_53_43_Arkansas.ndpi.ndpa,35,fun,11554568,-6438537,8022,202169290.9746547
D6627-A-2_L_2024_02_02_12_53_43_Arkansas.ndpi.ndpa,36,pol,11991996,-6398425,14656,674808874.380912
D6627-A-2_L_2024_02_02_12_53_43_Arkansas.ndpi.ndpa,37,pol,12035142,-6485771,11635,425287529.1527581
D6627-A-2_L_2024_02_02_12_53_43_Arkansas.ndpi.ndpa,38,pol,12330146,-6431840,11090,386378511.4389668
D6627-A-2_L_2024_02_02_12_53_43_Arkansas.ndpi.ndpa,39,pol,12082609,-6364026,11316,402286770.08813804
D6627-A-2_L_2024_02_02_12_53_43_Arkansas.ndpi.ndpa,40,pol,11455625,-6396740,9454,280789632.61729634
D6627-A-2_L_2024_02_02_12_53_43_Arkansas.ndpi.ndpa,41,pol,11329142,-6342836,9667,293584626.3538352
D6627-A-2_L_2024_02_02_12_53_43_Arkansas.ndpi.ndpa,42,pol,11340398,-6348266,9060,257873234.74020314
D6627-A-2_L_2024_02_02_12_53_43_Arkansas.ndpi.ndpa,43,pol,10973530,-6355550,10799,366367511.8549886
D6627-A-2_L_2024_02_02_12_53_43_Arkansas.ndpi.ndpa,44,pol,10648840,-6409660,9468,281621865.6439735
D6627-A-2_L_2024_02_02_12_53_43_Arkansas.ndpi.ndpa,45,pol,10793132,-6268352,15634,767874221.3456477
D6627-A-2_L_2024_02_02_12_53_43_Arkansas.ndpi.ndpa,46,pol,11053071,-6214171,14877,695313399.3212132
D6627-A-2_L_2024_02_02_12_53_43_Arkansas.ndpi.ndpa,47,pol,11634125,-6244826,17797,995046722.5423205
D6627-A-2_L_2024_02_02_12_53_43_Arkansas.ndpi.ndpa,48,pol,12364230,-6113711,14316,643862678.7785788
D6627-A-2_L_2024_02_02_12_53_43_Arkansas.ndpi.ndpa,49,pol,12212853,-6085938,13135,542013404.1968869
D6627-A-2_L_2024_02_02_12_53_43_Arkansas.ndpi.ndpa,50,paly,12156004,-6025741,15986,802840901.562339
D6627-A-2_L_2024_02_02_12_53_43_Arkansas.ndpi.ndpa,51,pol,11981977,-6083745,10148,323527193.0590893
D6627-A-2_L_2024_02_02_12_53_43_Arkansas.ndpi.ndpa,52,pol,12154674,-6002072,10725,361363658.47457445
D6627-A-2_L_2024_02_02_12_53_43_Arkansas.ndpi.ndpa,53,pol,11605564,-6076586,10786,365485965.24842805
D6627-A-2_L_2024_02_02_12_53_43_Arkansas.ndpi.ndpa,54,pol,11355874,-6059882,13257,552128779.6211389
D6627-A-2_L_2024_02_02_12_53_43_Arkansas.ndpi.ndpa,55,pol,11361174,-6075194,8230,212789181.0463321
D6627-A-2_L_2024_02_02_12_53_43_Arkansas.ndpi.ndpa,56,pol,11283880,-6023075,10618,354189200.1899788
D6627-A-2_L_2024_02_02_12_53_43_Arkansas.ndpi.ndpa,57,pol,11241038,-6001875,6778,144328800.3108823
D6627-A-2_L_2024_02_02_12_53_43_Arkansas.ndpi.ndpa,58,pol,11140458,-6118038,9142,262562262.83761573
D6627-A-2_L_2024_02_02_12_53_43_Arkansas.ndpi.ndpa,59,pol,10597746,-6117007,15012,707989772.8023379
D6627-A-2_L_2024_02_02_12_53_43_Arkansas.ndpi.ndpa,60,paly,10563736,-5904841,6534,134124505.248163
D6627-A-2_L_2024_02_02_12_53_43_Arkansas.ndpi.ndpa,61,pol,12172910,-5803095,9850,304805173.2329157
D6627-A-2_L_2024_02_02_12_53_43_Arkansas.ndpi.ndpa,62,pol,11448338,-5759366,16865,893557622.1335847
D6627-A-2_L_2024_02_02_12_53_43_Arkansas.ndpi.ndpa,63,pol,11230288,-5831951,14140,628128778.5216818
D6627-A-2_L_2024_02_02_12_53_43_Arkansas.ndpi.ndpa,64,pol,11034020,-5783808,11564,420112920.7868434
D6627-A-2_L_2024_02_02_12_53_43_Arkansas.ndpi.ndpa,65,pol,10871607,-5639660,12679,505033139.01843315
D6627-A-2_L_2024_02_02_12_53_43_Arkansas.ndpi.ndpa,66,pol,11315086,-5682209,11962,449528746.0766481
D6627-A-2_L_2024_02_02_12_53_43_Arkansas.ndpi.ndpa,67,pol,11592770,-5648494,11064,384568941.5041285
D6627-A-2_L_2024_02_02_12_53_43_Arkansas.ndpi.ndpa,68,fun,12359003,-5614032,4860,74203161.84072948
D6627-A-2_L_2024_02_02_12_53_43_Arkansas.ndpi.ndpa,69,pol,12039510,-5534970,13400,564104376.8785832
D6627-A-2_L_2024_02_02_12_53_43_Arkansas.ndpi.ndpa,70,pol,11921272,-5588708,11564,420112920.7868434
D6627-A-2_L_2024_02_02_12_53_43_Arkansas.ndpi.ndpa,71,pol,11394752,-5601222,10176,325314985.47365296
D6627-A-2_L_2024_02_02_12_53_43_Arkansas.ndpi.ndpa,72,pol,11363966,-5621540,9801,301780136.8083667
D6627-A-2_L_2024_02_02_12_53_43_Arkansas.ndpi.ndpa,73,pol,10917248,-5421446,9978,312778485.1222441
D6627-A-2_L_2024_02_02_12_53_43_Arkansas.ndpi.ndpa,74,pol,11370296,-5407901,8032,202673642.259262
D6627-A-2_L_2024_02_02_12_53_43_Arkansas.ndpi.ndpa,75,pol,11790228,-5486080,14927,699995000.6935928
D6627-A-2_L_2024_02_02_12_53_43_Arkansas.ndpi.ndpa,76,pol,12143455,-5454278,11549,419023746.3218071
D6627-A-2_L_2024_02_02_12_53_43_Arkansas.ndpi.ndpa,77,pol,11640624,-5312633,13693,589043121.6193497
D6627-A-2_L_2024_02_02_12_53_43_Arkansas.ndpi.ndpa,78,pol,11329668,-5389487,15329,738205915.6790519
D6627-A-2_L_2024_02_02_12_53_43_Arkansas.ndpi.ndpa,79,pol,10631760,-5318081,16320,836739327.1794741
D6627-A-2_L_2024_02_02_12_53_43_Arkansas.ndpi.ndpa,80,pol,10763084,-5365930,13597,580812651.521769
USNMPAL_792668_D1091_2024_01_25_16_57_52_Tennessee.ndpi.ndpa,2,bipol,-3539433,2800160,51414,8304484122.977297
USNMPAL_792668_D1091_2024_01_25_16_57_52_Tennessee.ndpi.ndpa,3,pol,-3465517,2738077,23018,1664504770.3421926
USNMPAL_792668_D1091_2024_01_25_16_57_52_Tennessee.ndpi.ndpa,4,pol,-3392978,2916511,15838,788044150.9603784
USNMPAL_792668_D1091_2024_01_25_16_57_52_Tennessee.ndpi.ndpa,5,pol,-3363234,2882940,6759,143520773.25560105
USNMPAL_792668_D1091_2024_01_25_16_57_52_Tennessee.ndpi.ndpa,6,pol,-3922299,2586516,14633,672692549.9145992
USNMPAL_792668_D1091_2024_01_25_16_57_52_Tennessee.ndpi.ndpa,7,pol,-4047028,2555734,15516,756326669.2288476
USNMPAL_792668_D1091_2024_01_25_16_57_52_Tennessee.ndpi.ndpa,8,pol,-4167196,2394907,11400,408281381.2605295
USNMPAL_792668_D1091_2024_01_25_16_57_52_Tennessee.ndpi.ndpa,9,pol,-4116884,1975622,15777,781985542.4040407
USNMPAL_792668_D1091_2024_01_25_16_57_52_Tennessee.ndpi.ndpa,10,pol,-3760402,1552285,14965,703563523.2224348
USNMPAL_792668_D1091_2024_01_25_16_57_52_Tennessee.ndpi.ndpa,11,pol,-3672314,1651748,12726,508784310.60256225
USNMPAL_792668_D1091_2024_01_25_16_57_52_Tennessee.ndpi.ndpa,12,pol,-3416645,1654975,14349,646834452.6412787
USNMPAL_792668_D1091_2024_01_25_16_57_52_Tennessee.ndpi.ndpa,13,pol,-3721563,1768062,16493,854573045.974882
USNMPAL_792668_D1091_2024_01_25_16_57_52_Tennessee.ndpi.ndpa,14,pol,-3417272,1978239,13940,610485594.1791215
USNMPAL_792668_D1091_2024_01_25_16_57_52_Tennessee.ndpi.ndpa,15,pol,-2443318,1917604,16740,880360969.4930991
USNMPAL_792668_D1091_2024_01_25_16_57_52_Tennessee.ndpi.ndpa,16,pol,-2528796,1863019,11584,421567352.5217494
USNMPAL_792668_D1091_2024_01_25_16_57_52_Tennessee.ndpi.ndpa,17,pol,-2393246,1727039,7715,186991443.19266513
USNMPAL_792668_D1091_2024_01_25_16_57_52_Tennessee.ndpi.ndpa,18,pol,-2593620,2596939,13683,588183079.214503
USNMPAL_792668_D1091_2024_01_25_16_57_52_Tennessee.ndpi.ndpa,19,pol,-2385478,2686146,14992,706104565.8827717
USNMPAL_792668_D1091_2024_01_25_16_57_52_Tennessee.ndpi.ndpa,20,pol,-2501544,2358785,10347,336340194.4047186
USNMPAL_792668_D1091_2024_01_25_16_57_52_Tennessee.ndpi.ndpa,21,pol,-2435861,2350088,11647,426165239.8746886
USNMPAL_792668_D1091_2024_01_25_16_57_52_Tennessee.ndpi.ndpa,22,pol,-2481857,2175844,8292,216007315.46333396
USNMPAL_792668_D1091_2024_01_25_16_57_52_Tennessee.ndpi.ndpa,23,pol,-2927449,2142064,9435,279662143.2882568
USNMPAL_792668_D1091_2024_01_25_16_57_52_Tennessee.ndpi.ndpa,24,pol,-2844524,3062859,9323,273061983.84870064
USNMPAL_792668_D1091_2024_01_25_16_57_52_Tennessee.ndpi.ndpa,25,pol,-2966465,2895466,13432,566801823.7291791
USNMPAL_792668_D1091_2024_01_25_16_57_52_Tennessee.ndpi.ndpa,26,pol,-3080860,2239909,13388,563094493.0705309
USNMPAL_792668_D1091_2024_01_25_16_57_52_Tennessee.ndpi.ndpa,27,pol,-3253042,2042358,10766,364131813.1510247
USNMPAL_792668_D1091_2024_01_25_16_57_52_Tennessee.ndpi.ndpa,28,pol,-3673310,2411408,9423,278951213.4371201
USNMPAL_792668_D1091_2024_01_25_16_57_52_Tennessee.ndpi.ndpa,30,pol,-1329141,1366540,33979,3627196298.6828346
USNMPAL_792668_D1091_2024_01_25_16_57_52_Tennessee.ndpi.ndpa,31,pol,-1337608,1418149,28277,2511982076.9196
USNMPAL_792668_D1091_2024_01_25_16_57_52_Tennessee.ndpi.ndpa,32,pol,-1541734,1284755,19382,1180176740.6718073
USNMPAL_792668_D1091_2024_01_25_16_57_52_Tennessee.ndpi.ndpa,33,pol,-1326676,1298677,12845,518344016.8262107
USNMPAL_792668_D1091_2024_01_25_16_57_52_Tennessee.ndpi.ndpa,34,pol,-1480467,972981,15872,791431227.6639197
USNMPAL_792668_D1091_2024_01_25_16_57_52_Tennessee.ndpi.ndpa,35,pol,-1139192,623524,15589,763460173.7116112
USNMPAL_792668_D1091_2024_01_25_16_57_52_Tennessee.ndpi.ndpa,36,pol,-1179013,663919,13782,596725179.5953566
USNMPAL_792668_D1091_2024_01_25_16_57_52_Tennessee.ndpi.ndpa,37,pol,-1161934,521358,12384,481805506.6987415
USNMPAL_792668_D1091_2024_01_25_16_57_52_Tennessee.ndpi.ndpa,38,pol,-1302299,184051,19019,1136384311.9567552
USNMPAL_792668_D1091_2024_01_25_16_57_52_Tennessee.ndpi.ndpa,39,pol,-534370,187992,16344,839202134.7579587
USNMPAL_792668_D1091_2024_01_25_16_57_52_Tennessee.ndpi.ndpa,40,pol,-575221,195774,14673,676375250.4868432
USNMPAL_792668_D1091_2024_01_25_16_57_52_Tennessee.ndpi.ndpa,41,pol,-33651,1007933,19774,1228397523.8338404
USNMPAL_792668_D1091_2024_01_25_16_57_52_Tennessee.ndpi.ndpa,42,pol,-78312,1077009,12836,517617903.6577791
USNMPAL_792668_D1091_2024_01_25_16_57_52_Tennessee.ndpi.ndpa,43,pol,-259859,986146,15864,790633614.9882851
USNMPAL_792668_D1091_2024_01_25_16_57_52_Tennessee.ndpi.ndpa,44,pol,-351494,865286,15404,745447208.20576
USNMPAL_792668_D1091_2024_01_25_16_57_52_Tennessee.ndpi.ndpa,45,pol,-339021,819857,12351,479241165.98728555
USNMPAL_792668_D1091_2024_01_25_16_57_52_Tennessee.ndpi.ndpa,46,pol,-3615,881480,11506,415909281.32078105
USNMPAL_792668_D1091_2024_01_25_16_57_52_Tennessee.ndpi.ndpa,47,pol,-709459,1017213,27484,2373065646.9898415
USNMPAL_792668_D1091_2024_01_25_16_57_52_Tennessee.ndpi.ndpa,48,paly,-136572,1330970,13439,567392747.8825414
USNMPAL_792668_D1091_2024_01_25_16_57_52_Tennessee.ndpi.ndpa,49,pol,-192299,1319756,12606,499234371.5904739
USNMPAL_792668_D1091_2024_01_25_16_57_52_Tennessee.ndpi.ndpa,50,pol,-92287,1257619,14340,646023290.2765293
USNMPAL_792668_D1091_2024_01_25_16_57_52_Tennessee.ndpi.ndpa,51,pol,-428056,1509331,9043,256906406.45946822
USNMPAL_792668_D1091_2024_01_25_16_57_52_Tennessee.ndpi.ndpa,52,pol,-493793,278770,16563,861842440.0478765
USNMPAL_792668_D1091_2024_01_25_16_57_52_Tennessee.ndpi.ndpa,53,pol,-439760,209076,11928,446976956.02784324
USNMPAL_792668_D1091_2024_01_25_16_57_52_Tennessee.ndpi.ndpa,54,pol,-670843,88068,13728,592058218.0447428
USNMPAL_792668_D1091_2024_01_25_16_57_52_Tennessee.ndpi.ndpa,55,pol,-709111,212489,12319,476761067.0828356
USNMPAL_792668_D1091_2024_01_25_16_57_52_Tennessee.ndpi.ndpa,56,pol,-1369978,467226,14789,687111932.4070106
USNMPAL_792668_D1091_2024_01_25_16_57_52_Tennessee.ndpi.ndpa,57,pol,-697184,18526,13077,537237253.4520049
USNMPAL_792668_D1091_2024_01_25_16_57_52_Tennessee.ndpi.ndpa,58,pol,-1624858,350718,15872,791431227.6639197
USNMPAL_792668_D1091_2024_01_25_16_57_52_Tennessee.ndpi.ndpa,59,pol,-1242549,412168,11516,416632538.7814905
USNMPAL_792668_D1091_2024_01_25_16_57_52_Tennessee.ndpi.ndpa,60,pol,-688805,1343963,9018,255487898.8365561
USNMPAL_792668_D1091_2024_01_25_16_57_52_Tennessee.ndpi.ndpa,61,pol,-1587764,1394427,10713,360555464.91488254
USNMPAL_792668_D1091_2024_01_25_16_57_52_Tennessee.ndpi.ndpa,62,pol,-929566,1488033,7621,182462573.48873255
USNMPAL_792668_D1091_2024_01_25_16_57_52_Tennessee.ndpi.ndpa,63,pol,-910456,1507944,8149,208621233.21440718
USNMPAL_792668_D1091_2024_01_25_16_57_52_Tennessee.ndpi.ndpa,64,pol,-4164013,1629990,8437,223627892.47111
USNMPAL_792668_D1091_2024_01_25_16_57_52_Tennessee.ndpi.ndpa,65,spo,-3291765,2291217,17096,918203388.2266628
USNMPAL_792668_D1091_2024_01_25_16_57_52_Tennessee.ndpi.ndpa,66,pol,-3493046,2571004,11923,446602305.3959394
USNMPAL_792668_D1091_2024_01_25_16_57_52_Tennessee.ndpi.ndpa,67,pol,-4144380,2647444,11120,388471754.6240537
USNMPAL_792668_D1091_2024_01_25_16_57_52_Tennessee.ndpi.ndpa,69,pol,12448956,-8273590,16570,862571072.7736162
USNMPAL_792668_D1091_2024_01_25_16_57_52_Tennessee.ndpi.ndpa,70,pol,12629296,-8228046,12287,474287402.1601402
USNMPAL_792668_D1091_2024_01_25_16_57_52_Tennessee.ndpi.ndpa,71,pol,12699098,-8266151,18175,1037764264.7557249
USNMPAL_792668_D1091_2024_01_25_16_57_52_Tennessee.ndpi.ndpa,72,pol,11785378,-8017605,14549,664991601.5419663
USNMPAL_792668_D1091_2024_01_25_16_57_52_Tennessee.ndpi.ndpa,73,pol,12521046,-7861748,18721,1101052327.3463044
USNMPAL_792668_D1091_2024_01_25_16_57_52_Tennessee.ndpi.ndpa,74,pol,11472208,-7862848,18376,1060844763.7250783
USNMPAL_792668_D1091_2024_01_25_16_57_52_Tennessee.ndpi.ndpa,75,pol,11823278,-7743611,10646,356059679.3231849
USNMPAL_792668_D1091_2024_01_25_16_57_52_Tennessee.ndpi.ndpa,76,pol,13222981,-7435101,18617,1088853045.5503318
USNMPAL_792668_D1091_2024_01_25_16_57_52_Tennessee.ndpi.ndpa,77,pol,11650832,-7441280,13537,575698013.0180187
USNMPAL_792668_D1091_2024_01_25_16_57_52_Tennessee.ndpi.ndpa,78,pol,11512946,-7450550,13172,545071301.6805924
USNMPAL_792668_D1091_2024_01_25_16_57_52_Tennessee.ndpi.ndpa,79,pol,11639619,-7385781,12192,466981612.7362539
USNMPAL_792668_D1091_2024_01_25_16_57_52_Tennessee.ndpi.ndpa,80,pol,12180986,-7225461,20121,1271888365.937333
USNMPAL_792668_D1091_2024_01_25_16_57_52_Tennessee.ndpi.ndpa,81,pol,12109926,-7280617,13458,568998236.8170099
USNMPAL_792668_D1091_2024_01_25_16_57_52_Tennessee.ndpi.ndpa,82,pol,11836095,-7222943,12308,475910019.0577561
USNMPAL_792668_D1091_2024_01_25_16_57_52_Tennessee.ndpi.ndpa,83,pol,11777622,-7194131,10445,342741553.86115557
USNMPAL_792668_D1091_2024_01_25_16_57_52_Tennessee.ndpi.ndpa,84,pol,13209136,-7144010,19905,1244727362.2259748
USNMPAL_792668_D1091_2024_01_25_16_57_52_Tennessee.ndpi.ndpa,85,pol,11409960,-7050405,9843,304372101.5440257
USNMPAL_792668_D1091_2024_01_25_16_57_52_Tennessee.ndpi.ndpa,86,pol,11712626,-6991471,15215,727266839.7937698
USNMPAL_792668_D1091_2024_01_25_16_57_52_Tennessee.ndpi.ndpa,87,pol,11920660,-7064593,10278,331869315.3595786
USNMPAL_792668_D1091_2024_01_25_16_57_52_Tennessee.ndpi.ndpa,88,pol,12074338,-7012183,8699,237732487.37963164
USNMPAL_792668_D1091_2024_01_25_16_57_52_Tennessee.ndpi.ndpa,89,pol,11569933,-6864908,9467,281562379.5870778
USNMPAL_792668_D1091_2024_01_25_16_57_52_Tennessee.ndpi.ndpa,90,pol,12306681,-6808490,12854,519070638.9326521
USNMPAL_792668_D1091_2024_01_25_16_57_52_Tennessee.ndpi.ndpa,91,pol,12753872,-6764433,11831,439736769.3417492
USNMPAL_792668_D1091_2024_01_25_16_57_52_Tennessee.ndpi.ndpa,92,pol,12523264,-8125593,13210,548220798.5812986
USNMPAL_792668_D1091_2024_01_25_16_57_52_Tennessee.ndpi.ndpa,93,pol,12725826,-8147177,13067,536415915.4686504
USNMPAL_792725_D1367-B_2024_09_19_09_45_18_S_Dakota.ndpi.ndpa,2,pol,8836340,-4424583,23028,1665951348.0954647
USNMPAL_792725_D1367-B_2024_09_19_09_45_18_S_Dakota.ndpi.ndpa,3,paly,9174281,-4339376,11290,400440280.1564348
USNMPAL_792725_D1367-B_2024_09_19_09_45_18_S_Dakota.ndpi.ndpa,4,pol,9505430,-4431349,15100,716314540.9450088
USNMPAL_792725_D1367-B_2024_09_19_09_45_18_S_Dakota.ndpi.ndpa,5,pol,9922100,-4324795,11704,430346721.68776524
USNMPAL_792725_D1367-B_2024_09_19_09_45_18_S_Dakota.ndpi.ndpa,6,pol,10293486,-4315822,16391,844035616.427176
USNMPAL_792725_D1367-B_2024_09_19_09_45_18_S_Dakota.ndpi.ndpa,7,pol,9850879,-4303749,13591,580300169.7953743
USNMPAL_792725_D1367-B_2024_09_19_09_45_18_S_Dakota.ndpi.ndpa,8,pol,9470100,-4249070,17151,924120845.0250747
USNMPAL_792725_D1367-B_2024_09_19_09_45_18_S_Dakota.ndpi.ndpa,9,pol,9279850,-4231124,25478,2039297276.5702796
USNMPAL_792725_D1367-B_2024_09_19_09_45_18_S_Dakota.ndpi.ndpa,10,paly,9968442,-4092969,18943,1127320465.2927713
USNMPAL_792725_D1367-B_2024_09_19_09_45_18_S_Dakota.ndpi.ndpa,11,pol,10217094,-4115182,16146,818992206.3855624
USNMPAL_792725_D1367-B_2024_09_19_09_45_18_S_Dakota.ndpi.ndpa,12,pol,9957651,-4043823,16173,821733600.9757894
USNMPAL_792725_D1367-B_2024_09_19_09_45_18_S_Dakota.ndpi.ndpa,13,paly,9631412,-4005759,13784,596898381.8815342
USNMPAL_792725_D1367-B_2024_09_19_09_45_18_S_Dakota.ndpi.ndpa,14,pol,9442236,-3969983,12713,507745363.92087156
USNMPAL_792725_D1367-B_2024_09_19_09_45_18_S_Dakota.ndpi.ndpa,15,fun,9206021,-4020462,15051,711673155.1001878
USNMPAL_792725_D1367-B_2024_09_19_09_45_18_S_Dakota.ndpi.ndpa,16,pol,9137737,-4045783,15325,737820706.1542393
USNMPAL_792725_D1367-B_2024_09_19_09_45_18_S_Dakota.ndpi.ndpa,17,paly,9148355,-3992036,23492,1733763505.1691432
USNMPAL_792725_D1367-B_2024_09_19_09_45_18_S_Dakota.ndpi.ndpa,18,fun,8868534,-4013601,12441,486250938.84338737
USNMPAL_792725_D1367-B_2024_09_19_09_45_18_S_Dakota.ndpi.ndpa,19,pol,8776072,-4075188,41744,5474418519.925746
USNMPAL_792725_D1367-B_2024_09_19_09_45_18_S_Dakota.ndpi.ndpa,20,pol,8811845,-3955923,17782,993370101.6669894
USNMPAL_792725_D1367-B_2024_09_19_09_45_18_S_Dakota.ndpi.ndpa,21,pol,9582237,-3954453,17224,932004279.0901766
USNMPAL_792725_D1367-B_2024_09_19_09_45_18_S_Dakota.ndpi.ndpa,22,pol,9781704,-3954126,16454,850536309.9017268
USNMPAL_792725_D1367-B_2024_09_19_09_45_18_S_Dakota.ndpi.ndpa,23,pol,9781378,-3904300,16297,834382532.645085
USNMPAL_792725_D1367-B_2024_09_19_09_45_18_S_Dakota.ndpi.ndpa,24,pol,9694474,-3920434,19196,1157634217.4532323
USNMPAL_792725_D1367-B_2024_09_19_09_45_18_S_Dakota.ndpi.ndpa,25,pol,9011412,-3775618,10344,336145186.3239323
USNMPAL_792725_D1367-B_2024_09_19_09_45_18_S_Dakota.ndpi.ndpa,26,pol,9354829,-3848600,16597,865384397.2692398
USNMPAL_792725_D1367-B_2024_09_19_09_45_18_S_Dakota.ndpi.ndpa,27,spo,9463233,-3848928,20536,1324895374.931888
USNMPAL_792725_D1367-B_2024_09_19_09_45_18_S_Dakota.ndpi.ndpa,28,bipol,9856999,-3782670,42999,5808534642.660912
USNMPAL_792725_D1367-B_2024_09_19_09_45_18_S_Dakota.ndpi.ndpa,29,paly,10537767,-3850568,16288,833461213.4755299
USNMPAL_792725_D1367-B_2024_09_19_09_45_18_S_Dakota.ndpi.ndpa,30,pol,10572371,-3750689,15666,771020840.5474832
USNMPAL_792725_D1367-B_2024_09_19_09_45_18_S_Dakota.ndpi.ndpa,32,pol,9654628,-3741270,16198,824276013.3705233
USNMPAL_792725_D1367-B_2024_09_19_09_45_18_S_Dakota.ndpi.ndpa,33,pol,9850505,-3681678,14773,685625984.2146038
USNMPAL_792725_D1367-B_2024_09_19_09_45_18_S_Dakota.ndpi.ndpa,34,pol,9677426,-3635981,14029,618305775.417736
USNMPAL_792725_D1367-B_2024_09_19_09_45_18_S_Dakota.ndpi.ndpa,35,pol,9403414,-3747463,13021,532645853.4878953
USNMPAL_792725_D1367-B_2024_09_19_09_45_18_S_Dakota.ndpi.ndpa,36,pol,8856867,-3725535,12067,457455125.71332455
USNMPAL_792725_D1367-B_2024_09_19_09_45_18_S_Dakota.ndpi.ndpa,37,pol,9146055,-3496630,12422,484766859.8986095
USNMPAL_792725_D1367-B_2024_09_19_09_45_18_S_Dakota.ndpi.ndpa,38,pol,9047453,-3474032,14176,631331242.6745275
USNMPAL_792725_D1367-B_2024_09_19_09_45_18_S_Dakota.ndpi.ndpa,39,bipol,8762163,-3489074,26035,2129438180.9072342
USNMPAL_792725_D1367-B_2024_09_19_09_45_18_S_Dakota.ndpi.ndpa,40,pol,8829078,-3385634,17311,941443335.5895566
USNMPAL_792725_D1367-B_2024_09_19_09_45_18_S_Dakota.ndpi.ndpa,41,paly,8767263,-3329498,14106,625111706.0345097
USNMPAL_792725_D1367-B_2024_09_19_09_45_18_S_Dakota.ndpi.ndpa,42,pol,8998311,-3330501,8746,240308326.3201997
USNMPAL_792725_D1367-B_2024_09_19_09_45_18_S_Dakota.ndpi.ndpa,43,bipol,9732388,-3277038,28984,2639164827.934204
USNMPAL_792725_D1367-B_2024_09_19_09_45_18_S_Dakota.ndpi.ndpa,44,pol,9731553,-3389644,5014,78980255.0634075
USNMPAL_792725_D1367-B_2024_09_19_09_45_18_S_Dakota.ndpi.ndpa,45,pol,9767138,-3375944,11738,432850658.9972706
USNMPAL_792725_D1367-B_2024_09_19_09_45_18_S_Dakota.ndpi.ndpa,46,pol,9965270,-3280881,13379,562337673.9755032
USNMPAL_792725_D1367-B_2024_09_19_09_45_18_S_Dakota.ndpi.ndpa,47,pol,10479666,-3330501,21476,1448960890.0607457
USNMPAL_792725_D1367-B_2024_09_19_09_45_18_S_Dakota.ndpi.ndpa,48,pol,9834629,-3247789,14876,695219927.514991
USNMPAL_792725_D1367-B_2024_09_19_09_45_18_S_Dakota.ndpi.ndpa,49,pol,9724200,-3203348,15392,744286226.3574406
USNMPAL_792725_D1367-B_2024_09_19_09_45_18_S_Dakota.ndpi.ndpa,50,pol,8987619,-3206690,14531,663347166.2833713
USNMPAL_792725_D1367-B_2024_09_19_09_45_18_S_Dakota.ndpi.ndpa,51,pol,8969576,-3199005,15605,765028155.1713884
USNMPAL_792725_D1367-B_2024_09_19_09_45_18_S_Dakota.ndpi.ndpa,52,pol,8850964,-3048126,13845,602193124.7505223
USNMPAL_792725_D1367-B_2024_09_19_09_45_18_S_Dakota.ndpi.ndpa,53,pol,9222846,-3097244,18119,1031379090.7846391
USNMPAL_792725_D1367-B_2024_09_19_09_45_18_S_Dakota.ndpi.ndpa,54,pol,9436185,-3108104,14002,615928101.858571
USNMPAL_792725_D1367-B_2024_09_19_09_45_18_S_Dakota.ndpi.ndpa,55,pol,9474273,-3038101,5866,108102064.97994803
USNMPAL_792725_D1367-B_2024_09_19_09_45_18_S_Dakota.ndpi.ndpa,56,pol,10419689,-3111612,16486,853847799.8860228
USNMPAL_792725_D1367-B_2024_09_19_09_45_18_S_Dakota.ndpi.ndpa,57,din,10575228,-3038268,29306,2698130574.254639
USNMPAL_792725_D1367-B_2024_09_19_09_45_18_S_Dakota.ndpi.ndpa,58,pol,9962764,-2984123,12287,474287402.1601402
USNMPAL_792725_D1367-B_2024_09_19_09_45_18_S_Dakota.ndpi.ndpa,59,paly,9821934,-2976271,16735,879835145.4227045
USNMPAL_792725_D1367-B_2024_09_19_09_45_18_S_Dakota.ndpi.ndpa,60,paly,9450718,-2908941,31669,3150783574.535022
USNMPAL_792725_D1367-B_2024_09_19_09_45_18_S_Dakota.ndpi.ndpa,61,pol,9534251,-2891065,13818,599846666.0559634
USNMPAL_792725_D1367-B_2024_09_19_09_45_18_S_Dakota.ndpi.ndpa,62,pol,9344634,-2999995,14053,620423108.3352907
USNMPAL_792725_D1367-B_2024_09_19_09_45_18_S_Dakota.ndpi.ndpa,63,pol,9091533,-2952547,11851,441224753.28619546
USNMPAL_792725_D1367-B_2024_09_19_09_45_18_S_Dakota.ndpi.ndpa,64,pol,9013851,-2894406,14569,666821139.439711
D5825_L_2024_02_06_10_36_15_Utah.ndpi.ndpa,2,bipol,4221803,-3430266,72463,16496146041.685184
D5825_L_2024_02_06_10_36_15_Utah.ndpi.ndpa,3,bipol,4145267,-3321378,39878,4995933060.909689
D5825_L_2024_02_06_10_36_15_Utah.ndpi.ndpa,4,bipol,3988248,-3360831,40433,5135962029.329048
D5825_L_2024_02_06_10_36_15_Utah.ndpi.ndpa,5,bipol,4376457,-3196706,33963,3623781161.2737117
D5825_L_2024_02_06_10_36_15_Utah.ndpi.ndpa,6,bipol,4453670,-3114698,29255,2688747859.0779085
D5825_L_2024_02_06_10_36_15_Utah.ndpi.ndpa,7,bipol,3968798,-3237086,34330,3702520566.1363316
D5825_L_2024_02_06_10_36_15_Utah.ndpi.ndpa,8,din,4048373,-3303872,38915,4757556364.823697
D5825_L_2024_02_06_10_36_15_Utah.ndpi.ndpa,9,paly,3687223,-3168771,46378,6757310964.4419565
D5825_L_2024_02_06_10_36_15_Utah.ndpi.ndpa,10,bipol,4323981,-3586339,34469,3732563808.3197627
D5825_L_2024_02_06_10_36_15_Utah.ndpi.ndpa,11,bipol,4106840,-3816238,33432,3511353786.08582
D5825_L_2024_02_06_10_36_15_Utah.ndpi.ndpa,12,bipol,4144319,-3865576,41838,5499101096.059946
D5825_L_2024_02_06_10_36_15_Utah.ndpi.ndpa,13,bipol,4834317,-3432226,36818,4258633435.020937
D5825_L_2024_02_06_10_36_15_Utah.ndpi.ndpa,14,bipol,5109205,-3782236,27857,2437915008.872624
D5825_L_2024_02_06_10_36_15_Utah.ndpi.ndpa,15,bipol,5034595,-3195233,39221,4832670638.79945
D5825_L_2024_02_06_10_36_15_Utah.ndpi.ndpa,16,paly,5150302,-2914408,27316,2344142888.3838325
D5825_L_2024_02_06_10_36_15_Utah.ndpi.ndpa,17,bipol,5332130,-3224469,31690,3154963586.0827365
D5825_L_2024_02_06_10_36_15_Utah.ndpi.ndpa,18,bipol,4902772,-2436964,53488,8987990220.159517
D5825_L_2024_02_06_10_36_15_Utah.ndpi.ndpa,19,bipol,4862810,-2423953,43145,5848046528.863334
D5825_L_2024_02_06_10_36_15_Utah.ndpi.ndpa,20,paly,5215446,-2429732,28378,2529958757.030302
D5825_L_2024_02_06_10_36_15_Utah.ndpi.ndpa,21,bipol,5303879,-2699514,35852,4038096081.1812034
D5825_L_2024_02_06_10_36_15_Utah.ndpi.ndpa,22,paly,5295807,-2459239,28457,2544064398.089177
D5825_L_2024_02_06_10_36_15_Utah.ndpi.ndpa,23,fun,4834088,-2681377,18176,1037878464.7902755
D5825_L_2024_02_06_10_36_15_Utah.ndpi.ndpa,24,bipol,4572179,-2763841,23091,1675079236.125692
D5825_L_2024_02_06_10_36_15_Utah.ndpi.ndpa,25,bipol,4497679,-2632778,27708,2411905182.098913
D5825_L_2024_02_06_10_36_15_Utah.ndpi.ndpa,26,bipol,4661611,-2739847,34691,3780798313.9585066
D5825_L_2024_02_06_10_36_15_Utah.ndpi.ndpa,27,paly,4217172,-2535612,33966,3624421377.0158086
D5825_L_2024_02_06_10_36_15_Utah.ndpi.ndpa,28,bipol,3648187,-2513467,32184,3254092634.1255016
D5825_L_2024_02_06_10_36_15_Utah.ndpi.ndpa,29,bipol,4154693,-2690148,30222,2869434232.628969
D5825_L_2024_02_06_10_36_15_Utah.ndpi.ndpa,30,bipol,4594161,-2734825,27196,2323592348.535934
D5825_L_2024_02_06_10_36_15_Utah.ndpi.ndpa,31,bipol,3629959,-2978337,30538,2929753314.232718
D5825_L_2024_02_06_10_36_15_Utah.ndpi.ndpa,32,bipol,4159114,-2808998,25633,2064185617.598512
D5825_L_2024_02_06_10_36_15_Utah.ndpi.ndpa,34,bipol,8304665,-8200631,35876,4043504244.9697638
D5825_L_2024_02_06_10_36_15_Utah.ndpi.ndpa,35,bipol,8351349,-8307273,33536,3533233948.4756827
D5825_L_2024_02_06_10_36_15_Utah.ndpi.ndpa,36,pol,8899928,-8247808,31074,3033501370.5558324
D5825_L_2024_02_06_10_36_15_Utah.ndpi.ndpa,37,bipol,8690351,-8957795,69101,15000942189.5334
D5825_L_2024_02_06_10_36_15_Utah.ndpi.ndpa,38,bipol,8570200,-8547059,49376,7659169513.171564
D5825_L_2024_02_06_10_36_15_Utah.ndpi.ndpa,39,bipol,8832580,-8216458,34169,3667874017.352634
D5825_L_2024_02_06_10_36_15_Utah.ndpi.ndpa,40,bipol,9407885,-8556538,32997,3420572392.6882076
D5825_L_2024_02_06_10_36_15_Utah.ndpi.ndpa,41,bipol,9453052,-8489667,69053,14980109057.143126
D5825_L_2024_02_06_10_36_15_Utah.ndpi.ndpa,42,bipol,9487909,-8881474,40018,5031073157.040858
D5825_L_2024_02_06_10_36_15_Utah.ndpi.ndpa,43,bipol,9157621,-8833144,44047,6095123944.343259
D5825_L_2024_02_06_10_36_15_Utah.ndpi.ndpa,44,bipol,9287122,-9174094,54373,9287877182.969349
D5825_L_2024_02_06_10_36_15_Utah.ndpi.ndpa,45,bipol,9707135,-8864514,26489,2204352272.5991006
D5825_L_2024_02_06_10_36_15_Utah.ndpi.ndpa,46,bipol,9454100,-8057110,35511,3961646105.6817017
D5825_L_2024_02_06_10_36_15_Utah.ndpi.ndpa,47,paly,9646061,-8109031,37971,4529538363.654571
D5825_L_2024_02_06_10_36_15_Utah.ndpi.ndpa,48,paly,9825320,-8137803,28530,2557133583.7493362
D5825_L_2024_02_06_10_36_15_Utah.ndpi.ndpa,49,bipol,8960944,-8212597,65183,13348072659.442154
D5825_L_2024_02_06_10_36_15_Utah.ndpi.ndpa,50,pol,9122066,-8241637,26573,2218355004.507422
D5825_L_2024_02_06_10_36_15_Utah.ndpi.ndpa,51,paly,8933406,-8323846,29954,2818769240.116961
D5825_L_2024_02_06_10_36_15_Utah.ndpi.ndpa,52,paly,8413488,-8209621,35736,4012007642.334522
D5825_L_2024_02_06_10_36_15_Utah.ndpi.ndpa,53,paly,9449882,-8618914,34105,3654146715.155438
D5825_L_2024_02_06_10_36_15_Utah.ndpi.ndpa,54,paly,9832028,-8183168,26360,2182934398.7098064
D5825_L_2024_02_06_10_36_15_Utah.ndpi.ndpa,55,bipol,9982432,-8275893,31596,3136274615.811279
D5825_L_2024_02_06_10_36_15_Utah.ndpi.ndpa,56,bipol,9573513,-8281205,37870,4505473949.28204
D5825_L_2024_02_06_10_36_15_Utah.ndpi.ndpa,57,bipol,9795466,-8925102,27062,2300751172.953338
D5825_L_2024_02_06_10_36_15_Utah.ndpi.ndpa,58,paly,8856366,-8982876,22650,1611707717.1262696
D5825_L_2024_02_06_10_36_15_Utah.ndpi.ndpa,59,paly,9033632,-9094316,30666,2954364902.9393177
D5825_L_2024_02_06_10_36_15_Utah.ndpi.ndpa,60,bipol,8571246,-8996353,23510,1736421405.6514158
D5825_L_2024_02_06_10_36_15_Utah.ndpi.ndpa,61,bipol,8378771,-8961454,38337,4617279050.363479
D5825_L_2024_02_06_10_36_15_Utah.ndpi.ndpa,62,bipol,9880944,-8917811,37118,4328316473.351682
D3266-1_L_2024_02_01_13_49_20_Mississippi.ndpi.ndpa,3,pol,13095716,-5535421,9531,285382154.1299833
D3266-1_L_2024_02_01_13_49_20_Mississippi.ndpi.ndpa,4,pol,13282303,-5605717,19160,1153296256.0516732
D3266-1_L_2024_02_01_13_49_20_Mississippi.ndpi.ndpa,5,pol,13356761,-5717405,11345,404351327.39070505
D3266-1_L_2024_02_01_13_49_20_Mississippi.ndpi.ndpa,6,pol,14034399,-5700994,11781,436027805.0549211
D3266-1_L_2024_02_01_13_49_20_Mississippi.ndpi.ndpa,7,paly,14133838,-5676746,13709,590420496.3696485
D3266-1_L_2024_02_01_13_49_20_Mississippi.ndpi.ndpa,8,pol,14182822,-5676746,11074,385264427.2857802
D3266-1_L_2024_02_01_13_49_20_Mississippi.ndpi.ndpa,9,pol,14291868,-5731121,9753,298831463.0764486
D3266-1_L_2024_02_01_13_49_20_Mississippi.ndpi.ndpa,10,pol,14344284,-5675031,9372,275939855.5069849
D3266-1_L_2024_02_01_13_49_20_Mississippi.ndpi.ndpa,11,pol,14538064,-5581479,13372,561749388.7599698
D3266-1_L_2024_02_01_13_49_20_Mississippi.ndpi.ndpa,12,pol,14614631,-5619026,12324,477148158.42164767
D3266-1_L_2024_02_01_13_49_20_Mississippi.ndpi.ndpa,13,pol,14330502,-5360326,16368,841668561.4511802
D3266-1_L_2024_02_01_13_49_20_Mississippi.ndpi.ndpa,14,paly,14178596,-5400573,18240,1045200336.0269556
D3266-1_L_2024_02_01_13_49_20_Mississippi.ndpi.ndpa,15,pol,14072863,-5385849,9440,279958631.0949394
D3266-1_L_2024_02_01_13_49_20_Mississippi.ndpi.ndpa,16,pol,13064672,-5411863,8304,216632969.92348167
D3266-1_L_2024_02_01_13_49_20_Mississippi.ndpi.ndpa,17,paly,12959394,-5508555,17671,981007045.5043926
D3266-1_L_2024_02_01_13_49_20_Mississippi.ndpi.ndpa,18,pol,12861967,-5225769,16026,806863648.1234076
D3266-1_L_2024_02_01_13_49_20_Mississippi.ndpi.ndpa,19,pol,13058617,-5146993,14994,706292973.4773928
D3266-1_L_2024_02_01_13_49_20_Mississippi.ndpi.ndpa,20,paly,13430669,-5193130,14246,637581566.9225506
D3266-1_L_2024_02_01_13_49_20_Mississippi.ndpi.ndpa,21,paly,13466632,-5205401,15096,715935086.8179375
D3266-1_L_2024_02_01_13_49_20_Mississippi.ndpi.ndpa,22,pol,14042353,-5180859,14826,690554348.2651448
D3266-1_L_2024_02_01_13_49_20_Mississippi.ndpi.ndpa,23,pol,14143216,-5123924,20667,1341852413.4477558
D3266-1_L_2024_02_01_13_49_20_Mississippi.ndpi.ndpa,24,pol,13938304,-5133985,13504,572894603.3888099
D3266-1_L_2024_02_01_13_49_20_Mississippi.ndpi.ndpa,25,pol,14310609,-5135703,18877,1119478673.038293
D3266-1_L_2024_02_01_13_49_20_Mississippi.ndpi.ndpa,26,pol,14658456,-5325161,10892,372704930.4761471
D3266-1_L_2024_02_01_13_49_20_Mississippi.ndpi.ndpa,27,pol,14416241,-5185277,8344,218725019.3033602
D3266-1_L_2024_02_01_13_49_20_Mississippi.ndpi.ndpa,28,pol,14589498,-5157545,11843,440629258.1155222
D3266-1_L_2024_02_01_13_49_20_Mississippi.ndpi.ndpa,29,pol,14623363,-5060634,17384,949400157.2590463
D3266-1_L_2024_02_01_13_49_20_Mississippi.ndpi.ndpa,30,pol,14404707,-4957071,10713,360555464.91488254
D3266-1_L_2024_02_01_13_49_20_Mississippi.ndpi.ndpa,31,pol,13982349,-5078794,13937,610222859.6439091
D3266-1_L_2024_02_01_13_49_20_Mississippi.ndpi.ndpa,32,pol,14102108,-5065788,17133,922182130.4994326
D3266-1_L_2024_02_01_13_49_20_Mississippi.ndpi.ndpa,33,pol,14173521,-5016215,15617,766205196.8413529
D3266-1_L_2024_02_01_13_49_20_Mississippi.ndpi.ndpa,34,spo,14293769,-5030693,22258,1556403321.1144047
D3266-1_L_2024_02_01_13_49_20_Mississippi.ndpi.ndpa,35,pol,14105548,-4901200,19467,1190550797.9767485
D3266-1_L_2024_02_01_13_49_20_Mississippi.ndpi.ndpa,36,pol,13566514,-5036978,12800,514718540.3641517
D3266-1_L_2024_02_01_13_49_20_Mississippi.ndpi.ndpa,37,pol,13153244,-4845370,15584,762970509.3726593
D3266-1_L_2024_02_01_13_49_20_Mississippi.ndpi.ndpa,38,pol,13180729,-4720947,12005,452766411.7751773
D3266-1_L_2024_02_01_13_49_20_Mississippi.ndpi.ndpa,39,pol,13350282,-4670392,16903,897588863.5611887
D3266-1_L_2024_02_01_13_49_20_Mississippi.ndpi.ndpa,40,pol,13478478,-4632985,17632,976681647.3318552
D3266-1_L_2024_02_01_13_49_20_Mississippi.ndpi.ndpa,41,pol,13718644,-4864060,10957,377166573.2388855
D3266-1_L_2024_02_01_13_49_20_Mississippi.ndpi.ndpa,42,pol,14063156,-4684419,16676,873642284.0459083
D3266-1_L_2024_02_01_13_49_20_Mississippi.ndpi.ndpa,43,paly,13987572,-4689572,16875,894617595.494906
D3266-1_L_2024_02_01_13_49_20_Mississippi.ndpi.ndpa,44,pol,14528660,-4861114,8518,227942414.44988078
D3266-1_L_2024_02_01_13_49_20_Mississippi.ndpi.ndpa,45,pol,14524243,-4789700,14381,649722707.2632831
D3266-1_L_2024_02_01_13_49_20_Mississippi.ndpi.ndpa,46,pol,14609890,-4772276,15452,750100183.3858801
D3266-1_L_2024_02_01_13_49_20_Mississippi.ndpi.ndpa,47,pol,14436144,-4507157,13424,566126858.8307407
D3266-1_L_2024_02_01_13_49_20_Mississippi.ndpi.ndpa,48,pol,14467799,-4468382,10957,377166573.2388855
D3266-1_L_2024_02_01_13_49_20_Mississippi.ndpi.ndpa,49,paly,14486451,-4465436,26843,2263664059.0671434
D3266-1_L_2024_02_01_13_49_20_Mississippi.ndpi.ndpa,50,paly,14471482,-4441635,16046,808878791.3151262
D3266-1_L_2024_02_01_13_49_20_Mississippi.ndpi.ndpa,51,pol,14458966,-4448752,14229,636060800.4587641
D3266-1_L_2024_02_01_13_49_20_Mississippi.ndpi.ndpa,52,paly,14263925,-4531849,16853,892286483.4804598
D3266-1_L_2024_02_01_13_49_20_Mississippi.ndpi.ndpa,53,pol,13692871,-4520315,8934,250750477.6459076
D3266-1_L_2024_02_01_13_49_20_Mississippi.ndpi.ndpa,54,pol,13691888,-4510988,9024,255827982.5244925
D3266-1_L_2024_02_01_13_49_20_Mississippi.ndpi.ndpa,55,paly,13681826,-4565225,15951,799329245.0021195
D3266-1_L_2024_02_01_13_49_20_Mississippi.ndpi.ndpa,56,pol,13468778,-4568416,13709,590420496.3696485
D3266-1_L_2024_02_01_13_49_20_Mississippi.ndpi.ndpa,57,spo,13522032,-4529151,26396,2188900961.7429867
D3266-1_L_2024_02_01_13_49_20_Mississippi.ndpi.ndpa,58,paly,12919969,-4431025,16677,873747065.5856835
D3266-1_L_2024_02_01_13_49_20_Mississippi.ndpi.ndpa,59,paly,13015677,-4326235,18258,1047264249.3030285
D3266-1_L_2024_02_01_13_49_20_Mississippi.ndpi.ndpa,60,paly,13061814,-4481580,17005,908454426.1783768
D3266-1_L_2024_02_01_13_49_20_Mississippi.ndpi.ndpa,61,pol,13328944,-4264392,19561,1202076145.316673
D3266-1_L_2024_02_01_13_49_20_Mississippi.ndpi.ndpa,62,pol,13778868,-4247457,13717,591109786.9305873
D3266-1_L_2024_02_01_13_49_20_Mississippi.ndpi.ndpa,63,pol,14122920,-4389796,19998,1256385746.5900006
D3266-1_L_2024_02_01_13_49_20_Mississippi.ndpi.ndpa,64,pol,14595208,-4390777,16833,890169929.6778834
D3407-2_L_2024_02_20_13_28_48_Texas.ndpi.ndpa,2,pol,2571225,2849681,7335,169024674.8067851
D3407-2_L_2024_02_20_13_28_48_Texas.ndpi.ndpa,3,pol,2667860,2844088,9197,265731014.5596958
D3407-2_L_2024_02_20_13_28_48_Texas.ndpi.ndpa,4,pol,3090212,2899625,10509,346954605.5388081
D3407-2_L_2024_02_20_13_28_48_Texas.ndpi.ndpa,5,pol,3072783,2910550,12860,519555336.41361856
D3407-2_L_2024_02_20_13_28_48_Texas.ndpi.ndpa,6,paly,3124427,2847600,17785,993705312.7447201
D3407-2_L_2024_02_20_13_28_48_Texas.ndpi.ndpa,7,pol,3251634,2833553,11683,428803800.7125856
D3407-2_L_2024_02_20_13_28_48_Texas.ndpi.ndpa,8,pol,3252418,2864508,8978,253226454.78079602
D3407-2_L_2024_02_20_13_28_48_Texas.ndpi.ndpa,9,paly,3299120,2910160,15011,707895452.7660992
D3407-2_L_2024_02_20_13_28_48_Texas.ndpi.ndpa,10,pol,3548979,2844088,11697,429832106.8199587
D3407-2_L_2024_02_20_13_28_48_Texas.ndpi.ndpa,11,pol,3705719,2843177,9014,255261302.041638
D3407-2_L_2024_02_20_13_28_48_Texas.ndpi.ndpa,12,pol,3736041,2852412,8214,211962615.452802
D3407-2_L_2024_02_20_13_28_48_Texas.ndpi.ndpa,13,pol,4010077,2877124,10395,339468014.316115
D3407-2_L_2024_02_20_13_28_48_Texas.ndpi.ndpa,14,pol,4011118,2902487,13971,613203828.9483062
D3407-2_L_2024_02_20_13_28_48_Texas.ndpi.ndpa,15,pol,4172650,2911071,10486,345437577.5702794
D3407-2_L_2024_02_20_13_28_48_Texas.ndpi.ndpa,16,pol,4261606,2910290,15472,752043195.6102723
D3407-2_L_2024_02_20_13_28_48_Texas.ndpi.ndpa,17,pol,3987577,2968683,12626,500819744.90718144
D3407-2_L_2024_02_20_13_28_48_Texas.ndpi.ndpa,18,pol,3520370,2991834,10840,369154729.7156608
D3407-2_L_2024_02_20_13_28_48_Texas.ndpi.ndpa,19,pol,3501641,2956977,10738,362240222.5151864
D3407-2_L_2024_02_20_13_28_48_Texas.ndpi.ndpa,20,pol,3450137,3007962,15239,729563017.297908
D3407-2_L_2024_02_20_13_28_48_Texas.ndpi.ndpa,21,pol,3272456,2951385,7874,194778354.96507812
D3407-2_L_2024_02_20_13_28_48_Texas.ndpi.ndpa,22,pol,3283772,2957498,8783,242345878.4923164
D3407-2_L_2024_02_20_13_28_48_Texas.ndpi.ndpa,23,pol,3339438,3020448,7445,174132276.1429914
D3407-2_L_2024_02_20_13_28_48_Texas.ndpi.ndpa,24,pol,3166053,2959839,13816,599673036.5131848
D3407-2_L_2024_02_20_13_28_48_Texas.ndpi.ndpa,25,pol,2996956,2996256,12307,475832688.754588
D3407-2_L_2024_02_20_13_28_48_Texas.ndpi.ndpa,26,pol,2821752,3005361,10637,355457916.67516774
D3407-2_L_2024_02_20_13_28_48_Texas.ndpi.ndpa,27,pol,2705465,2956717,14434,654520531.8558822
D3407-2_L_2024_02_20_13_28_48_Texas.ndpi.ndpa,28,paly,2438161,2971935,7958,198956321.33597535
D3407-2_L_2024_02_20_13_28_48_Texas.ndpi.ndpa,29,pol,2635736,3042684,19342,1175310539.3151028
D3407-2_L_2024_02_20_13_28_48_Texas.ndpi.ndpa,30,pol,3321744,3036441,7814,191821236.63210714
D3407-2_L_2024_02_20_13_28_48_Texas.ndpi.ndpa,31,pol,4083822,3063884,8699,237732487.37963164
D3407-2_L_2024_02_20_13_28_48_Texas.ndpi.ndpa,32,pol,4119324,3052049,8967,252606320.09894067
D3407-2_L_2024_02_20_13_28_48_Texas.ndpi.ndpa,33,pol,4186306,3179373,8795,243008553.48029402
D3407-2_L_2024_02_20_13_28_48_Texas.ndpi.ndpa,34,pol,4081477,3185486,13984,614345530.8425106
D3407-2_L_2024_02_20_13_28_48_Texas.ndpi.ndpa,35,pol,3846862,3142825,10121,321807915.6387078
D3407-2_L_2024_02_20_13_28_48_Texas.ndpi.ndpa,36,fun,3715356,3136713,16935,900990630.3519782
D3407-2_L_2024_02_20_13_28_48_Texas.ndpi.ndpa,37,paly,3709894,3212280,9132,261988168.19609874
D3407-2_L_2024_02_20_13_28_48_Texas.ndpi.ndpa,38,pol,3563688,3187827,11648,426238423.275554
D3407-2_L_2024_02_20_13_28_48_Texas.ndpi.ndpa,39,pol,3410207,3201744,8505,227247183.13723403
D3407-2_L_2024_02_20_13_28_48_Texas.ndpi.ndpa,40,pol,3121054,3174431,11476,413743278.84983706
D3407-2_L_2024_02_20_13_28_48_Texas.ndpi.ndpa,41,pol,2662924,3250511,19834,1235863455.9432433
D3407-2_L_2024_02_20_13_28_48_Texas.ndpi.ndpa,42,pol,2807948,3238675,12347,478930801.7658521
D3407-2_L_2024_02_20_13_28_48_Texas.ndpi.ndpa,43,pol,2936074,3269240,12878,521010786.02454424
D3407-2_L_2024_02_20_13_28_48_Texas.ndpi.ndpa,44,pol,3283248,3328029,10963,377579755.50468564
D3407-2_L_2024_02_20_13_28_48_Texas.ndpi.ndpa,45,paly,3386654,3264167,13350,559902496.7044069
D3407-2_L_2024_02_20_13_28_48_Texas.ndpi.ndpa,46,pol,3434647,3272622,13737,592834772.6248204
D3407-2_L_2024_02_20_13_28_48_Texas.ndpi.ndpa,47,pol,3574741,3306178,13789,597331497.5527214
D3407-2_L_2024_02_20_13_28_48_Texas.ndpi.ndpa,48,pol,3669567,3333491,13066,536333816.22783417
D3407-2_L_2024_02_20_13_28_48_Texas.ndpi.ndpa,49,fun,4041129,3232015,9021,255657912.40619043
D3407-2_L_2024_02_20_13_28_48_Texas.ndpi.ndpa,50,pol,4119644,3231530,7933,197708245.11452046
D3407-2_L_2024_02_20_13_28_48_Texas.ndpi.ndpa,51,pol,4159567,3344881,12375,481105462.4661494
D3407-2_L_2024_02_20_13_28_48_Texas.ndpi.ndpa,52,pol,4240290,3391265,11315,402215672.7047947
D3407-2_L_2024_02_20_13_28_48_Texas.ndpi.ndpa,53,pol,4233970,3357998,10980,378751666.9538469
D3407-2_L_2024_02_20_13_28_48_Texas.ndpi.ndpa,54,pol,4124989,3443014,13683,588183079.214503
D3407-2_L_2024_02_20_13_28_48_Texas.ndpi.ndpa,55,pol,4105434,3443014,15466,751460028.0491717
D3407-2_L_2024_02_20_13_28_48_Texas.ndpi.ndpa,56,pol,3348608,3432428,9590,288926307.3246114
D3407-2_L_2024_02_20_13_28_48_Texas.ndpi.ndpa,57,pol,2894126,3378703,9075,258727826.4817959
D3407-2_L_2024_02_20_13_28_48_Texas.ndpi.ndpa,58,pol,2755723,3380585,13805,598718523.2756519
D3407-2_L_2024_02_20_13_28_48_Texas.ndpi.ndpa,59,pol,2783316,3414241,13279,553962816.2795634
D3407-2_L_2024_02_20_13_28_48_Texas.ndpi.ndpa,60,fun,2547089,3351109,7946,198356754.66122305
D3407-2_L_2024_02_20_13_28_48_Texas.ndpi.ndpa,61,pol,2549807,3542800,11797,437212964.6003025
D3407-2_L_2024_02_20_13_28_48_Texas.ndpi.ndpa,62,pol,2601649,3517923,12321,476915884.76880455
D3407-2_L_2024_02_20_13_28_48_Texas.ndpi.ndpa,63,pol,2817188,3476532,10912,374074916.2005245
D3407-2_L_2024_02_20_13_28_48_Texas.ndpi.ndpa,64,pol,3003025,3581682,14303,642693858.6565887
D3407-2_L_2024_02_20_13_28_48_Texas.ndpi.ndpa,65,pol,3219207,3497646,13419,565705209.9727391
D3407-2_L_2024_02_20_13_28_48_Texas.ndpi.ndpa,66,pol,3363247,3499109,11596,422441217.9342719
D3407-2_L_2024_02_20_13_28_48_Texas.ndpi.ndpa,67,pol,3627907,3586490,13881,605328861.4754057
D3407-2_L_2024_02_20_13_28_48_Texas.ndpi.ndpa,68,pol,3680676,3500527,11153,390780853.4987761
D3407-2_L_2024_02_20_13_28_48_Texas.ndpi.ndpa,69,pol,3840604,3510389,14076,622455615.1096057
D3407-2_L_2024_02_20_13_28_48_Texas.ndpi.ndpa,70,pol,3823396,3600413,16863,893345702.8595442
D3407-2_L_2024_02_20_13_28_48_Texas.ndpi.ndpa,71,pol,4266792,3455620,9197,265731014.5596958
D3407-2_L_2024_02_20_13_28_48_Texas.ndpi.ndpa,72,pol,4080663,3613842,12608,499392795.8248091
D3407-2_L_2024_02_20_13_28_48_Texas.ndpi.ndpa,73,pol,4190620,3700928,11660,427117114.17439246
D3407-2_L_2024_02_20_13_28_48_Texas.ndpi.ndpa,74,pol,4000294,3771017,13271,553295541.999941
D3407-2_L_2024_02_20_13_28_48_Texas.ndpi.ndpa,75,pol,3822977,3727788,14375,649180669.4332033
D3407-2_L_2024_02_20_13_28_48_Texas.ndpi.ndpa,76,pol,3826963,3630000,14172,630975011.2003517
D3407-2_L_2024_02_20_13_28_48_Texas.ndpi.ndpa,77,pol,3710292,3695472,8099,206069003.34263083
D3407-2_L_2024_02_20_13_28_48_Texas.ndpi.ndpa,78,pol,3562963,3685400,8904,249069285.75326556
D3407-2_L_2024_02_20_13_28_48_Texas.ndpi.ndpa,79,pol,3419835,3775634,8626,233759236.6108203
D3407-2_L_2024_02_20_13_28_48_Texas.ndpi.ndpa,80,pol,3644785,3677426,7683,185443467.39490592
D3407-2_L_2024_02_20_13_28_48_Texas.ndpi.ndpa,81,paly,3658844,3683301,9788,300980108.24798155
D3407-2_L_2024_02_20_13_28_48_Texas.ndpi.ndpa,82,pol,3242507,3706594,10291,332709367.81037056
D3407-2_L_2024_02_20_13_28_48_Texas.ndpi.ndpa,83,pol,2806200,3739750,14274,640090317.1520013
D3407-2_L_2024_02_20_13_28_48_Texas.ndpi.ndpa,84,fun,2822567,3729048,15076,714039324.1470553
D3407-2_L_2024_02_20_13_28_48_Texas.ndpi.ndpa,85,pol,2624033,3771856,11588,421858540.4616253
D3407-2_L_2024_02_20_13_28_48_Texas.ndpi.ndpa,86,pol,2654879,3755698,13692,588957089.1045312
D3407-2_L_2024_02_20_13_28_48_Texas.ndpi.ndpa,87,pol,2555414,3637555,10418,340971891.5777958
D3407-2_L_2024_02_20_13_28_48_Texas.ndpi.ndpa,88,pol,2604720,3948978,13721,591454583.0075041
D3407-2_L_2024_02_20_13_28_48_Texas.ndpi.ndpa,89,pol,2798426,3912045,10239,329355529.15710425
D3407-2_L_2024_02_20_13_28_48_Texas.ndpi.ndpa,90,pol,3026323,3872384,14395,650988341.8460789
D3407-2_L_2024_02_20_13_28_48_Texas.ndpi.ndpa,91,pol,3208705,3817824,11121,388541626.7862622
D3407-2_L_2024_02_20_13_28_48_Texas.ndpi.ndpa,92,paly,3191287,3892110,17930,1009974600.0800493
D3407-2_L_2024_02_20_13_28_48_Texas.ndpi.ndpa,93,pol,3627180,3903861,7248,165038870.23373002
D3407-2_L_2024_02_20_13_28_48_Texas.ndpi.ndpa,94,pol,3878569,3804814,10126,322125954.770994
D3407-2_L_2024_02_20_13_28_48_Texas.ndpi.ndpa,95,pol,4160612,3941423,9103,260326846.87699065
D3407-2_L_2024_02_20_13_28_48_Texas.ndpi.ndpa,96,pol,4250005,3871754,11426,410145841.10221136
D3407-2_L_2024_02_20_13_28_48_Texas.ndpi.ndpa,97,pol,3514696,4075952,8823,244558313.70268047
D3407-2_L_2024_02_20_13_28_48_Texas.ndpi.ndpa,98,pol,3455495,3927590,10403,339990725.0681899
D3407-2_L_2024_02_20_13_28_48_Texas.ndpi.ndpa,99,pol,3413107,4078470,11421,409786961.26542854
D3407-2_L_2024_02_20_13_28_48_Texas.ndpi.ndpa,100,pol,3137987,4097565,12571,496466015.8520938
D3407-2_L_2024_02_20_13_28_48_Texas.ndpi.ndpa,101,pol,2550167,4076371,9013,255204668.5508717
D3407-2_L_2024_02_20_13_28_48_Texas.ndpi.ndpa,102,pol,2554784,4285605,10685,358673198.52604014
D3407-2_L_2024_02_20_13_28_48_Texas.ndpi.ndpa,103,fun,2898950,4199988,18221,1043023969.4418473
D3407-2_L_2024_02_20_13_28_48_Texas.ndpi.ndpa,104,pol,3018978,4277840,13794,597764770.3035413
D3407-2_L_2024_02_20_13_28_48_Texas.ndpi.ndpa,105,pol,3344899,4138083,11639,425579998.8624367
D3407-2_L_2024_02_20_13_28_48_Texas.ndpi.ndpa,106,pol,3594632,4193273,11607,423243056.05202556
D3407-2_L_2024_02_20_13_28_48_Texas.ndpi.ndpa,107,fun,3785194,4149835,7308,167782611.5936692
D3407-2_L_2024_02_20_13_28_48_Texas.ndpi.ndpa,108,pol,3946576,4375850,9995,313845184.6334367
D3407-2_L_2024_02_20_13_28_48_Texas.ndpi.ndpa,109,pol,3882785,4359693,9579,288263874.2392682
D3407-2_L_2024_02_20_13_28_48_Texas.ndpi.ndpa,110,pol,3869985,4339966,12224,469436176.77561545
D3407-2_L_2024_02_20_13_28_48_Texas.ndpi.ndpa,111,pol,3767579,4359273,14851,692885174.3946594
D3407-2_L_2024_02_20_13_28_48_Texas.ndpi.ndpa,112,pol,3709009,4375431,11947,448402060.99532795
D3407-2_L_2024_02_20_13_28_48_Texas.ndpi.ndpa,113,pol,3082995,4388231,14696,678497355.4836386
D3407-2_L_2024_02_20_13_28_48_Texas.ndpi.ndpa,114,paly,2844600,4388652,10840,369154729.7156608
D3407-2_L_2024_02_20_13_28_48_Texas.ndpi.ndpa,115,pol,2646487,4339966,8541,229175040.31866533
D3516-B_2_L_2024_02_20_14_24_29_Montana.ndpi.ndpa,2,pol,6011754,-4089059,34351,3707051688.362197
D3516-B_2_L_2024_02_20_14_24_29_Montana.ndpi.ndpa,3,paly,7139890,-4029938,15295,734934839.1426518
D3516-B_2_L_2024_02_20_14_24_29_Montana.ndpi.ndpa,4,paly,7169133,-4033964,13936,610135294.0318756
D3516-B_2_L_2024_02_20_14_24_29_Montana.ndpi.ndpa,5,paly,6752753,-3893878,11637,425433751.4412268
D3516-B_2_L_2024_02_20_14_24_29_Montana.ndpi.ndpa,6,pol,6612906,-3760377,13631,583720987.2040151
D3516-B_2_L_2024_02_20_14_24_29_Montana.ndpi.ndpa,7,spo,6185724,-3757411,25007,1964595119.8604171
D3516-B_2_L_2024_02_20_14_24_29_Montana.ndpi.ndpa,8,paly,5886732,-3777330,14785,686740294.5624615
D3516-B_2_L_2024_02_20_14_24_29_Montana.ndpi.ndpa,9,paly,6123426,-3616906,11783,436175862.0334995
D3516-B_2_L_2024_02_20_14_24_29_Montana.ndpi.ndpa,10,paly,6405250,-3710780,25492,2041539054.2560282
D3516-B_2_L_2024_02_20_14_24_29_Montana.ndpi.ndpa,11,paly,6914434,-3642123,19634,1211064980.172867
D3516-B_2_L_2024_02_20_14_24_29_Montana.ndpi.ndpa,12,din,7298602,-3552911,17090,917558997.307929
D3516-B_2_L_2024_02_20_14_24_29_Montana.ndpi.ndpa,13,pol,7245839,-3425348,16644,870292592.2949448
D3516-B_2_L_2024_02_20_14_24_29_Montana.ndpi.ndpa,14,din,7113193,-3376822,25810,2092791109.9040277
D3516-B_2_L_2024_02_20_14_24_29_Montana.ndpi.ndpa,15,pol,6976517,-3467094,10908,373800717.9937192
D3516-B_2_L_2024_02_20_14_24_29_Montana.ndpi.ndpa,16,pol,6854890,-3440606,10990,379441874.8598406
D3516-B_2_L_2024_02_20_14_24_29_Montana.ndpi.ndpa,17,bipol,6626468,-3348851,39558,4916075283.61991
D3516-B_2_L_2024_02_20_14_24_29_Montana.ndpi.ndpa,18,pol,6040784,-3460737,20555,1327348107.4227326
D3516-B_2_L_2024_02_20_14_24_29_Montana.ndpi.ndpa,19,paly,5878045,-3497608,19432,1186273629.5346289
D3516-B_2_L_2024_02_20_14_24_29_Montana.ndpi.ndpa,20,pol,6813360,-3295878,25220,1998204980.7675421
D3516-B_2_L_2024_02_20_14_24_29_Montana.ndpi.ndpa,21,paly,7044117,-3305414,22007,1521498608.8128057
D3516-B_2_L_2024_02_20_14_24_29_Montana.ndpi.ndpa,22,paly,7192019,-3190985,11994,451937065.8721488
D3516-B_2_L_2024_02_20_14_24_29_Montana.ndpi.ndpa,23,pol,7322970,-3274051,22574,1600909987.7776577
D3516-B_2_L_2024_02_20_14_24_29_Montana.ndpi.ndpa,24,paly,7265757,-3147544,15954,799629942.5429579
D3516-B_2_L_2024_02_20_14_24_29_Montana.ndpi.ndpa,25,paly,6831582,-3077192,23030,1666240739.0443428
D3516-B_2_L_2024_02_20_14_24_29_Montana.ndpi.ndpa,26,pol,6361175,-3019765,11769,435139990.9710166
D3516-B_2_L_2024_02_20_14_24_29_Montana.ndpi.ndpa,27,bipol,5920424,-2999002,41199,5332406169.816395
D3516-B_2_L_2024_02_20_14_24_29_Montana.ndpi.ndpa,28,paly,6002007,-3008538,8841,245557189.37007466
D3516-B_2_L_2024_02_20_14_24_29_Montana.ndpi.ndpa,29,spo,6826287,-2912968,16506,855920748.3825675
D3516-B_2_L_2024_02_20_14_24_29_Montana.ndpi.ndpa,30,paly,6798104,-2941152,24146,1831640615.973082
D3516-B_2_L_2024_02_20_14_24_29_Montana.ndpi.ndpa,31,paly,7032884,-3064694,15555,760133553.8170955
D3516-B_2_L_2024_02_20_14_24_29_Montana.ndpi.ndpa,32,paly,7460067,-2824186,14961,703187462.0154295
D3516-B_2_L_2024_02_20_14_24_29_Montana.ndpi.ndpa,33,paly,7238001,-2805750,16795,886155401.5231965
D3516-B_2_L_2024_02_20_14_24_29_Montana.ndpi.ndpa,34,spo,7062338,-2791552,23767,1774592350.1535432
D3516-B_2_L_2024_02_20_14_24_29_Montana.ndpi.ndpa,35,paly,6562475,-2829483,10715,360690101.0096448
D3516-B_2_L_2024_02_20_14_24_29_Montana.ndpi.ndpa,36,pol,6498269,-2789221,16805,887210976.6548027
D3516-B_2_L_2024_02_20_14_24_29_Montana.ndpi.ndpa,37,spo,6177246,-2832662,21254,1419159553.6532338
D3516-B_2_L_2024_02_20_14_24_29_Montana.ndpi.ndpa,38,pol,6328755,-2688566,14287,641256768.5131305
D3516-B_2_L_2024_02_20_14_24_29_Montana.ndpi.ndpa,39,paly,6343164,-2792824,16020,806259595.2543459
D3516-B_2_L_2024_02_20_14_24_29_Montana.ndpi.ndpa,40,din,5798793,-2825033,29093,2659052344.07734
D3516-B_2_L_2024_02_20_14_24_29_Montana.ndpi.ndpa,41,pol,6140590,-2613130,13011,531828034.0883128
D3516-B_2_L_2024_02_20_14_24_29_Montana.ndpi.ndpa,42,pol,7412178,-2620334,16873,894405550.5571592
D3516-B_2_L_2024_02_20_14_24_29_Montana.ndpi.ndpa,43,paly,7447989,-2634532,10990,379441874.8598406
D3516-B_2_L_2024_02_20_14_24_29_Montana.ndpi.ndpa,44,pol,9083700,347739,17628,976238557.1039928
D3516-B_2_L_2024_02_20_14_24_29_Montana.ndpi.ndpa,45,bipol,9213782,428954,21099,1398535893.2363229
D3516-B_2_L_2024_02_20_14_24_29_Montana.ndpi.ndpa,46,pol,9231008,300451,37028,4307352185.751306
D3516-B_2_L_2024_02_20_14_24_29_Montana.ndpi.ndpa,47,paly,8968848,222930,24901,1947975315.607949
D3516-B_2_L_2024_02_20_14_24_29_Montana.ndpi.ndpa,48,spo,8508142,46380,18295,1051513130.8448952
D3516-B_2_L_2024_02_20_14_24_29_Montana.ndpi.ndpa,50,spo,7892472,-312636,29668,2765199141.4799542
D3516-B_2_L_2024_02_20_14_24_29_Montana.ndpi.ndpa,51,bipol,7986786,-299102,35150,3881508409.3448954
D3516-B_2_L_2024_02_20_14_24_29_Montana.ndpi.ndpa,52,pol,7965751,-156101,14254,638297850.047569
D3516-B_2_L_2024_02_20_14_24_29_Montana.ndpi.ndpa,53,pol,7986963,-153956,17062,914554830.4833779
D3516-B_2_L_2024_02_20_14_24_29_Montana.ndpi.ndpa,54,din,8029814,-146091,31229,3063839620.855806
D3516-B_2_L_2024_02_20_14_24_29_Montana.ndpi.ndpa,55,pol,8327265,-275986,16117,816052847.4758623
D3516-B_2_L_2024_02_20_14_24_29_Montana.ndpi.ndpa,56,pol,8283889,-182557,10840,369154729.7156608
D3516-B_2_L_2024_02_20_14_24_29_Montana.ndpi.ndpa,57,pol,8454596,-303395,21260,1419960923.673682
D3516-B_2_L_2024_02_20_14_24_29_Montana.ndpi.ndpa,58,paly,8864153,-132267,16307,835406817.5138613
D3516-B_2_L_2024_02_20_14_24_29_Montana.ndpi.ndpa,59,paly,9051484,-142516,17800,995382216.3633901
D3516-B_2_L_2024_02_20_14_24_29_Montana.ndpi.ndpa,60,paly,9549806,-299581,13365,561161411.4205167
D3516-B_2_L_2024_02_20_14_24_29_Montana.ndpi.ndpa,61,pol,9564106,-140132,13010,531746286.7058737
D3516-B_2_L_2024_02_20_14_24_29_Montana.ndpi.ndpa,62,paly,8897736,57136,20314,1296405213.6342783
D3516-B_2_L_2024_02_20_14_24_29_Montana.ndpi.ndpa,63,paly,8039582,-100643,12584,497493363.77370745
D3516-B_2_L_2024_02_20_14_24_29_Montana.ndpi.ndpa,64,pol,7996996,89087,13819,599933490.2521306
D3516-B_2_L_2024_02_20_14_24_29_Montana.ndpi.ndpa,65,paly,8242435,183531,33929,3616529334.986836
D3516-B_2_L_2024_02_20_14_24_29_Montana.ndpi.ndpa,66,pol,8541467,300794,15552,759840377.2490698
D3516-B_2_L_2024_02_20_14_24_29_Montana.ndpi.ndpa,67,din,8499996,299364,27158,2317103539.7063913
D3516-B_2_L_2024_02_20_14_24_29_Montana.ndpi.ndpa,68,paly,8668622,257892,24427,1874520254.9426336
D3516-B_2_L_2024_02_20_14_24_29_Montana.ndpi.ndpa,69,paly,9142730,137531,13108,539787394.1646667
D3516-B_2_L_2024_02_20_14_24_29_Montana.ndpi.ndpa,70,paly,9465222,196639,16845,891439560.3665345
D3516-B_2_L_2024_02_20_14_24_29_Montana.ndpi.ndpa,71,paly,9473325,392025,18784,1108475329.592096
D3516-B_2_L_2024_02_20_14_24_29_Montana.ndpi.ndpa,72,spo,9464068,557913,18550,1081029886.0818818
D3516-B_2_L_2024_02_20_14_24_29_Montana.ndpi.ndpa,73,bipol,8139504,491688,37957,4526198875.796546
D3516-B_2_L_2024_02_20_14_24_29_Montana.ndpi.ndpa,74,pol,8145224,443781,12687,505670656.13244087
D3516-B_2_L_2024_02_20_14_24_29_Montana.ndpi.ndpa,75,paly,8291561,332239,15455,750391474.9983135
D3516-B_2_L_2024_02_20_14_24_29_Montana.ndpi.ndpa,76,paly,8098309,325088,16739,880255792.1126496
D3516-B_2_L_2024_02_20_14_24_29_Montana.ndpi.ndpa,77,paly,8084724,477387,15270,732534269.6562275
D3516-B_2_L_2024_02_20_14_24_29_Montana.ndpi.ndpa,78,bipol,7870680,437585,24567,1896068941.6084306
D3516-B_2_L_2024_02_20_14_24_29_Montana.ndpi.ndpa,79,din,9262108,661564,36713,4234377967.8327703
D3516-B_2_L_2024_02_20_14_24_29_Montana.ndpi.ndpa,80,spo,9393430,750226,16430,848056914.7140313
D3516-B_2_L_2024_02_20_14_24_29_Montana.ndpi.ndpa,81,paly,9206223,863362,15410,746028038.4219264
D3516-B_2_L_2024_02_20_14_24_29_Montana.ndpi.ndpa,82,spo,8979269,954169,17087,917236886.6715639
D3516-B_2_L_2024_02_20_14_24_29_Montana.ndpi.ndpa,83,paly,8811335,991658,15366,741773869.5796237
D3516-B_2_L_2024_02_20_14_24_29_Montana.ndpi.ndpa,84,paly,8339903,917664,18164,1036508479.0658981
D3516-B_2_L_2024_02_20_14_24_29_Montana.ndpi.ndpa,85,paly,7931948,902887,22940,1653243027.7586455
D3516-B_2_L_2024_02_20_14_24_29_Montana.ndpi.ndpa,86,paly,8502435,1053411,21437,1443703098.6045492
D3516-B_2_L_2024_02_20_14_24_29_Montana.ndpi.ndpa,87,paly,9332174,1116333,20975,1382145651.442238
D3516-B_2_L_2024_02_20_14_24_29_Montana.ndpi.ndpa,88,spo,9529128,1083680,22012,1522190057.6478975
D3516-B_2_L_2024_02_20_14_24_29_Montana.ndpi.ndpa,89,pol,9518164,1010033,17385,949509387.294019
D3516-B_2_L_2024_02_20_14_24_29_Montana.ndpi.ndpa,90,pol,9625414,1180300,12808,515362139.60153675
D4220_A_L_2024_02_06_11_51_42_Maryland.ndpi.ndpa,2,pol,10260773,-3584985,19548,1200478906.2045128
D4220_A_L_2024_02_06_11_51_42_Maryland.ndpi.ndpa,4,pol,10567444,-3566561,13526,574762782.8761936
D4220_A_L_2024_02_06_11_51_42_Maryland.ndpi.ndpa,5,paly,10560578,-3535894,9293,271307467.18352383
D4220_A_L_2024_02_06_11_51_42_Maryland.ndpi.ndpa,6,pol,10867249,-3636708,30105,2847260058.0074353
D4220_A_L_2024_02_06_11_51_42_Maryland.ndpi.ndpa,7,pol,11262542,-3578490,22626,1608293987.1506553
D4220_A_L_2024_02_06_11_51_42_Maryland.ndpi.ndpa,8,pol,11583632,-3528826,11296,400866016.22647864
D4220_A_L_2024_02_06_11_51_42_Maryland.ndpi.ndpa,9,paly,11201552,-3482023,15781,782382111.9278886
D4220_A_L_2024_02_06_11_51_42_Maryland.ndpi.ndpa,10,paly,11106804,-3438768,11724,431818746.3415313
D4220_A_L_2024_02_06_11_51_42_Maryland.ndpi.ndpa,11,paly,11089091,-3428126,25158,1988392417.1759844
D4220_A_L_2024_02_06_11_51_42_Maryland.ndpi.ndpa,12,bipol,10950745,-3427439,58063,10591288914.769741
D4220_A_L_2024_02_06_11_51_42_Maryland.ndpi.ndpa,13,din,9855554,-3513797,52694,8723127230.791601
D4220_A_L_2024_02_06_11_51_42_Maryland.ndpi.ndpa,14,pol,10049512,-3362403,22291,1561021829.8815222
D4220_A_L_2024_02_06_11_51_42_Maryland.ndpi.ndpa,15,din,10034636,-3344552,19241,1163068120.3104038
D4220_A_L_2024_02_06_11_51_42_Maryland.ndpi.ndpa,16,fun,10602778,-3434335,9268,269849689.65244186
D4220_A_L_2024_02_06_11_51_42_Maryland.ndpi.ndpa,17,bipol,10833012,-3346909,38847,4740944200.924562
D4220_A_L_2024_02_06_11_51_42_Maryland.ndpi.ndpa,18,din,10634270,-3274129,19098,1145844410.8437288
D4220_A_L_2024_02_06_11_51_42_Maryland.ndpi.ndpa,19,spo,10438480,-3331231,12456,487424182.3278338
D4220_A_L_2024_02_06_11_51_42_Maryland.ndpi.ndpa,20,paly,10399689,-3146766,18045,1022971761.587032
D4220_A_L_2024_02_06_11_51_42_Maryland.ndpi.ndpa,21,paly,11356664,-3205699,21320,1427987064.5850732
D4220_A_L_2024_02_06_11_51_42_Maryland.ndpi.ndpa,22,pol,11550164,-3212107,17508,962992597.1668091
D4220_A_L_2024_02_06_11_51_42_Maryland.ndpi.ndpa,23,pol,11424748,-3110148,10923,374829479.632027
D4220_A_L_2024_02_06_11_51_42_Maryland.ndpi.ndpa,24,pol,11372798,-3078336,13710,590506635.6986172
D4220_A_L_2024_02_06_11_51_42_Maryland.ndpi.ndpa,25,paly,11265806,-3047897,21328,1429058925.7329955
D4220_A_L_2024_02_06_11_51_42_Maryland.ndpi.ndpa,26,pol,11216601,-3104197,17416,952898634.8380839
D4220_A_L_2024_02_06_11_51_42_Maryland.ndpi.ndpa,27,pol,11159272,-3024896,19192,1157151819.6180885
D4220_A_L_2024_02_06_11_51_42_Maryland.ndpi.ndpa,28,pol,10586208,-3109461,15687,773089305.9913112
D4220_A_L_2024_02_06_11_51_42_Maryland.ndpi.ndpa,29,din,10173805,-3061628,53505,8993704403.346872
D4220_A_L_2024_02_06_11_51_42_Maryland.ndpi.ndpa,30,paly,10032712,-3080739,33684,3564488271.4854803
D4220_A_L_2024_02_06_11_51_42_Maryland.ndpi.ndpa,32,pol,10730046,-2918130,15221,727840544.8777977
D4220_A_L_2024_02_06_11_51_42_Maryland.ndpi.ndpa,33,din,11594104,-2968478,35771,4019870247.6403303
D4220_A_L_2024_02_06_11_51_42_Maryland.ndpi.ndpa,34,din,11510913,-2839055,40317,5106534730.942873
D4220_A_L_2024_02_06_11_51_42_Maryland.ndpi.ndpa,35,pol,10443734,-2864991,13884,605590540.4354866
D4220_A_L_2024_02_06_11_51_42_Maryland.ndpi.ndpa,36,paly,10191874,-2909391,35970,4064721066.3540063
D4220_A_L_2024_02_06_11_51_42_Maryland.ndpi.ndpa,38,din,9828880,-2822753,65888,13638371701.384714
D4220_A_L_2024_02_06_11_51_42_Maryland.ndpi.ndpa,39,pol,10160326,-2764198,16681,874166254.5766373
D4220_A_L_2024_02_06_11_51_42_Maryland.ndpi.ndpa,40,pol,10156092,-2743486,14035,618834769.355118
D4220_A_L_2024_02_06_11_51_42_Maryland.ndpi.ndpa,41,paly,11033310,-2805622,10301,333356284.5695978
D4220_A_L_2024_02_06_11_51_42_Maryland.ndpi.ndpa,42,pol,11502741,-2641396,11005,380478364.81607616
D4220_A_L_2024_02_06_11_51_42_Maryland.ndpi.ndpa,43,pol,11201334,-2737404,13840,601758249.7874491
D4220_A_L_2024_02_06_11_51_42_Maryland.ndpi.ndpa,44,pol,11157622,-2714976,13089,538223688.4124908
D4220_A_L_2024_02_06_11_51_42_Maryland.ndpi.ndpa,45,pol,11221359,-2695637,18231,1044169142.7959338
D4220_A_L_2024_02_06_11_51_42_Maryland.ndpi.ndpa,46,paly,11209572,-2675382,11545,418733538.5588391
D4220_A_L_2024_02_06_11_51_42_Maryland.ndpi.ndpa,47,din,11024883,-2668288,40601,5178730766.936336
D4220_A_L_2024_02_06_11_51_42_Maryland.ndpi.ndpa,48,pol,10300326,-2710637,10518,347549129.9573514
D4220_A_L_2024_02_06_11_51_42_Maryland.ndpi.ndpa,49,paly,10305362,-2556383,5479,94308855.31047224
D4220_A_L_2024_02_06_11_51_42_Maryland.ndpi.ndpa,50,paly,10442554,-2456441,20608,1334201928.4779177
D4220_A_L_2024_02_06_11_51_42_Maryland.ndpi.ndpa,51,pol,9928980,-2426213,11400,408281381.2605295
D4220_A_L_2024_02_06_11_51_42_Maryland.ndpi.ndpa,52,pol,9915478,-2496017,28613,2572033746.156675
D4220_A_L_2024_02_06_11_51_42_Maryland.ndpi.ndpa,53,pol,10095132,-2406531,10991,379510930.2079591
D4220_A_L_2024_02_06_11_51_42_Maryland.ndpi.ndpa,54,din,11378918,-2339703,45701,6561471985.805878
D4220_A_L_2024_02_06_11_51_42_Maryland.ndpi.ndpa,55,paly,11487626,-2323225,15440,748935582.4228237
D4220_A_L_2024_02_06_11_51_42_Maryland.ndpi.ndpa,56,pol,10484650,-2214513,20621,1335885749.8836107
D4220_A_L_2024_02_06_11_51_42_Maryland.ndpi.ndpa,57,pol,10311886,-2207533,21062,1393635143.785207
D4220_A_L_2024_02_06_11_51_42_Maryland.ndpi.ndpa,59,paly,10204550,-2238178,14800,688134454.8423083
D4220_A_L_2024_02_06_11_51_42_Maryland.ndpi.ndpa,60,din,9947084,-2223989,48541,7402310714.407168
D4220_A_L_2024_02_06_11_51_42_Maryland.ndpi.ndpa,62,paly,10153514,-2209914,22581,1601902998.0915678
D4220_A_L_2024_02_06_11_51_42_Maryland.ndpi.ndpa,63,pol,10852386,-2185508,18467,1071377622.2554734
D4220_A_L_2024_02_06_11_51_42_Maryland.ndpi.ndpa,64,din,10700927,-2166168,30603,2942238521.800872
D4220_A_L_2024_02_06_11_51_42_Maryland.ndpi.ndpa,65,pol,9968578,-2140649,22052,1527727303.1954086
D4220_A_L_2024_02_06_11_51_42_Maryland.ndpi.ndpa,67,paly,11219126,-2982828,19690,1217983219.5854137
D4220_A_L_2024_02_06_11_51_42_Maryland.ndpi.ndpa,68,pol,10095106,-2254637,29570,2746961178.249846
D5542_1_L_2024_02_06_10_55_26_Colorado.ndpi.ndpa,2,pol,9418831,-3282812,11200,394081382.46630365
D5542_1_L_2024_02_06_10_55_26_Colorado.ndpi.ndpa,3,pol,10538724,-3206394,13743,593352758.4215442
D5542_1_L_2024_02_06_10_55_26_Colorado.ndpi.ndpa,4,pol,10591146,-3210306,8576,231057152.7694677
D5542_1_L_2024_02_06_10_55_26_Colorado.ndpi.ndpa,5,pol,10627384,-3205350,12541,494099265.6105854
D5542_1_L_2024_02_06_10_55_26_Colorado.ndpi.ndpa,6,pol,10786868,-3294157,11004,380409221.5033633
D5542_1_L_2024_02_06_10_55_26_Colorado.ndpi.ndpa,7,pol,10721798,-3128144,12926,524901937.55253935
D5542_1_L_2024_02_06_10_55_26_Colorado.ndpi.ndpa,8,paly,10649828,-3059550,7667,184671892.23918426
D5542_1_L_2024_02_06_10_55_26_Colorado.ndpi.ndpa,9,spo,10276068,-3103969,11870,442640665.95357573
D5542_1_L_2024_02_06_10_55_26_Colorado.ndpi.ndpa,10,spo,9506365,-3124385,12939,525958282.37434566
D5542_1_L_2024_02_06_10_55_26_Colorado.ndpi.ndpa,11,pol,9152573,-3114426,10870,371200849.01094383
D5542_1_L_2024_02_06_10_55_26_Colorado.ndpi.ndpa,12,ulmipollenites,9872360,-2935779,11328,403140428.7767127
D5542_1_L_2024_02_06_10_55_26_Colorado.ndpi.ndpa,13,pol,9712142,-2923081,6191,120412474.33285597
D5542_1_L_2024_02_06_10_55_26_Colorado.ndpi.ndpa,14,pol,9208095,-2910756,15261,731671025.9684668
D5542_1_L_2024_02_06_10_55_26_Colorado.ndpi.ndpa,15,pol,9195398,-2890588,15515,756229182.4672141
D5542_1_L_2024_02_06_10_55_26_Colorado.ndpi.ndpa,16,pol,9722102,-2828342,16814,888161531.485592
D5542_1_L_2024_02_06_10_55_26_Colorado.ndpi.ndpa,17,pol,9757457,-2827844,12259,472128223.2284398
D5542_1_L_2024_02_06_10_55_26_Colorado.ndpi.ndpa,18,pol,9885054,-2829587,11185,393026514.19304454
D5542_1_L_2024_02_06_10_55_26_Colorado.ndpi.ndpa,19,pol,9987135,-2811411,8296,216215766.41908494
D5542_1_L_2024_02_06_10_55_26_Colorado.ndpi.ndpa,20,pol,10147722,-2861831,11983,451108480.2345425
D5542_1_L_2024_02_06_10_55_26_Colorado.ndpi.ndpa,21,pol,10213701,-2886107,11213,394996745.17618746
D5542_1_L_2024_02_06_10_55_26_Colorado.ndpi.ndpa,22,pol,10242582,-2919595,10448,342938465.7470899
D5542_1_L_2024_02_06_10_55_26_Colorado.ndpi.ndpa,23,pol,10269348,-2912375,10600,352989350.55734915
D5542_1_L_2024_02_06_10_55_26_Colorado.ndpi.ndpa,24,paly,10799910,-2846020,19096,1145604430.8641064
D5542_1_L_2024_02_06_10_55_26_Colorado.ndpi.ndpa,25,paly,10972448,-2890464,11166,391692377.18243724
D5542_1_L_2024_02_06_10_55_26_Colorado.ndpi.ndpa,26,paly,10982905,-2710199,17957,1013018643.1401525
D5542_1_L_2024_02_06_10_55_26_Colorado.ndpi.ndpa,27,pol,10667828,-2753646,11860,441895166.01687884
D5542_1_L_2024_02_06_10_55_26_Colorado.ndpi.ndpa,28,pol,10517822,-2751406,10913,374143481.4601891
D5542_1_L_2024_02_06_10_55_26_Colorado.ndpi.ndpa,29,pol,10464292,-2789749,12370,480716768.915084
D5542_1_L_2024_02_06_10_55_26_Colorado.ndpi.ndpa,30,pol,9333204,-2746550,13086,537976994.8493677
D5542_1_L_2024_02_06_10_55_26_Colorado.ndpi.ndpa,31,pol,9247806,-2700737,8327,217834669.95418426
D5542_1_L_2024_02_06_10_55_26_Colorado.ndpi.ndpa,32,alg,11000209,-2675341,18579,1084412567.6973007
D5542_1_L_2024_02_06_10_55_26_Colorado.ndpi.ndpa,33,pol,10959626,-2593425,8726,239210528.18332928
D5542_1_L_2024_02_06_10_55_26_Colorado.ndpi.ndpa,34,spo,10943442,-2665132,17965,1013921461.4705704
D5542_1_L_2024_02_06_10_55_26_Colorado.ndpi.ndpa,35,paly,10784348,-2663016,13199,547308169.0570234
D5542_1_L_2024_02_06_10_55_26_Colorado.ndpi.ndpa,36,pol,10587658,-2576369,14990,705916183.4208919
D5542_1_L_2024_02_06_10_55_26_Colorado.ndpi.ndpa,37,pol,10340554,-2687168,13341,559147826.4587542
D5542_1_L_2024_02_06_10_55_26_Colorado.ndpi.ndpa,38,pol,9358973,-2662393,13236,550380945.1235363
D5542_1_L_2024_02_06_10_55_26_Colorado.ndpi.ndpa,39,pol,10568364,-2497195,6981,153103510.4949929
D5542_1_L_2024_02_06_10_55_26_Colorado.ndpi.ndpa,40,pol,10395700,-2519355,11708,430640925.5565886
D5542_1_L_2024_02_06_10_55_26_Colorado.ndpi.ndpa,41,pol,10301588,-2473666,14587,668469872.3970561
D5542_1_L_2024_02_06_10_55_26_Colorado.ndpi.ndpa,42,pol,10147970,-2446402,9196,265673231.24601835
D5542_1_L_2024_02_06_10_55_26_Colorado.ndpi.ndpa,43,pol,9647906,-2543008,9297,271541076.0132448
D5542_1_L_2024_02_06_10_55_26_Colorado.ndpi.ndpa,44,pol,9667824,-2482505,10012,314913699.985183
D5542_1_L_2024_02_06_10_55_26_Colorado.ndpi.ndpa,45,pol,9448850,-2486240,7242,164765740.1684269
D5542_1_L_2024_02_06_10_55_26_Colorado.ndpi.ndpa,46,pol,9218676,-2392123,9759,299199255.61158967
D5542_1_L_2024_02_06_10_55_26_Colorado.ndpi.ndpa,47,fraxinoipollenites ,9306316,-2428724,11005,380478364.81607616
D5542_1_L_2024_02_06_10_55_26_Colorado.ndpi.ndpa,48,pol,9743886,-2373076,9062,257987098.62433985
D5542_1_L_2024_02_06_10_55_26_Colorado.ndpi.ndpa,49,paly,9877710,-2448643,15235,729180069.719806
D5542_1_L_2024_02_06_10_55_26_Colorado.ndpi.ndpa,50,paly,10325736,-2421130,6892,149224595.47038355
D5542_1_L_2024_02_06_10_55_26_Colorado.ndpi.ndpa,51,pol,10969211,-2354028,6522,133632305.64393978
D5542_1_L_2024_02_06_10_55_26_Colorado.ndpi.ndpa,52,pol,10553421,-2339463,13951,611449437.9468355
D5542_1_L_2024_02_06_10_55_26_Colorado.ndpi.ndpa,53,pol,10190294,-2267381,15990,803242723.8291037
D5542_1_L_2024_02_06_10_55_26_Colorado.ndpi.ndpa,54,pol,10125561,-2307343,10299,333226850.95226985
D5542_1_L_2024_02_06_10_55_26_Colorado.ndpi.ndpa,55,pol,10093318,-2313443,10870,371200849.01094383
D5542_1_L_2024_02_06_10_55_26_Colorado.ndpi.ndpa,56,pol,9168964,-2200973,12227,469666622.0215342
D5542_1_L_2024_02_06_10_55_26_Colorado.ndpi.ndpa,57,paly,10019654,-2190868,22872,1643456288.0587003
D5542_1_L_2024_02_06_10_55_26_Colorado.ndpi.ndpa,58,pol,9970228,-2165745,19278,1167545527.585078
D5542_1_L_2024_02_06_10_55_26_Colorado.ndpi.ndpa,59,pol,10137622,-2146903,15226,728318805.235417
D5542_1_L_2024_02_06_10_55_26_Colorado.ndpi.ndpa,60,pol,10318465,-2181311,14768,685161955.2717053
D5542_1_L_2024_02_06_10_55_26_Colorado.ndpi.ndpa,61,paly,10527650,-2266785,18255,1046920122.3853469
D5542_1_L_2024_02_06_10_55_26_Colorado.ndpi.ndpa,62,pol,10704689,-2151819,18154,1035367515.4459673
D5542_1_L_2024_02_06_10_55_26_Colorado.ndpi.ndpa,63,pol,10640790,-2178580,8118,207037000.29583287
D5542_1_L_2024_02_06_10_55_26_Colorado.ndpi.ndpa,64,pol,11006996,-2420631,13654,585692509.3817387
D5542_1_L_2024_02_06_10_55_26_Colorado.ndpi.ndpa,65,paly,10684152,-2132597,11058,384151951.6280322
D5542_1_L_2024_02_06_10_55_26_Colorado.ndpi.ndpa,66,pol,10598680,-1944171,17567,969493887.5439641
D5542_1_L_2024_02_06_10_55_26_Colorado.ndpi.ndpa,67,paly,10680876,-1960283,34460,3730614886.759589
D5542_1_L_2024_02_06_10_55_26_Colorado.ndpi.ndpa,68,pol,10179014,-2059957,16027,806964345.5927331
D5542_1_L_2024_02_06_10_55_26_Colorado.ndpi.ndpa,69,pol,10069238,-1969567,13905,607423876.5187492
D5542_1_L_2024_02_06_10_55_26_Colorado.ndpi.ndpa,70,pol,10061046,-1957006,11020,381516268.4890059
D5542_1_L_2024_02_06_10_55_26_Colorado.ndpi.ndpa,71,pol,10066506,-1960009,10505,346690535.826718
D5542_1_L_2024_02_06_10_55_26_Colorado.ndpi.ndpa,72,paly,9475426,-2061049,15757,780004202.7492746
D5542_1_L_2024_02_06_10_55_26_Colorado.ndpi.ndpa,73,paly,9473787,-2089177,16887,895890392.9089519
D5542_1_L_2024_02_06_10_55_26_Colorado.ndpi.ndpa,74,pol,9578054,-1884689,19165,1153898263.7439172
D5542_1_L_2024_02_06_10_55_26_Colorado.ndpi.ndpa,75,pol,9394133,-1949956,8086,205407996.54035226
D5542_1_L_2024_02_06_10_55_26_Colorado.ndpi.ndpa,76,pol,10356441,-1785014,17357,946453321.3588305
D5825_R_2024_02_06_14_02_54_Utah.ndpi.ndpa,3,bipol,24527530,-5370293,32980,3417048754.0936074
D5825_R_2024_02_06_14_02_54_Utah.ndpi.ndpa,4,bipol,24066032,-5480016,34028,3637665162.970876
D5825_R_2024_02_06_14_02_54_Utah.ndpi.ndpa,5,bipol,23665850,-5221890,28148,2489114973.7728343
D5825_R_2024_02_06_14_02_54_Utah.ndpi.ndpa,6,paly,23632596,-5224604,18749,1104348360.6947446
D5825_R_2024_02_06_14_02_54_Utah.ndpi.ndpa,7,paly,24274164,-5309894,46060,6664962956.177371
D5825_R_2024_02_06_14_02_54_Utah.ndpi.ndpa,8,paly,24946948,-5314871,47407,7060489625.202366
D5825_R_2024_02_06_14_02_54_Utah.ndpi.ndpa,9,bipol,24912334,-5220532,31685,3153968093.91063
D5825_R_2024_02_06_14_02_54_Utah.ndpi.ndpa,10,pol,24958032,-5157643,27258,2334198830.290166
D5825_R_2024_02_06_14_02_54_Utah.ndpi.ndpa,11,bipol,23848188,-5009238,37662,4456117467.809363
D5825_R_2024_02_06_14_02_54_Utah.ndpi.ndpa,13,bipol,24718012,-4983222,26426,2193879317.957424
D5825_R_2024_02_06_14_02_54_Utah.ndpi.ndpa,14,bipol,24667336,-4980733,21396,1438185981.2411695
D5825_R_2024_02_06_14_02_54_Utah.ndpi.ndpa,15,paly,24720726,-4928474,23835,1784761484.5112836
D5825_R_2024_02_06_14_02_54_Utah.ndpi.ndpa,16,paly,24609422,-5009918,21246,1418091412.1510131
D5825_R_2024_02_06_14_02_54_Utah.ndpi.ndpa,17,paly,23836650,-4614244,31563,3129726760.7478123
D5825_R_2024_02_06_14_02_54_Utah.ndpi.ndpa,18,bipol,23454332,-4581666,39643,4937224752.399252
D5825_R_2024_02_06_14_02_54_Utah.ndpi.ndpa,19,bipol,24747456,-4348318,33086,3439049314.8803263
D5825_R_2024_02_06_14_02_54_Utah.ndpi.ndpa,20,bipol,24331360,-4190433,27432,2364094414.4772854
D5825_R_2024_02_06_14_02_54_Utah.ndpi.ndpa,21,paly,12206860,2882921,23010,1663347960.5289173
D5825_R_2024_02_06_14_02_54_Utah.ndpi.ndpa,22,paly,12967322,3160205,32273,3272114923.8783484
D5825_R_2024_02_06_14_02_54_Utah.ndpi.ndpa,23,alg,12574844,3162831,35340,3923584073.9136887
D5825_R_2024_02_06_14_02_54_Utah.ndpi.ndpa,24,bipol,12055764,3228237,31958,3208551817.99254
D5825_R_2024_02_06_14_02_54_Utah.ndpi.ndpa,25,bipol,12186973,3265376,33456,3516397022.47174
D5825_R_2024_02_06_14_02_54_Utah.ndpi.ndpa,26,bipol,12851794,3415522,33063,3434269610.994153
D5825_R_2024_02_06_14_02_54_Utah.ndpi.ndpa,27,bipol,12569968,3489938,30509,2924191554.837731
D5825_R_2024_02_06_14_02_54_Utah.ndpi.ndpa,28,bipol,12567104,3557969,29639,2759795906.8502674
D5825_R_2024_02_06_14_02_54_Utah.ndpi.ndpa,29,bipol,12144692,3482039,51753,8414356968.647589
D5825_R_2024_02_06_14_02_54_Utah.ndpi.ndpa,30,bipol,13584090,3715467,53165,8879765749.305008
D5825_R_2024_02_06_14_02_54_Utah.ndpi.ndpa,31,bipol,13180998,3815500,31517,3120610864.176744
D5825_R_2024_02_06_14_02_54_Utah.ndpi.ndpa,32,bipol,12677670,4013488,37579,4436498212.2629175
D5825_R_2024_02_06_14_02_54_Utah.ndpi.ndpa,33,bipol,12935067,4132990,36339,4148545107.510535
D5825_R_2024_02_06_14_02_54_Utah.ndpi.ndpa,34,bipol,11929223,4420058,31064,3031549247.7127447
D5825_R_2024_02_06_14_02_54_Utah.ndpi.ndpa,35,bipol,12989129,4339376,49182,7599101469.953578
D5825_R_2024_02_06_14_02_54_Utah.ndpi.ndpa,36,bipol,24920262,-5197336,35720,4008415872.020043
D5825_R_2024_02_06_14_02_54_Utah.ndpi.ndpa,37,paly,23246040,-5043878,54594,9363532096.76645
D5825_R_2024_02_06_14_02_54_Utah.ndpi.ndpa,38,paly,24656630,-4780937,22508,1591562455.297055
D5825_R_2024_02_06_14_02_54_Utah.ndpi.ndpa,39,bipol,23662304,-4559645,33310,3485773292.505742
D5825_R_2024_02_06_14_02_54_Utah.ndpi.ndpa,40,paly,24113448,-4594382,33538,3533655386.8469768
D5825_R_2024_02_06_14_02_54_Utah.ndpi.ndpa,41,bipol,23574772,-4485624,40364,5118447672.276434
D5825_R_2024_02_06_14_02_54_Utah.ndpi.ndpa,42,alg,23891578,-4216120,28826,2610469583.468168
D5825_R_2024_02_06_14_02_54_Utah.ndpi.ndpa,44,bipol,14138449,-3990997,43570,5963826391.819651
D5825_R_2024_02_06_14_02_54_Utah.ndpi.ndpa,45,bipol,14126655,-3932623,37101,4324352653.644016
D5825_R_2024_02_06_14_02_54_Utah.ndpi.ndpa,46,paly,14089472,-3963010,17575,970377102.3362238
D5825_R_2024_02_06_14_02_54_Utah.ndpi.ndpa,47,bipol,14324947,-3915870,28219,2501687806.643282
D5825_R_2024_02_06_14_02_54_Utah.ndpi.ndpa,48,paly,14418904,-4038217,22204,1548860520.5159535
D5825_R_2024_02_06_14_02_54_Utah.ndpi.ndpa,49,bipol,15120588,-3855820,25475,2038817055.8588445
D5825_R_2024_02_06_14_02_54_Utah.ndpi.ndpa,50,alg,14734143,-3826764,46455,6779767511.694381
D5825_R_2024_02_06_14_02_54_Utah.ndpi.ndpa,51,pol,14474957,-3738385,33924,3615463502.555216
D5825_R_2024_02_06_14_02_54_Utah.ndpi.ndpa,52,bipol,15016649,-3670083,31096,3037798252.491853
D5825_R_2024_02_06_14_02_54_Utah.ndpi.ndpa,53,paly,15032286,-3619852,31276,3073068787.5499997
D5825_R_2024_02_06_14_02_54_Utah.ndpi.ndpa,54,bipol,15705281,-3631226,31469,3111112799.1425514
D5825_R_2024_02_06_14_02_54_Utah.ndpi.ndpa,55,bipol,15673294,-3645205,23864,1789107158.5228074
D5825_R_2024_02_06_14_02_54_Utah.ndpi.ndpa,56,paly,15688843,-3603524,8138,208058394.899368
D5825_R_2024_02_06_14_02_54_Utah.ndpi.ndpa,57,bipol,15147879,-3372111,31938,3204537113.908664
D5825_R_2024_02_06_14_02_54_Utah.ndpi.ndpa,58,bipol,14239716,-3485149,37026,4306886890.746568
D5825_R_2024_02_06_14_02_54_Utah.ndpi.ndpa,59,bipol,14311496,-3511143,44420,6198790818.770612
D5825_R_2024_02_06_14_02_54_Utah.ndpi.ndpa,60,paly,15157615,-3310372,25345,2018061809.8336382
D5825_R_2024_02_06_14_02_54_Utah.ndpi.ndpa,61,paly,15280666,-3260769,15644,768856848.6958375
D5825_R_2024_02_06_14_02_54_Utah.ndpi.ndpa,62,paly,15137156,-3332789,26628,2227547477.3994217
D5825_R_2024_02_06_14_02_54_Utah.ndpi.ndpa,63,bipol,14370440,-3298449,34860,3817724967.858327
D5825_R_2024_02_06_14_02_54_Utah.ndpi.ndpa,64,bipol,14772805,-3064306,23613,1751669656.5247724
D5825_R_2024_02_06_14_02_54_Utah.ndpi.ndpa,65,bipol,14256933,-2868856,32427,3303417124.760186
D5825_R_2024_02_06_14_02_54_Utah.ndpi.ndpa,66,bipol,14433163,-2859317,32450,3308104918.211686
D5825_R_2024_02_06_14_02_54_Utah.ndpi.ndpa,67,alg,14557832,-2777042,27314,2343799637.970501
D5825_R_2024_02_06_14_02_54_Utah.ndpi.ndpa,68,bipol,14553778,-2810667,25231,1999948442.168171
D5825_R_2024_02_06_14_02_54_Utah.ndpi.ndpa,69,bipol,14891609,-2954230,34674,3777093732.1934304
D5825_R_2024_02_06_14_02_54_Utah.ndpi.ndpa,70,bipol,14767201,-2608036,33968,3624848218.926467
D5825_R_2024_02_06_14_02_54_Utah.ndpi.ndpa,71,bipol,14699952,-2662885,34231,3681196883.4779778
D5825_R_2024_02_06_14_02_54_Utah.ndpi.ndpa,72,alg,14181841,-2625445,22859,1641588601.8013632
D5825_R_2024_02_06_14_02_54_Utah.ndpi.ndpa,73,paly,13894112,-2619483,29334,2703288818.064421
D5825_R_2024_02_06_14_02_54_Utah.ndpi.ndpa,74,bipol,14907281,-2522616,28282,2512870503.614072
D3268_A-2_L_2024_02_01_12_52_49_Alabama.ndpi.ndpa,3,pol,4791615,-3099109,12868,520201951.579951
D3268_A-2_L_2024_02_01_12_52_49_Alabama.ndpi.ndpa,4,paly,4772380,-3343599,8460,224848812.76566723
D3268_A-2_L_2024_02_01_12_52_49_Alabama.ndpi.ndpa,5,pol,5011417,-3277590,19569,1203059589.4809527
D3268_A-2_L_2024_02_01_12_52_49_Alabama.ndpi.ndpa,6,pol,5161351,-3205172,9938,310275766.7506884
D3268_A-2_L_2024_02_01_12_52_49_Alabama.ndpi.ndpa,7,pol,5622100,-3316683,13602,581239892.4146941
D3268_A-2_L_2024_02_01_12_52_49_Alabama.ndpi.ndpa,8,paly,5528215,-3103932,10894,372841815.9512493
D3268_A-2_L_2024_02_01_12_52_49_Alabama.ndpi.ndpa,9,pol,4626916,-2891175,17254,935253754.0354906
D3268_A-2_L_2024_02_01_12_52_49_Alabama.ndpi.ndpa,10,pol,4601602,-2847277,16072,811502234.8091742
D3268_A-2_L_2024_02_01_12_52_49_Alabama.ndpi.ndpa,11,pol,4522777,-2908800,12040,455410297.61262214
D3268_A-2_L_2024_02_01_12_52_49_Alabama.ndpi.ndpa,12,pol,4573405,-2965517,9461,281205595.1925949
D3268_A-2_L_2024_02_01_12_52_49_Alabama.ndpi.ndpa,13,fun,4401690,-2947983,4031,51047616.50606706
D3268_A-2_L_2024_02_01_12_52_49_Alabama.ndpi.ndpa,14,fun,4081264,-2961325,7945,198306831.61236486
D3268_A-2_L_2024_02_01_12_52_49_Alabama.ndpi.ndpa,15,pol,3957716,-2656504,13786,597071609.3004532
D3268_A-2_L_2024_02_01_12_52_49_Alabama.ndpi.ndpa,16,paly,4655491,-2670307,14728,681455378.5952939
D3268_A-2_L_2024_02_01_12_52_49_Alabama.ndpi.ndpa,17,pol,4982701,-2664326,16577,863300013.375436
D3268_A-2_L_2024_02_01_12_52_49_Alabama.ndpi.ndpa,18,fun,5679850,-2460229,4395,60683082.23655678
D3268_A-2_L_2024_02_01_12_52_49_Alabama.ndpi.ndpa,19,paly,5615656,-2557298,10245,329741643.46060103
D3268_A-2_L_2024_02_01_12_52_49_Alabama.ndpi.ndpa,20,spo,5231334,-2496780,17551,967728664.3310239
D3268_A-2_L_2024_02_01_12_52_49_Alabama.ndpi.ndpa,21,fun,4652383,-2520026,3905,47906224.9144071
D3268_A-2_L_2024_02_01_12_52_49_Alabama.ndpi.ndpa,22,pol,4305390,-2541538,8780,242180351.1169914
D3268_A-2_L_2024_02_01_12_52_49_Alabama.ndpi.ndpa,23,pol,4513786,-2264014,10286,332386145.05020595
D3268_A-2_L_2024_02_01_12_52_49_Alabama.ndpi.ndpa,24,pol,5023254,-2285983,11300,401149965.9368807
D3268_A-2_L_2024_02_01_12_52_49_Alabama.ndpi.ndpa,25,spo,5446836,-2258344,22025,1523988559.7518172
D3268_A-2_L_2024_02_01_12_52_49_Alabama.ndpi.ndpa,26,fun,5252333,-2026089,3663,42152536.19943415
D3268_A-2_L_2024_02_01_12_52_49_Alabama.ndpi.ndpa,27,pol,4222963,-2102275,10382,338619466.99878776
D3268_A-2_L_2024_02_01_12_52_49_Alabama.ndpi.ndpa,28,pol,4241857,-1897242,14858,693538509.4276779
D3268_A-2_L_2024_02_01_12_52_49_Alabama.ndpi.ndpa,29,spo,6210765,-7483677,32624,3343676782.2707944
D3268_A-2_L_2024_02_01_12_52_49_Alabama.ndpi.ndpa,30,paly,7895434,-7686506,16923,899714213.8231952
D3268_A-2_L_2024_02_01_12_52_49_Alabama.ndpi.ndpa,31,paly,7500086,-7804310,12715,507905132.7568625
D3268_A-2_L_2024_02_01_12_52_49_Alabama.ndpi.ndpa,32,pol,7228401,-7782870,17179,927140669.5474113
D3268_A-2_L_2024_02_01_12_52_49_Alabama.ndpi.ndpa,33,pol,6534281,-7674057,10111,321172308.61303353
D3268_A-2_L_2024_02_01_12_52_49_Alabama.ndpi.ndpa,34,paly,6629028,-7863557,12917,524171243.94201887
D3268_A-2_L_2024_02_01_12_52_49_Alabama.ndpi.ndpa,35,fun,6360121,-7539052,10043,316866843.845883
D3268_A-2_L_2024_02_01_12_52_49_Alabama.ndpi.ndpa,36,pol,6479766,-7477498,10110,321108782.4679853
D3268_A-2_L_2024_02_01_12_52_49_Alabama.ndpi.ndpa,37,pol,7098755,-7433466,14842,692045624.598692
D3268_A-2_L_2024_02_01_12_52_49_Alabama.ndpi.ndpa,38,spo,7138175,-7573861,27066,2301431365.461952
D3268_A-2_L_2024_02_01_12_52_49_Alabama.ndpi.ndpa,39,pol,7023514,-7294275,10836,368882341.0662239
D3268_A-2_L_2024_02_01_12_52_49_Alabama.ndpi.ndpa,40,pol,6765557,-7211975,12928,525064383.02547115
D3268_A-2_L_2024_02_01_12_52_49_Alabama.ndpi.ndpa,41,pol,6121240,-7391330,11048,383457471.15602964
D3268_A-2_L_2024_02_01_12_52_49_Alabama.ndpi.ndpa,42,pol,6143898,-7031051,10103,320664275.38183624
D3268_A-2_L_2024_02_01_12_52_49_Alabama.ndpi.ndpa,43,pol,6157960,-7035201,13414,565283718.1943703
D3268_A-2_L_2024_02_01_12_52_49_Alabama.ndpi.ndpa,44,pol,7128350,-7095601,10933,375516106.1223956
D3268_A-2_L_2024_02_01_12_52_49_Alabama.ndpi.ndpa,45,pol,7371240,-6977106,11525,417284007.7084728
D3268_A-2_L_2024_02_01_12_52_49_Alabama.ndpi.ndpa,46,spo,7471752,-6986559,33389,3502327038.489483
D3268_A-2_L_2024_02_01_12_52_49_Alabama.ndpi.ndpa,47,pol,7535608,-7061252,15125,718688406.8938775
D3268_A-2_L_2024_02_01_12_52_49_Alabama.ndpi.ndpa,48,pol,7746097,-6960607,18329,1055425092.2826277
D3268_A-2_L_2024_02_01_12_52_49_Alabama.ndpi.ndpa,49,pol,7658264,-6945391,16013,805555152.7920388
D3268_A-2_L_2024_02_01_12_52_49_Alabama.ndpi.ndpa,50,spo,7418788,-6926026,27362,2352044584.5270295
D3268_A-2_L_2024_02_01_12_52_49_Alabama.ndpi.ndpa,51,paly,6136537,-6725771,9596,289287954.9045221
D3268_A-2_L_2024_02_01_12_52_49_Alabama.ndpi.ndpa,52,pol,6469287,-6589294,10534,348607318.89404535
D3268_A-2_L_2024_02_01_12_52_49_Alabama.ndpi.ndpa,53,pol,6695902,-6606124,10051,317371861.14813286
D3268_A-2_L_2024_02_01_12_52_49_Alabama.ndpi.ndpa,54,paly,6777939,-6595980,14842,692045624.598692
D3268_A-2_L_2024_02_01_12_52_49_Alabama.ndpi.ndpa,55,paly,6769640,-6596441,15879,792129468.6223285
D3268_A-2_L_2024_02_01_12_52_49_Alabama.ndpi.ndpa,56,pol,7391053,-6703179,9794,301349220.2520371
D3268_A-2_L_2024_02_01_12_52_49_Alabama.ndpi.ndpa,57,pol,7667227,-6751360,16645,870397172.7727901
D4220-A_L_2024-02-06_11_51_42_Maryland.ndpi.ndpa,2,pol,10260773,-3584985,19548,1200478906.2045128
D4220-A_L_2024-02-06_11_51_42_Maryland.ndpi.ndpa,3,pol,10361128,-3549511,29430,2721011622.9311943
D4220-A_L_2024-02-06_11_51_42_Maryland.ndpi.ndpa,4,pol,10567444,-3566561,13526,574762782.8761936
D4220-A_L_2024-02-06_11_51_42_Maryland.ndpi.ndpa,5,paly,10560578,-3535894,9293,271307467.18352383
D4220-A_L_2024-02-06_11_51_42_Maryland.ndpi.ndpa,6,pol,10867249,-3636708,30105,2847260058.0074353
D4220-A_L_2024-02-06_11_51_42_Maryland.ndpi.ndpa,7,pol,11262542,-3578490,22626,1608293987.1506553
D4220-A_L_2024-02-06_11_51_42_Maryland.ndpi.ndpa,8,pol,11583632,-3528826,11296,400866016.22647864
D4220-A_L_2024-02-06_11_51_42_Maryland.ndpi.ndpa,9,alg,11201552,-3482023,15782,782481270.0168139
D4220-A_L_2024-02-06_11_51_42_Maryland.ndpi.ndpa,10,pol,11106804,-3438768,11724,431818746.3415313
D4220-A_L_2024-02-06_11_51_42_Maryland.ndpi.ndpa,11,paly,11089091,-3428126,25158,1988392417.1759844
D4220-A_L_2024-02-06_11_51_42_Maryland.ndpi.ndpa,12,bipol,10950745,-3427439,58063,10591288914.769741
D4220-A_L_2024-02-06_11_51_42_Maryland.ndpi.ndpa,13,paly,9855554,-3513797,52694,8723127230.791601
D4220-A_L_2024-02-06_11_51_42_Maryland.ndpi.ndpa,14,pol,10049512,-3362403,22291,1561021829.8815222
D4220-A_L_2024-02-06_11_51_42_Maryland.ndpi.ndpa,15,din,10034636,-3344552,19241,1163068120.3104038
D4220-A_L_2024-02-06_11_51_42_Maryland.ndpi.ndpa,16,fun,10602778,-3434335,9268,269849689.65244186
D4220-A_L_2024-02-06_11_51_42_Maryland.ndpi.ndpa,17,bipol,10833012,-3346909,38847,4740944200.924562
D4220-A_L_2024-02-06_11_51_42_Maryland.ndpi.ndpa,18,din,10634270,-3274129,19098,1145844410.8437288
D4220-A_L_2024-02-06_11_51_42_Maryland.ndpi.ndpa,19,pol,10438480,-3331231,12456,487424182.3278338
D4220-A_L_2024-02-06_11_51_42_Maryland.ndpi.ndpa,20,paly,10399689,-3146766,18045,1022971761.587032
D4220-A_L_2024-02-06_11_51_42_Maryland.ndpi.ndpa,21,paly,11356664,-3205699,21320,1427987064.5850732
D4220-A_L_2024-02-06_11_51_42_Maryland.ndpi.ndpa,22,pol,11550164,-3212107,17508,962992597.1668091
D4220-A_L_2024-02-06_11_51_42_Maryland.ndpi.ndpa,23,pol,11424748,-3110148,10923,374829479.632027
D4220-A_L_2024-02-06_11_51_42_Maryland.ndpi.ndpa,24,pol,11372798,-3078336,13710,590506635.6986172
D4220-A_L_2024-02-06_11_51_42_Maryland.ndpi.ndpa,25,pol,11265806,-3047897,21328,1429058925.7329955
D4220-A_L_2024-02-06_11_51_42_Maryland.ndpi.ndpa,26,pol,11216601,-3104197,17416,952898634.8380839
D4220-A_L_2024-02-06_11_51_42_Maryland.ndpi.ndpa,27,pol,11159272,-3024896,19192,1157151819.6180885
D4220-A_L_2024-02-06_11_51_42_Maryland.ndpi.ndpa,28,pol,10586208,-3109461,15687,773089305.9913112
D4220-A_L_2024-02-06_11_51_42_Maryland.ndpi.ndpa,29,din,10173805,-3061628,53505,8993704403.346872
D4220-A_L_2024-02-06_11_51_42_Maryland.ndpi.ndpa,30,paly,10032712,-3080739,33684,3564488271.4854803
D4220-A_L_2024-02-06_11_51_42_Maryland.ndpi.ndpa,31,pol,10031110,-3014483,14534,663621097.4548011
D4220-A_L_2024-02-06_11_51_42_Maryland.ndpi.ndpa,32,pol,10730046,-2918130,15221,727840544.8777977
D4220-A_L_2024-02-06_11_51_42_Maryland.ndpi.ndpa,33,paly,11594104,-2968478,35771,4019870247.6403303
D4220-A_L_2024-02-06_11_51_42_Maryland.ndpi.ndpa,34,din,11510913,-2839055,40317,5106534730.942873
D4220-A_L_2024-02-06_11_51_42_Maryland.ndpi.ndpa,35,pol,10443734,-2864991,13884,605590540.4354866
D4220-A_L_2024-02-06_11_51_42_Maryland.ndpi.ndpa,36,paly,10191874,-2909391,35970,4064721066.3540063
D4220-A_L_2024-02-06_11_51_42_Maryland.ndpi.ndpa,37,paly,9834740,-2912137,19624,1209831653.7289207
D4220-A_L_2024-02-06_11_51_42_Maryland.ndpi.ndpa,38,din,9828880,-2822753,65888,13638371701.384714
D4220-A_L_2024-02-06_11_51_42_Maryland.ndpi.ndpa,39,pol,10160326,-2764198,16681,874166254.5766373
D4220-A_L_2024-02-06_11_51_42_Maryland.ndpi.ndpa,40,pol,10156092,-2743486,14035,618834769.355118
D4220-A_L_2024-02-06_11_51_42_Maryland.ndpi.ndpa,41,pol,11033310,-2805622,10301,333356284.5695978
D4220-A_L_2024-02-06_11_51_42_Maryland.ndpi.ndpa,42,pol,11502741,-2641396,11005,380478364.81607616
D4220-A_L_2024-02-06_11_51_42_Maryland.ndpi.ndpa,43,pol,11201334,-2737404,13840,601758249.7874491
D4220-A_L_2024-02-06_11_51_42_Maryland.ndpi.ndpa,44,pol,11157622,-2714976,13089,538223688.4124908
D4220-A_L_2024-02-06_11_51_42_Maryland.ndpi.ndpa,45,pol,11221359,-2695637,18231,1044169142.7959338
D4220-A_L_2024-02-06_11_51_42_Maryland.ndpi.ndpa,46,pol,11209572,-2675382,11545,418733538.5588391
D4220-A_L_2024-02-06_11_51_42_Maryland.ndpi.ndpa,47,paly,11024883,-2668288,40601,5178730766.936336
D4220-A_L_2024-02-06_11_51_42_Maryland.ndpi.ndpa,48,pol,10300326,-2710637,10518,347549129.9573514
D4220-A_L_2024-02-06_11_51_42_Maryland.ndpi.ndpa,49,pol,10305362,-2556383,5479,94308855.31047224
D4220-A_L_2024-02-06_11_51_42_Maryland.ndpi.ndpa,50,pol,10442554,-2456441,20608,1334201928.4779177
D4220-A_L_2024-02-06_11_51_42_Maryland.ndpi.ndpa,51,pol,9928980,-2426213,11400,408281381.2605295
D4220-A_L_2024-02-06_11_51_42_Maryland.ndpi.ndpa,52,pol,9915478,-2496017,28613,2572033746.156675
D4220-A_L_2024-02-06_11_51_42_Maryland.ndpi.ndpa,53,pol,10095132,-2406531,10991,379510930.2079591
D4220-A_L_2024-02-06_11_51_42_Maryland.ndpi.ndpa,54,din,11378918,-2339703,45701,6561471985.805878
D4220-A_L_2024-02-06_11_51_42_Maryland.ndpi.ndpa,55,paly,11487626,-2323225,15440,748935582.4228237
D4220-A_L_2024-02-06_11_51_42_Maryland.ndpi.ndpa,56,retitricolpites,10484650,-2214513,20621,1335885749.8836107
D4220-A_L_2024-02-06_11_51_42_Maryland.ndpi.ndpa,57,pol,10311886,-2207533,21062,1393635143.785207
D4220-A_L_2024-02-06_11_51_42_Maryland.ndpi.ndpa,58,pol,10090922,-2260492,33784,3585683968.8007197
D4220-A_L_2024-02-06_11_51_42_Maryland.ndpi.ndpa,59,paly,10204550,-2238178,14800,688134454.8423083
D4220-A_L_2024-02-06_11_51_42_Maryland.ndpi.ndpa,60,din,9947084,-2223989,48541,7402310714.407168
D4220-A_L_2024-02-06_11_51_42_Maryland.ndpi.ndpa,61,pol,10203405,-2208540,23647,1756717693.2642665
D4220-A_L_2024-02-06_11_51_42_Maryland.ndpi.ndpa,62,paly,10153514,-2209914,22581,1601902998.0915678
D4220-A_L_2024-02-06_11_51_42_Maryland.ndpi.ndpa,63,pol,10852386,-2185508,18467,1071377622.2554734
D4220-A_L_2024-02-06_11_51_42_Maryland.ndpi.ndpa,64,din,10700927,-2166168,30603,2942238521.800872
D4220-A_L_2024-02-06_11_51_42_Maryland.ndpi.ndpa,65,pol,9968578,-2140649,22052,1527727303.1954086
D4220-A_L_2024-02-06_11_51_42_Maryland.ndpi.ndpa,66,paly,10688500,-3354396,25362,2020769922.391293
D4220-A_L_2024-02-06_11_51_42_Maryland.ndpi.ndpa,67,pol,11219126,-2982828,19690,1217983219.5854137
D4220-A_L_2024-02-06_11_51_42_Maryland.ndpi.ndpa,68,paly,11319987,-2125470,17352,945908113.6617632
D1910_2024_02_29_12_46_52_Wyoming.ndpi.ndpa,2,fun,17949272,-6425263,31070,3032720446.0203733
D1910_2024_02_29_12_46_52_Wyoming.ndpi.ndpa,3,spo,18284184,-6815872,27802,2428297824.0697856
D1910_2024_02_29_12_46_52_Wyoming.ndpi.ndpa,4,paly,17985830,-7191644,21106,1399464029.6619363
D1910_2024_02_29_12_46_52_Wyoming.ndpi.ndpa,5,paly,18576252,-7260017,17997,1017536756.0308392
D1910_2024_02_29_12_46_52_Wyoming.ndpi.ndpa,6,pol,19567626,-7297143,19990,1255380738.5337467
D1910_2024_02_29_12_46_52_Wyoming.ndpi.ndpa,7,paly,19675816,-7186028,19050,1140091827.96937
D1910_2024_02_29_12_46_52_Wyoming.ndpi.ndpa,8,pol,18647088,-7172053,16209,825395918.894897
D1910_2024_02_29_12_46_52_Wyoming.ndpi.ndpa,9,paly,18369804,-6876426,10963,377579755.50468564
D1910_2024_02_29_12_46_52_Wyoming.ndpi.ndpa,10,pol,18537514,-6976805,13141,542508695.1282812
D1910_2024_02_29_12_46_52_Wyoming.ndpi.ndpa,11,paly,19375392,-6936495,13505,572979454.6647907
D1910_2024_02_29_12_46_52_Wyoming.ndpi.ndpa,12,pol,18633264,-6703832,14769,685254748.4939144
D1910_2024_02_29_12_46_52_Wyoming.ndpi.ndpa,13,din,18154452,-6849790,14647,673980351.5751587
D1910_2024_02_29_12_46_52_Wyoming.ndpi.ndpa,14,paly,19380338,-6666088,19846,1237359356.7011766
D1910_2024_02_29_12_46_52_Wyoming.ndpi.ndpa,15,paly,19074528,-6330839,27298,2341054539.4425354
D1910_2024_02_29_12_46_52_Wyoming.ndpi.ndpa,16,alg,18501372,-6378761,36861,4268586619.4412622
D1910_2024_02_29_12_46_52_Wyoming.ndpi.ndpa,17,paly,18738290,-5966573,20932,1376484498.3388765
D1910_2024_02_29_12_46_52_Wyoming.ndpi.ndpa,19,paly,19231772,1267123,15933,797526247.2791125
D1910_2024_02_29_12_46_52_Wyoming.ndpi.ndpa,20,paly,18005406,1429186,10798,366299662.878449
D1910_2024_02_29_12_46_52_Wyoming.ndpi.ndpa,21,paly,19535654,1438453,7528,178036518.687574
D1910_2024_02_29_12_46_52_Wyoming.ndpi.ndpa,22,paly,19308812,1618658,27950,2454220034.9659805
D1910_2024_02_29_12_46_52_Wyoming.ndpi.ndpa,23,paly,18971462,1562015,8710,238334099.2312014
D1910_2024_02_29_12_46_52_Wyoming.ndpi.ndpa,24,paly,19159270,1596048,13690,588785042.92445
D1910_2024_02_29_12_46_52_Wyoming.ndpi.ndpa,25,pol,18397036,1709855,14335,645572864.4298208
D1910_2024_02_29_12_46_52_Wyoming.ndpi.ndpa,26,paly,18726204,1637287,14283,640897747.3046783
D1910_2024_02_29_12_46_52_Wyoming.ndpi.ndpa,27,bipol,18831118,1733161,16090,813320953.0618197
D1910_2024_02_29_12_46_52_Wyoming.ndpi.ndpa,28,pol,19150046,1742500,20799,1359047958.5362914
D1910_2024_02_29_12_46_52_Wyoming.ndpi.ndpa,29,paly,19231458,1780760,14876,695219927.514991
D1910_2024_02_29_12_46_52_Wyoming.ndpi.ndpa,30,spo,18984302,1928903,30919,3003314073.7828636
D1910_2024_02_29_12_46_52_Wyoming.ndpi.ndpa,31,pol,18727134,1873294,7003,154070015.1916845
D1910_2024_02_29_12_46_52_Wyoming.ndpi.ndpa,32,paly,18555922,1880135,10327,335041208.67431223
D1910_2024_02_29_12_46_52_Wyoming.ndpi.ndpa,33,paly,18114210,1935570,12767,512067944.0847988
D1910_2024_02_29_12_46_52_Wyoming.ndpi.ndpa,34,pol,18222034,1972345,6935,151092463.94009456
D1910_2024_02_29_12_46_52_Wyoming.ndpi.ndpa,35,pol,18221576,1986649,10114,321362924.7472901
D1910_2024_02_29_12_46_52_Wyoming.ndpi.ndpa,36,paly,18379226,1985117,12792,514075343.2506263
D1910_2024_02_29_12_46_52_Wyoming.ndpi.ndpa,37,paly,18992084,2072700,16749,881307848.6604837
D1910_2024_02_29_12_46_52_Wyoming.ndpi.ndpa,38,paly,17936270,2199723,12043,455637274.5402514
D1910_2024_02_29_12_46_52_Wyoming.ndpi.ndpa,39,pol,17932398,2446848,14236,636686778.5029552
D1910_2024_02_29_12_46_52_Wyoming.ndpi.ndpa,40,pol,18305982,2436734,17892,1005698151.0626473
D1910_2024_02_29_12_46_52_Wyoming.ndpi.ndpa,41,paly,18568518,2418935,18705,1099171091.3998523
D1910_2024_02_29_12_46_52_Wyoming.ndpi.ndpa,42,paly,18941288,2331958,11343,404208774.48245573
D1910_2024_02_29_12_46_52_Wyoming.ndpi.ndpa,43,paly,18978302,2438353,12313,476296764.82137626
D1910_2024_02_29_12_46_52_Wyoming.ndpi.ndpa,44,pol,19436834,2311529,14881,695687349.3779553
D1910_2024_02_29_12_46_52_Wyoming.ndpi.ndpa,45,pol,18942096,2644869,9317,272710628.12632316
D1910_2024_02_29_12_46_52_Wyoming.ndpi.ndpa,46,pol,18711942,2639201,15241,729754528.7860708
D1910_2024_02_29_12_46_52_Wyoming.ndpi.ndpa,47,pol,18580332,2588240,8117,206985996.53910184
D1910_2024_02_29_12_46_52_Wyoming.ndpi.ndpa,48,paly,18332682,2611183,26595,2222029712.8679557
D1910_2024_02_29_12_46_52_Wyoming.ndpi.ndpa,49,fun,18084132,2541039,26413,2191721335.9725246
D1910_2024_02_29_12_46_52_Wyoming.ndpi.ndpa,50,paly,17922404,2588225,13859,603411610.310773
D1910_2024_02_29_12_46_52_Wyoming.ndpi.ndpa,51,paly,18412200,2661696,7315,168104188.1592833
D1910_2024_02_29_12_46_52_Wyoming.ndpi.ndpa,52,pol,19427012,2747032,14853,693071810.1310239
D1910_2024_02_29_12_46_52_Wyoming.ndpi.ndpa,53,spo,19650612,2789794,20313,1296277580.149541
USNMPAL_792738_D1392_A_R_2024_01_25_13_58_00_Wyoming.ndpi.ndpa,2,pol,17192404,-350578,9169,264115456.82077256
USNMPAL_792738_D1392_A_R_2024_01_25_13_58_00_Wyoming.ndpi.ndpa,3,pol,17642454,-371404,9520,284723798.8319044
USNMPAL_792738_D1392_A_R_2024_01_25_13_58_00_Wyoming.ndpi.ndpa,4,paly,17624488,-369001,10798,366299662.878449
USNMPAL_792738_D1392_A_R_2024_01_25_13_58_00_Wyoming.ndpi.ndpa,5,pol,18487516,-365797,12006,452841844.55638266
USNMPAL_792738_D1392_A_R_2024_01_25_13_58_00_Wyoming.ndpi.ndpa,6,pol,18502048,-241982,10314,334198215.6927965
USNMPAL_792738_D1392_A_R_2024_01_25_13_58_00_Wyoming.ndpi.ndpa,7,spo,18142396,-217722,13443,567730557.0573967
USNMPAL_792738_D1392_A_R_2024_01_25_13_58_00_Wyoming.ndpi.ndpa,8,pol,17837442,-272077,12324,477148158.42164767
USNMPAL_792738_D1392_A_R_2024_01_25_13_58_00_Wyoming.ndpi.ndpa,9,pol,17382012,-230310,11383,407064607.868275
USNMPAL_792738_D1392_A_R_2024_01_25_13_58_00_Wyoming.ndpi.ndpa,10,paly,17263234,-232713,13874,604718497.146703
USNMPAL_792738_D1392_A_R_2024_01_25_13_58_00_Wyoming.ndpi.ndpa,11,spo,17133928,-289357,12308,475910019.0577561
USNMPAL_792738_D1392_A_R_2024_01_25_13_58_00_Wyoming.ndpi.ndpa,12,pol,16968120,-244385,10784,365350436.9413521
USNMPAL_792738_D1392_A_R_2024_01_25_13_58_00_Wyoming.ndpi.ndpa,13,pol,16767411,-288327,11326,402998089.4967639
USNMPAL_792738_D1392_A_R_2024_01_25_13_58_00_Wyoming.ndpi.ndpa,14,pol,17072138,-169203,21096,1398138214.7302682
USNMPAL_792738_D1392_A_R_2024_01_25_13_58_00_Wyoming.ndpi.ndpa,15,pol,17161964,-152381,11413,409213080.252212
USNMPAL_792738_D1392_A_R_2024_01_25_13_58_00_Wyoming.ndpi.ndpa,16,pol,17359356,-107638,8994,254129826.03152108
USNMPAL_792738_D1392_A_R_2024_01_25_13_58_00_Wyoming.ndpi.ndpa,17,pol,18114132,-197467,13057,535595205.80382663
USNMPAL_792738_D1392_A_R_2024_01_25_13_58_00_Wyoming.ndpi.ndpa,18,pol,18345144,-7712,13153,543499955.5750831
USNMPAL_792738_D1392_A_R_2024_01_25_13_58_00_Wyoming.ndpi.ndpa,19,paly,17086764,-93307,10837,368950428.8038052
USNMPAL_792738_D1392_A_R_2024_01_25_13_58_00_Wyoming.ndpi.ndpa,20,pol,16933656,-12289,9857,305238552.7978858
USNMPAL_792738_D1392_A_R_2024_01_25_13_58_00_Wyoming.ndpi.ndpa,21,pol,17881820,8193,10730,361700672.8264883
USNMPAL_792738_D1392_A_R_2024_01_25_13_58_00_Wyoming.ndpi.ndpa,22,pol,18002590,147915,10863,370722915.37896055
USNMPAL_792738_D1392_A_R_2024_01_25_13_58_00_Wyoming.ndpi.ndpa,23,pol,17932558,182245,7278,166407913.48031136
USNMPAL_792738_D1392_A_R_2024_01_25_13_58_00_Wyoming.ndpi.ndpa,24,pol,17802566,126859,13355,560321977.8634775
USNMPAL_792738_D1392_A_R_2024_01_25_13_58_00_Wyoming.ndpi.ndpa,25,pol,17431814,160274,10286,332386145.05020595
USNMPAL_792738_D1392_A_R_2024_01_25_13_58_00_Wyoming.ndpi.ndpa,26,pol,17448406,163020,9915,308841255.85479885
USNMPAL_792738_D1392_A_R_2024_01_25_13_58_00_Wyoming.ndpi.ndpa,27,pol,17485826,108093,10191,326274757.73728794
USNMPAL_792738_D1392_A_R_2024_01_25_13_58_00_Wyoming.ndpi.ndpa,28,pol,17256966,100769,10947,376478438.7840432
USNMPAL_792738_D1392_A_R_2024_01_25_13_58_00_Wyoming.ndpi.ndpa,29,pol,16689281,167140,11946,448326998.9220557
USNMPAL_792738_D1392_A_R_2024_01_25_13_58_00_Wyoming.ndpi.ndpa,30,pol,16703356,243237,22592,1603464064.9059145
USNMPAL_792738_D1392_A_R_2024_01_25_13_58_00_Wyoming.ndpi.ndpa,31,pol,17083264,257427,10280,331998485.08312356
USNMPAL_792738_D1392_A_R_2024_01_25_13_58_00_Wyoming.ndpi.ndpa,32,pol,17062436,234998,12750,510705155.74919075
USNMPAL_792738_D1392_A_R_2024_01_25_13_58_00_Wyoming.ndpi.ndpa,33,pol,17297360,234998,12424,484922971.9207517
USNMPAL_792738_D1392_A_R_2024_01_25_13_58_00_Wyoming.ndpi.ndpa,34,pol,18066556,261088,12640,501931001.6269798
USNMPAL_792738_D1392_A_R_2024_01_25_13_58_00_Wyoming.ndpi.ndpa,35,pol,18161074,294617,11463,412806433.929388
USNMPAL_792738_D1392_A_R_2024_01_25_13_58_00_Wyoming.ndpi.ndpa,36,pol,18419914,272303,10904,373526620.3178788
USNMPAL_792738_D1392_A_R_2024_01_25_13_58_00_Wyoming.ndpi.ndpa,37,paly,18392794,219778,9431,279425066.14024633
USNMPAL_792738_D1392_A_R_2024_01_25_13_58_00_Wyoming.ndpi.ndpa,38,pol,18465000,284547,9111,260784614.6257305
USNMPAL_792738_D1392_A_R_2024_01_25_13_58_00_Wyoming.ndpi.ndpa,39,pol,18383984,385247,11158,391131313.8672473
USNMPAL_792738_D1392_A_R_2024_01_25_13_58_00_Wyoming.ndpi.ndpa,40,pol,18322992,369341,13756,594475836.954498
USNMPAL_792738_D1392_A_R_2024_01_25_13_58_00_Wyoming.ndpi.ndpa,41,pol,18136128,330892,8330,217991658.4806768
USNMPAL_792738_D1392_A_R_2024_01_25_13_58_00_Wyoming.ndpi.ndpa,42,pol,16836668,405616,8951,251705663.18426833
USNMPAL_792738_D1392_A_R_2024_01_25_13_58_00_Wyoming.ndpi.ndpa,43,pol,16731735,426786,10543,349203257.02928275
USNMPAL_792738_D1392_A_R_2024_01_25_13_58_00_Wyoming.ndpi.ndpa,44,pol,16667654,319220,12015,453521022.33056957
USNMPAL_792738_D1392_A_R_2024_01_25_13_58_00_Wyoming.ndpi.ndpa,45,pol,17616504,458484,10060,317940486.27684
USNMPAL_792738_D1392_A_R_2024_01_25_13_58_00_Wyoming.ndpi.ndpa,46,pol,17792268,436513,11054,383874084.0410075
USNMPAL_792738_D1392_A_R_2024_01_25_13_58_00_Wyoming.ndpi.ndpa,47,pol,17919972,467867,11031,382278296.3446533
USNMPAL_792738_D1392_A_R_2024_01_25_13_58_00_Wyoming.ndpi.ndpa,48,pol,17679898,637227,15126,718783443.2132412
USNMPAL_792738_D1392_A_R_2024_01_25_13_58_00_Wyoming.ndpi.ndpa,49,pol,17232592,640546,14633,672692549.9145992
USNMPAL_792738_D1392_A_R_2024_01_25_13_58_00_Wyoming.ndpi.ndpa,50,pol,16989088,588937,16893,896527130.9079815
USNMPAL_792738_D1392_A_R_2024_01_25_13_58_00_Wyoming.ndpi.ndpa,51,pol,16832662,662517,12137,462777863.31444865
USNMPAL_792738_D1392_A_R_2024_01_25_13_58_00_Wyoming.ndpi.ndpa,52,pol,17252848,694214,11029,382139689.2767769
USNMPAL_792738_D1392_A_R_2024_01_25_13_58_00_Wyoming.ndpi.ndpa,53,pol,17726356,754406,14679,676928522.6522523
USNMPAL_792738_D1392_A_R_2024_01_25_13_58_00_Wyoming.ndpi.ndpa,54,pol,17880380,760928,10337,335690387.38025004
USNMPAL_792738_D1392_A_R_2024_01_25_13_58_00_Wyoming.ndpi.ndpa,55,pol,18321850,755893,10031,316110071.8747451
USNMPAL_792738_D1392_A_R_2024_01_25_13_58_00_Wyoming.ndpi.ndpa,56,pol,18205704,816085,8853,246224237.45502606
USNMPAL_792738_D1392_A_R_2024_01_25_13_58_00_Wyoming.ndpi.ndpa,57,pol,16961282,823065,11270,399022793.55113506
USNMPAL_792738_D1392_A_R_2024_01_25_13_58_00_Wyoming.ndpi.ndpa,58,pol,16958536,805786,10502,346492549.51609606
USNMPAL_792738_D1392_A_R_2024_01_25_13_58_00_Wyoming.ndpi.ndpa,59,pol,17121940,835652,10443,342610310.68645924
USNMPAL_792738_D1392_A_R_2024_01_25_13_58_00_Wyoming.ndpi.ndpa,60,paly,16872942,788163,13891,606201344.5871607
USNMPAL_792738_D1392_A_R_2024_01_25_13_58_00_Wyoming.ndpi.ndpa,61,paly,16707820,893326,11029,382139689.2767769
USNMPAL_792738_D1392_A_R_2024_01_25_13_58_00_Wyoming.ndpi.ndpa,62,pol,17842504,953518,11217,395278608.86906755
USNMPAL_792738_D1392_A_R_2024_01_25_13_58_00_Wyoming.ndpi.ndpa,63,pol,17967232,972971,12568,496229086.35893804
USNMPAL_792738_D1392_A_R_2024_01_25_13_58_00_Wyoming.ndpi.ndpa,64,pol,18286376,891953,13032,533546180.535339
USNMPAL_792738_D1392_A_R_2024_01_25_13_58_00_Wyoming.ndpi.ndpa,65,pol,18163364,1045979,16661,872071314.9315175
USNMPAL_792738_D1392_A_R_2024_01_25_13_58_00_Wyoming.ndpi.ndpa,66,pol,17411790,1056507,11020,381516268.4890059
USNMPAL_792738_D1392_A_R_2024_01_25_13_58_00_Wyoming.ndpi.ndpa,67,pol,17594648,1116126,12183,466292425.8478727
USNMPAL_792738_D1392_A_R_2024_01_25_13_58_00_Wyoming.ndpi.ndpa,68,pol,17975470,1116469,10847,369631651.7548096
D3283-2_2024_02_06_15_37_28_Kentucky.ndpi.ndpa,2,bipol,-83450,5913673,30819,2983918509.0581307
D3283-2_2024_02_06_15_37_28_Kentucky.ndpi.ndpa,3,paly,1440294,5917563,21858,1500965520.5120978
D3283-2_2024_02_06_15_37_28_Kentucky.ndpi.ndpa,4,paly,1176651,6013947,25916,2110016324.1935837
D3283-2_2024_02_06_15_37_28_Kentucky.ndpi.ndpa,7,paly,569945,6031112,13116,540446475.1706486
D3283-2_2024_02_06_15_37_28_Kentucky.ndpi.ndpa,8,paly,474969,6021042,13609,581838293.5585718
D3283-2_2024_02_06_15_37_28_Kentucky.ndpi.ndpa,9,pol,337540,6061574,16168,821225589.7357407
D3283-2_2024_02_06_15_37_28_Kentucky.ndpi.ndpa,10,paly,102273,6052076,18745,1103877197.1949298
D3283-2_2024_02_06_15_37_28_Kentucky.ndpi.ndpa,11,pol,84216,5942263,13107,539705037.3132528
D3283-2_2024_02_06_15_37_28_Kentucky.ndpi.ndpa,12,pol,53663,5960687,7595,181219709.16948998
D3283-2_2024_02_06_15_37_28_Kentucky.ndpi.ndpa,13,paly,-230809,5985404,20259,1289394702.503903
D3283-2_2024_02_06_15_37_28_Kentucky.ndpi.ndpa,14,pol,484833,6103612,19594,1206135444.3082662
D3283-2_2024_02_06_15_37_28_Kentucky.ndpi.ndpa,15,pol,1035124,6133021,15597,764243963.3795699
D3283-2_2024_02_06_15_37_28_Kentucky.ndpi.ndpa,16,pol,1494675,6088164,8905,249125234.37683335
D3283-2_2024_02_06_15_37_28_Kentucky.ndpi.ndpa,17,pol,-27009,6230403,22480,1587605104.1286633
D3283-2_2024_02_06_15_37_28_Kentucky.ndpi.ndpa,18,pol,-208724,6242876,11235,396548239.5577187
D3283-2_2024_02_06_15_37_28_Kentucky.ndpi.ndpa,19,alg,-323268,6173072,8714,238553055.67278603
D3283-2_2024_02_06_15_37_28_Kentucky.ndpi.ndpa,20,paly,268104,6296774,26171,2151743539.013204
D3283-2_2024_02_06_15_37_28_Kentucky.ndpi.ndpa,21,pol,340995,6305585,12967,528237093.1542947
D3283-2_2024_02_06_15_37_28_Kentucky.ndpi.ndpa,22,paly,1471217,6270568,25677,2071278202.8369625
D3283-2_2024_02_06_15_37_28_Kentucky.ndpi.ndpa,23,pol,1474993,6428599,19500,1194590606.5275187
D3283-2_2024_02_06_15_37_28_Kentucky.ndpi.ndpa,24,alg,72315,6437868,21243,1417690962.760238
D3283-2_2024_02_06_15_37_28_Kentucky.ndpi.ndpa,25,pol,-6413,6411434,15628,767284946.5284286
D3283-2_2024_02_06_15_37_28_Kentucky.ndpi.ndpa,26,pol,-115693,6434320,14082,622986380.9052444
D3283-2_2024_02_06_15_37_28_Kentucky.ndpi.ndpa,27,pol,-227377,6477347,10968,377924246.84711504
D3283-2_2024_02_06_15_37_28_Kentucky.ndpi.ndpa,28,pol,-180232,6480666,15631,767579555.6627042
D3283-2_2024_02_06_15_37_28_Kentucky.ndpi.ndpa,29,pol,-223944,6556992,8714,238553055.67278603
D3283-2_2024_02_06_15_37_28_Kentucky.ndpi.ndpa,30,pol,193268,6507443,12546,494493331.2850884
D3283-2_2024_02_06_15_37_28_Kentucky.ndpi.ndpa,31,pol,1355643,6578757,17423,953664784.4632928
D3283-2_2024_02_06_15_37_28_Kentucky.ndpi.ndpa,32,pol,824116,6664580,13111,540034502.41802
D3283-2_2024_02_06_15_37_28_Kentucky.ndpi.ndpa,33,alg,491553,6576673,20846,1365197044.9610524
D3283-2_2024_02_06_15_37_28_Kentucky.ndpi.ndpa,34,alg,370157,6597600,25848,2098958068.849395
D3283-2_2024_02_06_15_37_28_Kentucky.ndpi.ndpa,35,alg,170691,6662551,24154,1832854527.3744292
D3283-2_2024_02_06_15_37_28_Kentucky.ndpi.ndpa,36,alg,-273931,6619284,26053,2132383687.9137576
D3283-2_2024_02_06_15_37_28_Kentucky.ndpi.ndpa,37,pol,-331600,6624513,15648,769250075.565102
D3283-2_2024_02_06_15_37_28_Kentucky.ndpi.ndpa,38,alg,749463,5869267,20444,1313051067.97303
D3283-2_2024_02_06_15_37_28_Kentucky.ndpi.ndpa,39,paly,-246870,6040354,13590,580214778.1654571
D3283-2_2024_02_06_15_37_28_Kentucky.ndpi.ndpa,40,alg,230953,6134139,20431,1311381704.1767287
D3283-2_2024_02_06_15_37_28_Kentucky.ndpi.ndpa,41,paly,1138284,6059686,14039,619187557.6437457
D3283-2_2024_02_06_15_37_28_Kentucky.ndpi.ndpa,42,pol,285376,6266226,12500,490873852.12340516
D3283-2_2024_02_06_15_37_28_Kentucky.ndpi.ndpa,43,pol,-269655,6769832,13038,534037588.4582135
D3283-2_2024_02_06_15_37_28_Kentucky.ndpi.ndpa,44,pol,270649,6750385,26201,2156679483.7268186
D3283-2_2024_02_06_15_37_28_Kentucky.ndpi.ndpa,45,trilete,669082,6700673,17399,951039267.5180935
D3283-2_2024_02_06_15_37_28_Kentucky.ndpi.ndpa,46,alg,291699,6812831,25321,2014241683.4323554
D3283-2_2024_02_06_15_37_28_Kentucky.ndpi.ndpa,47,pol,-166103,6810531,6228,121856045.58195844
D3283-2_2024_02_06_15_37_28_Kentucky.ndpi.ndpa,48,paly,80583,6932088,16025,806762956.9372674
D3283-2_2024_02_06_15_37_28_Kentucky.ndpi.ndpa,49,pol,387254,6957721,15132,719353793.0763152
D3283-2_2024_02_06_15_37_28_Kentucky.ndpi.ndpa,50,alg,1084973,6924639,27399,2358409944.473249
D3283-2_2024_02_06_15_37_28_Kentucky.ndpi.ndpa,51,pol,689335,7114440,20353,1301387820.4235764
D3283-2_2024_02_06_15_37_28_Kentucky.ndpi.ndpa,52,pol,639329,7109634,14244,637402558.9731491
D3283-2_2024_02_06_15_37_28_Kentucky.ndpi.ndpa,53,pol,434387,7122794,15738,778124257.9974033
D3283-2_2024_02_06_15_37_28_Kentucky.ndpi.ndpa,54,pol,-324281,7231962,6602,136930726.60279676
D3283-2_2024_02_06_15_37_28_Kentucky.ndpi.ndpa,55,alg,850110,7167079,16835,890381471.9608054
D3283-2_2024_02_06_15_37_28_Kentucky.ndpi.ndpa,56,paly,1146940,7205986,11005,380478364.81607616
D3283-2_2024_02_06_15_37_28_Kentucky.ndpi.ndpa,57,pol,663703,7314010,11980,450882634.28026855
D3283-2_2024_02_06_15_37_28_Kentucky.ndpi.ndpa,58,alg,324763,7313666,30916,3002731292.637659
D3283-2_2024_02_06_15_37_28_Kentucky.ndpi.ndpa,59,pol,450585,7306118,16912,898544960.1614189
D3283-2_2024_02_06_15_37_28_Kentucky.ndpi.ndpa,60,pol,98022,7380214,8464,225061486.02194464
D3283-2_2024_02_06_15_37_28_Kentucky.ndpi.ndpa,61,alg,-128700,7297272,22986,1659879943.832249
D3283-2_2024_02_06_15_37_28_Kentucky.ndpi.ndpa,62,paly,524203,5842989,18078,1026716725.3840775
D3283-2_2024_02_06_15_37_28_Kentucky.ndpi.ndpa,63,paly,1084894,6090809,23849,1786858736.3685966
D3283-2_2024_02_06_15_37_28_Kentucky.ndpi.ndpa,64,pol,256344,6520539,10241,329484208.79219526
D3283-2_2024_02_06_15_37_28_Kentucky.ndpi.ndpa,65,din,-241237,6600685,22907,1648489952.0118043
D3283-2_2024_02_06_15_37_28_Kentucky.ndpi.ndpa,66,paly,-192221,6654325,12161,464609889.3535749
D3283-2_2024_02_06_15_37_28_Kentucky.ndpi.ndpa,67,paly,921954,6808127,9467,281562379.5870778
D3283-2_2024_02_06_15_37_28_Kentucky.ndpi.ndpa,68,paly,1252020,6952953,10924,374898114.00672996
D3283-2_2024_02_06_15_37_28_Kentucky.ndpi.ndpa,69,paly,1093230,7073316,18647,1092365094.809633
D4354_3_R_2024_02_05_12_39_12_Arkansas.ndpi.ndpa,2,pol,16478369,324619,10885,372226029.23362654
D4354_3_R_2024_02_05_12_39_12_Arkansas.ndpi.ndpa,3,pol,16731845,283643,9304,271950133.3678907
D4354_3_R_2024_02_05_12_39_12_Arkansas.ndpi.ndpa,4,pol,16737634,285047,8944,251312131.5805164
D4354_3_R_2024_02_05_12_39_12_Arkansas.ndpi.ndpa,5,paly,16799540,298203,10762,363861284.32443875
D4354_3_R_2024_02_05_12_39_12_Arkansas.ndpi.ndpa,6,pol,16916898,296800,12553,495045287.12317556
D4354_3_R_2024_02_05_12_39_12_Arkansas.ndpi.ndpa,7,pol,17236580,258729,11465,412950494.802111
D4354_3_R_2024_02_05_12_39_12_Arkansas.ndpi.ndpa,8,paly,17712848,362445,9278,270432329.4259766
D4354_3_R_2024_02_05_12_39_12_Arkansas.ndpi.ndpa,9,alg,17357008,427244,22367,1571684420.4805472
D4354_3_R_2024_02_05_12_39_12_Arkansas.ndpi.ndpa,10,pol,17062100,489404,10531,348408785.94630176
D4354_3_R_2024_02_05_12_39_12_Arkansas.ndpi.ndpa,11,paly,16175757,472851,8409,222146040.91552353
D4354_3_R_2024_02_05_12_39_12_Arkansas.ndpi.ndpa,12,pol,16761672,597857,11530,417646154.80161536
D4354_3_R_2024_02_05_12_39_12_Arkansas.ndpi.ndpa,13,pol,17154728,616956,11508,416053882.54744047
D4354_3_R_2024_02_05_12_39_12_Arkansas.ndpi.ndpa,14,pol,17387366,673256,12768,512148164.6532082
D4354_3_R_2024_02_05_12_39_12_Arkansas.ndpi.ndpa,15,pol,16989616,644158,9685,294678956.1724161
D4354_3_R_2024_02_05_12_39_12_Arkansas.ndpi.ndpa,16,pol,17805772,596063,12291,474596258.41709995
D4354_3_R_2024_02_05_12_39_12_Arkansas.ndpi.ndpa,17,paly,16989660,774485,17055,913804558.4674402
D4354_3_R_2024_02_05_12_39_12_Arkansas.ndpi.ndpa,18,alg,16663193,782004,21411,1440203213.5920029
D4354_3_R_2024_02_05_12_39_12_Arkansas.ndpi.ndpa,19,pol,16889306,820682,10900,373252623.1730033
D4354_3_R_2024_02_05_12_39_12_Arkansas.ndpi.ndpa,20,pol,17087842,885336,10990,379441874.8598406
D4354_3_R_2024_02_05_12_39_12_Arkansas.ndpi.ndpa,21,pol,17235912,845056,19352,1176526147.1764827
D4354_3_R_2024_02_05_12_39_12_Arkansas.ndpi.ndpa,22,pol,17693288,787382,11139,389800400.13070256
D4354_3_R_2024_02_05_12_39_12_Arkansas.ndpi.ndpa,23,pol,17764234,921153,9058,257759395.98880765
D4354_3_R_2024_02_05_12_39_12_Arkansas.ndpi.ndpa,24,pol,17864932,951821,9743,298218978.17270476
D4354_3_R_2024_02_05_12_39_12_Arkansas.ndpi.ndpa,25,pol,17483652,980543,11706,430493811.05580634
D4354_3_R_2024_02_05_12_39_12_Arkansas.ndpi.ndpa,26,pol,17206390,985922,9871,306106235.55606604
D4354_3_R_2024_02_05_12_39_12_Arkansas.ndpi.ndpa,27,pol,16874202,941064,17075,915949009.6127806
D4354_3_R_2024_02_05_12_39_12_Arkansas.ndpi.ndpa,28,pol,16891480,957085,13117,540528888.5707302
D4354_3_R_2024_02_05_12_39_12_Arkansas.ndpi.ndpa,29,pol,16423921,925959,16095,813826513.8595986
D4354_3_R_2024_02_05_12_39_12_Arkansas.ndpi.ndpa,30,pol,16348823,1066381,12766,511987729.7995747
D4354_3_R_2024_02_05_12_39_12_Arkansas.ndpi.ndpa,31,pol,16589028,1027785,9024,255827982.5244925
D4354_3_R_2024_02_05_12_39_12_Arkansas.ndpi.ndpa,32,pol,17199026,1022731,14890,696529104.5719656
D4354_3_R_2024_02_05_12_39_12_Arkansas.ndpi.ndpa,33,pol,16704603,1178842,8951,251705663.18426833
D4354_3_R_2024_02_05_12_39_12_Arkansas.ndpi.ndpa,34,pol,16053270,1188798,12137,462777863.31444865
D4354_3_R_2024_02_05_12_39_12_Arkansas.ndpi.ndpa,35,pol,17527466,1196236,8606,232676518.1186871
D4354_3_R_2024_02_05_12_39_12_Arkansas.ndpi.ndpa,36,alg,17381912,1381616,16999,907813465.8788208
D4354_3_R_2024_02_05_12_39_12_Arkansas.ndpi.ndpa,37,alg,17006012,1378755,12938,525876987.3812487
D4354_3_R_2024_02_05_12_39_12_Arkansas.ndpi.ndpa,38,pol,16606766,1396607,11828,439513788.51997536
D4354_3_R_2024_02_05_12_39_12_Arkansas.ndpi.ndpa,39,pol,16419558,1335615,11203,394292525.7669588
D4354_3_R_2024_02_05_12_39_12_Arkansas.ndpi.ndpa,40,spo,16217155,1320395,26505,2207016041.57645
D4354_3_R_2024_02_05_12_39_12_Arkansas.ndpi.ndpa,41,pol,16210518,1316848,9541,285981318.68087596
D4354_3_R_2024_02_05_12_39_12_Arkansas.ndpi.ndpa,42,pol,16220359,1298310,9596,289287954.9045221
D4354_3_R_2024_02_05_12_39_12_Arkansas.ndpi.ndpa,43,pol,16251598,1421668,10420,341102820.5932268
D4354_3_R_2024_02_05_12_39_12_Arkansas.ndpi.ndpa,44,pol,17153992,1477091,17508,962992597.1668091
D4354_3_R_2024_02_05_12_39_12_Arkansas.ndpi.ndpa,45,pol,17166236,1481211,18782,1108239295.4528468
D4354_3_R_2024_02_05_12_39_12_Arkansas.ndpi.ndpa,46,pol,17095862,1563144,10685,358673198.52604014
D4354_3_R_2024_02_05_12_39_12_Arkansas.ndpi.ndpa,47,pol,17206858,1755528,13671,587151857.7091475
D4354_3_R_2024_02_05_12_39_12_Arkansas.ndpi.ndpa,48,spo,17187864,1747403,11195,393729602.62891793
D4354_3_R_2024_02_05_12_39_12_Arkansas.ndpi.ndpa,49,pol,17770310,1751523,15865,790733294.5815908
D4354_3_R_2024_02_05_12_39_12_Arkansas.ndpi.ndpa,50,paly,17611332,616663,9478,282217071.78812265
D4354_3_R_2024_02_05_12_39_12_Arkansas.ndpi.ndpa,51,paly,16645226,1222199,18108,1030127175.5369616
D4354_3_R_2024_02_05_12_39_12_Arkansas.ndpi.ndpa,52,din,16843980,240838,12120,461482367.8934805
D4919-A_1_L_2024_02_01_14_07_43_Georgia.ndpi.ndpa,3,pol,12767464,8566739,9169,264115456.82077256
D4919-A_1_L_2024_02_01_14_07_43_Georgia.ndpi.ndpa,4,pol,12863659,8523308,17282,938291699.2642533
D4919-A_1_L_2024_02_01_14_07_43_Georgia.ndpi.ndpa,5,fun,13041521,8672218,9536,285681657.8656133
D4919-A_1_L_2024_02_01_14_07_43_Georgia.ndpi.ndpa,6,pol,13247002,8491252,18733,1102464309.881275
D4919-A_1_L_2024_02_01_14_07_43_Georgia.ndpi.ndpa,7,pol,13236144,8542956,21041,1390857463.7998312
D4919-A_1_L_2024_02_01_14_07_43_Georgia.ndpi.ndpa,8,spo,14029935,8470050,27076,2303132286.556459
D4919-A_1_L_2024_02_01_14_07_43_Georgia.ndpi.ndpa,9,pol,14118866,8597245,17212,930706072.4747484
D4919-A_1_L_2024_02_01_14_07_43_Georgia.ndpi.ndpa,10,paly,14069158,8701962,17719,986343731.7768987
D4919-A_1_L_2024_02_01_14_07_43_Georgia.ndpi.ndpa,11,pol,12454604,8963362,19890,1242852067.0312307
D4919-A_1_L_2024_02_01_14_07_43_Georgia.ndpi.ndpa,12,pol,12723512,9021531,18757,1105290989.2872689
D4919-A_1_L_2024_02_01_14_07_43_Georgia.ndpi.ndpa,13,pol,13720966,9325744,20267,1290413231.974938
D4919-A_1_L_2024_02_01_14_07_43_Georgia.ndpi.ndpa,14,paly,13236785,9285417,14339,645933192.5408169
D4919-A_1_L_2024_02_01_14_07_43_Georgia.ndpi.ndpa,15,spo,13028935,9156930,19020,1136503814.999705
D4919-A_1_L_2024_02_01_14_07_43_Georgia.ndpi.ndpa,16,pol,12661908,9375382,17587,971702678.5068501
D4919-A_1_L_2024_02_01_14_07_43_Georgia.ndpi.ndpa,17,pol,12855127,9578531,18617,1088853045.5503318
D4919-A_1_L_2024_02_01_14_07_43_Georgia.ndpi.ndpa,18,pol,13001966,9525792,18471,1071841798.8532265
D4919-A_1_L_2024_02_01_14_07_43_Georgia.ndpi.ndpa,19,pol,13794218,9744829,17929,1009861945.7090842
D4919-A_1_L_2024_02_01_14_07_43_Georgia.ndpi.ndpa,20,paly,12562752,9658996,12926,524901937.55253935
D4919-A_1_L_2024_02_01_14_07_43_Georgia.ndpi.ndpa,21,paly,12792722,9919144,8441,223839987.67433915
D4919-A_1_L_2024_02_01_14_07_43_Georgia.ndpi.ndpa,22,pol,6387843,3623536,16134,817775279.0552679
D4919-A_1_L_2024_02_01_14_07_43_Georgia.ndpi.ndpa,23,fun,6512982,3366001,7645,183613602.77152538
D4919-A_1_L_2024_02_01_14_07_43_Georgia.ndpi.ndpa,24,paly,7611626,3680528,19842,1236860622.584234
D4919-A_1_L_2024_02_01_14_07_43_Georgia.ndpi.ndpa,25,pol,7102587,3841029,13899,606899783.4659067
D4919-A_1_L_2024_02_01_14_07_43_Georgia.ndpi.ndpa,26,pol,7035713,3825556,18548,1080796792.473356
D4919-A_1_L_2024_02_01_14_07_43_Georgia.ndpi.ndpa,27,pol,6619320,3822671,20532,1324379299.2234976
D4919-A_1_L_2024_02_01_14_07_43_Georgia.ndpi.ndpa,28,pol,6433910,3640141,17728,987345972.090025
D4919-A_1_L_2024_02_01_14_07_43_Georgia.ndpi.ndpa,29,pol,6201923,3707803,16177,822140123.065164
D4919-A_1_L_2024_02_01_14_07_43_Georgia.ndpi.ndpa,30,pol,6756900,4043000,12786,513593209.3092652
D4919-A_1_L_2024_02_01_14_07_43_Georgia.ndpi.ndpa,31,pol,7602110,3927870,16373,842182855.8765361
D4919-A_1_L_2024_02_01_14_07_43_Georgia.ndpi.ndpa,32,pol,7848887,3961176,18299,1051972984.6111571
D4919-A_1_L_2024_02_01_14_07_43_Georgia.ndpi.ndpa,33,pol,8004926,3975076,18112,1030582329.4806136
D4919-A_1_L_2024_02_01_14_07_43_Georgia.ndpi.ndpa,34,fun,7912351,4306114,7713,186894506.20974597
D4919-A_1_L_2024_02_01_14_07_43_Georgia.ndpi.ndpa,35,pol,6824063,4222455,16997,907599862.711118
D4919-A_1_L_2024_02_01_14_07_43_Georgia.ndpi.ndpa,36,pol,6800460,4249205,22043,1526480546.4428682
D4919-A_1_L_2024_02_01_14_07_43_Georgia.ndpi.ndpa,37,spo,6215587,4528193,26736,2245653456.0389676
D4919-A_1_L_2024_02_01_14_07_43_Georgia.ndpi.ndpa,38,fun,7423570,4396540,17240,933736628.6775897
D4919-A_1_L_2024_02_01_14_07_43_Georgia.ndpi.ndpa,39,pol,7858324,4472332,15067,713187050.9008409
D4919-A_1_L_2024_02_01_14_07_43_Georgia.ndpi.ndpa,40,pol,7738655,4712236,23569,1745147685.0431788
D4919-A_1_L_2024_02_01_14_07_43_Georgia.ndpi.ndpa,41,pol,7643721,4746329,15176,723543270.2426952
D4919-A_1_L_2024_02_01_14_07_43_Georgia.ndpi.ndpa,42,pol,7803795,4786425,10375,338162996.72781384
D4919-A_1_L_2024_02_01_14_07_43_Georgia.ndpi.ndpa,44,paly,-1535522,-657408,13967,612852749.6860822
D4919-A_1_L_2024_02_01_14_07_43_Georgia.ndpi.ndpa,45,pol,-717621,-860577,16597,865384397.2692398
D4919-A_1_L_2024_02_01_14_07_43_Georgia.ndpi.ndpa,46,pol,-584147,-699932,17256,935470586.7604414
D4919-A_1_L_2024_02_01_14_07_43_Georgia.ndpi.ndpa,47,pol,-484139,-574723,16750,881413088.8727863
D4919-A_1_L_2024_02_01_14_07_43_Georgia.ndpi.ndpa,48,fun,-401849,-744031,10160,324292786.62239856
D4919-A_1_L_2024_02_01_14_07_43_Georgia.ndpi.ndpa,49,fun,-527449,-808998,9464,281383959.1155025
D4919-A_1_L_2024_02_01_14_07_43_Georgia.ndpi.ndpa,50,paly,-441754,-914514,23395,1719475419.2585034
D4919-A_1_L_2024_02_01_14_07_43_Georgia.ndpi.ndpa,51,pol,-87152,-802571,18270,1048641322.4604324
D4919-A_1_L_2024_02_01_14_07_43_Georgia.ndpi.ndpa,52,paly,-356335,-295255,15121,718308324.4482756
D4919-A_1_L_2024_02_01_14_07_43_Georgia.ndpi.ndpa,53,pol,-686454,-484188,16327,837457272.2070063
D4919-A_1_L_2024_02_01_14_07_43_Georgia.ndpi.ndpa,54,pol,-784429,-318328,19032,1137938341.6035578
D4919-A_1_L_2024_02_01_14_07_43_Georgia.ndpi.ndpa,55,spo,-1522178,-62231,19571,1203305513.3538756
D4919-A_1_L_2024_02_01_14_07_43_Georgia.ndpi.ndpa,56,pol,-1002513,-272565,15858,790035669.375342
D4919-A_1_L_2024_02_01_14_07_43_Georgia.ndpi.ndpa,57,pol,-512546,-237119,18443,1068594673.8192173
D4919-A_1_L_2024_02_01_14_07_43_Georgia.ndpi.ndpa,58,pol,-1312056,159782,15253,730904125.5026137
D4919-A_1_L_2024_02_01_14_07_43_Georgia.ndpi.ndpa,59,pol,-1752545,122329,10302,333421010.80303967
D4919-A_1_L_2024_02_01_14_07_43_Georgia.ndpi.ndpa,60,pol,-1394008,361267,18294,1051398183.1112931
D4919-A_1_L_2024_02_01_14_07_43_Georgia.ndpi.ndpa,61,pol,-829015,415439,17338,944382367.7736208
D4919-A_1_L_2024_02_01_14_07_43_Georgia.ndpi.ndpa,62,pol,-465228,628051,18928,1125535836.46201
D3516-A_1_L_2024_02_20_12_51_02_Montana.ndpi.ndpa,2,spo,4339981,2177385,18968,1130297988.2700274
D3516-A_1_L_2024_02_20_12_51_02_Montana.ndpi.ndpa,3,spo,3971509,1959984,15768,781093628.5417233
D3516-A_1_L_2024_02_20_12_51_02_Montana.ndpi.ndpa,4,pol,4262219,1962206,13686,588441025.9625113
D3516-A_1_L_2024_02_20_12_51_02_Montana.ndpi.ndpa,5,pol,4162882,1811306,27767,2422187693.393929
D3516-A_1_L_2024_02_20_12_51_02_Montana.ndpi.ndpa,6,pol,4340712,1702607,29630,2758120115.3553967
D3516-A_1_L_2024_02_20_12_51_02_Montana.ndpi.ndpa,7,pol,3670892,1307263,17260,935904327.6085666
D3516-A_1_L_2024_02_20_12_51_02_Montana.ndpi.ndpa,8,paly,3715188,1214237,24074,1820733508.9346428
D3516-A_1_L_2024_02_20_12_51_02_Montana.ndpi.ndpa,9,spo,4423249,1253584,21562,1460588766.4185126
D3516-A_1_L_2024_02_20_12_51_02_Montana.ndpi.ndpa,10,paly,5302224,1235643,19816,1233621301.2663763
D3516-A_1_L_2024_02_20_12_51_02_Montana.ndpi.ndpa,11,alg,5236153,1443372,14960,703093462.4216415
D3516-A_1_L_2024_02_20_12_51_02_Montana.ndpi.ndpa,12,bipol,4645807,1351379,27422,2362371125.2430854
D3516-A_1_L_2024_02_20_12_51_02_Montana.ndpi.ndpa,13,pol,4835937,1543595,17291,939269227.8095663
D3516-A_1_L_2024_02_20_12_51_02_Montana.ndpi.ndpa,14,bipol,4026832,1453464,30051,2837054833.0332904
D3516-A_1_L_2024_02_20_12_51_02_Montana.ndpi.ndpa,15,bipol,4841282,1695578,24689,1914947500.7133472
D3516-A_1_L_2024_02_20_12_51_02_Montana.ndpi.ndpa,16,paly,4572913,2033964,29876,2804108244.0167475
D3516-A_1_L_2024_02_20_12_51_02_Montana.ndpi.ndpa,17,paly,3896187,2286103,16090,813320953.0618197
D3516-A_1_L_2024_02_20_12_51_02_Montana.ndpi.ndpa,18,paly,5400325,2681894,34045,3641300742.794909
D3516-A_1_L_2024_02_20_12_51_02_Montana.ndpi.ndpa,19,pol,4620387,2569218,19441,1187372737.7156358
D3516-A_1_L_2024_02_20_12_51_02_Montana.ndpi.ndpa,20,pol,4528998,2594647,14533,663529780.7811391
D3516-A_1_L_2024_02_20_12_51_02_Montana.ndpi.ndpa,21,spo,4584164,2521433,15750,779311327.631118
D3516-A_1_L_2024_02_20_12_51_02_Montana.ndpi.ndpa,22,paly,4538238,2507716,33551,3536395348.8709536
D3516-A_1_L_2024_02_20_12_51_02_Montana.ndpi.ndpa,23,din,5064104,2327389,27827,2432666915.512949
D3516-A_1_L_2024_02_20_12_51_02_Montana.ndpi.ndpa,24,pol,4955603,2216487,14208,634184713.5826713
D3516-A_1_L_2024_02_20_12_51_02_Montana.ndpi.ndpa,25,fun,4413298,2227840,8640,234518634.95341662
D3516-A_1_L_2024_02_20_12_51_02_Montana.ndpi.ndpa,26,pol,4937866,2169898,18123,1031834521.1884447
D3516-A_1_L_2024_02_20_12_51_02_Montana.ndpi.ndpa,27,alg,3726924,1930482,30624,2946277877.9623
D3516-A_1_L_2024_02_20_12_51_02_Montana.ndpi.ndpa,28,pol,4553657,1781400,6879,148662178.12875995
D3516-A_1_L_2024_02_20_12_51_02_Montana.ndpi.ndpa,29,paly,3724594,1787535,14417,652979684.331854
D3516-A_1_L_2024_02_20_12_51_02_Montana.ndpi.ndpa,30,pol,4457138,1690659,19115,1147885255.4049463
D3516-A_1_L_2024_02_20_12_51_02_Montana.ndpi.ndpa,31,pol,3744617,1605928,14425,653704562.8543726
D3516-A_1_L_2024_02_20_12_51_02_Montana.ndpi.ndpa,32,paly,5341578,1431358,28542,2559285147.4604445
D3516-A_1_L_2024_02_20_12_51_02_Montana.ndpi.ndpa,33,paly,3707728,1306407,28855,2615724679.4378676
D3516-A_1_L_2024_02_20_12_51_02_Montana.ndpi.ndpa,34,paly,4651738,1168346,16327,837457272.2070063
D3516-A_1_L_2024_02_20_12_51_02_Montana.ndpi.ndpa,35,pol,4149640,1223631,11869,442566087.68557215
D3516-A_1_L_2024_02_20_12_51_02_Montana.ndpi.ndpa,36,pol,4158997,1250596,13999,615664198.6508915
D3516-A_1_L_2024_02_20_12_51_02_Montana.ndpi.ndpa,37,paly,3860411,1179413,26630,2227882107.2825117
D3516-A_1_L_2024_02_20_12_51_02_Montana.ndpi.ndpa,39,paly,-1917678,8340972,28722,2591667176.5691743
D3516-A_1_L_2024_02_20_12_51_02_Montana.ndpi.ndpa,40,paly,-1456124,8298156,29410,2717314596.6964498
D3516-A_1_L_2024_02_20_12_51_02_Montana.ndpi.ndpa,41,paly,-1700218,8394076,30387,2900851682.837304
D3516-A_1_L_2024_02_20_12_51_02_Montana.ndpi.ndpa,42,paly,-1654769,8410501,14867,694378964.0023295
D3516-A_1_L_2024_02_20_12_51_02_Montana.ndpi.ndpa,43,paly,-1309516,8661808,31113,3041120653.227435
D3516-A_1_L_2024_02_20_12_51_02_Montana.ndpi.ndpa,44,paly,-849789,8286749,29884,2805610176.6325755
D3516-A_1_L_2024_02_20_12_51_02_Montana.ndpi.ndpa,45,bipol,-415835,8752040,52101,8527897871.926767
D3516-A_1_L_2024_02_20_12_51_02_Montana.ndpi.ndpa,46,paly,-566852,8918309,34699,3782542274.8723674
D3516-A_1_L_2024_02_20_12_51_02_Montana.ndpi.ndpa,47,paly,-1260922,8730929,18383,1061653136.3555515
D3516-A_1_L_2024_02_20_12_51_02_Montana.ndpi.ndpa,48,spo,-1719030,9181986,26084,2137461277.615344
D3516-A_1_L_2024_02_20_12_51_02_Montana.ndpi.ndpa,49,bipol,-1844826,9162335,30675,2956099278.8539925
D3516-A_1_L_2024_02_20_12_51_02_Montana.ndpi.ndpa,50,bipol,-1514938,9213950,31135,3045422926.1364493
D3516-A_1_L_2024_02_20_12_51_02_Montana.ndpi.ndpa,51,paly,-1654811,9243272,33707,3569357718.1073956
D3516-A_1_L_2024_02_20_12_51_02_Montana.ndpi.ndpa,52,pol,-900457,9193435,19313,1171788829.658392
D3516-A_1_L_2024_02_20_12_51_02_Montana.ndpi.ndpa,53,bipol,-739473,9312199,43410,5920105475.178172
D3516-A_1_L_2024_02_20_12_51_02_Montana.ndpi.ndpa,54,paly,-366196,9445425,34420,3721959170.6804185
D3516-A_1_L_2024_02_20_12_51_02_Montana.ndpi.ndpa,55,paly,-568531,9558612,27641,2400254953.309416
D3516-A_1_L_2024_02_20_12_51_02_Montana.ndpi.ndpa,56,spo,-1047572,9505246,22120,1537163692.4826257
D3516-A_1_L_2024_02_20_12_51_02_Montana.ndpi.ndpa,57,spo,-854920,9549817,21910,1508115584.3297384
D3516-A_1_L_2024_02_20_12_51_02_Montana.ndpi.ndpa,58,pol,-840251,9620490,14555,665540199.0175068
D3516-A_1_L_2024_02_20_12_51_02_Montana.ndpi.ndpa,59,paly,-1350312,9814191,28328,2521051399.379579
D3516-A_1_L_2024_02_20_12_51_02_Montana.ndpi.ndpa,60,paly,-1439748,9839410,33000,3421194399.7592845
D3516-A_1_L_2024_02_20_12_51_02_Montana.ndpi.ndpa,61,bipol,-1594579,9860230,43170,5854825693.110699
D3516-A_1_L_2024_02_20_12_51_02_Montana.ndpi.ndpa,62,spo,-605495,9732375,28013,2465296250.7953696
D5964-1_L_2024_02_06_10_17_07_Wyoming.ndpi.ndpa,2,pol,6301975,2569531,14255,638387413.7125303
D5964-1_L_2024_02_06_10_17_07_Wyoming.ndpi.ndpa,3,pol,6201312,2735409,16611,866844961.3930055
D5964-1_L_2024_02_06_10_17_07_Wyoming.ndpi.ndpa,4,pol,6205877,2791044,13278,553879385.0034621
D5964-1_L_2024_02_06_10_17_07_Wyoming.ndpi.ndpa,5,pol,4877582,1597724,9868,305920199.8638984
D5964-1_L_2024_02_06_10_17_07_Wyoming.ndpi.ndpa,6,spo,6118062,1585190,25026,1967581602.6599212
D5964-1_L_2024_02_06_10_17_07_Wyoming.ndpi.ndpa,7,paly,6704920,1565927,9795,301410760.91052824
D5964-1_L_2024_02_06_10_17_07_Wyoming.ndpi.ndpa,8,pol,6517964,1622663,17121,920890785.1223599
D5964-1_L_2024_02_06_10_17_07_Wyoming.ndpi.ndpa,9,pol,6344071,1655516,12764,511827320.0786824
D5964-1_L_2024_02_06_10_17_07_Wyoming.ndpi.ndpa,10,pol,5976098,1673065,12520,492445905.0872615
D5964-1_L_2024_02_06_10_17_07_Wyoming.ndpi.ndpa,11,pol,5129585,1669766,8212,211859407.85094628
D5964-1_L_2024_02_06_10_17_07_Wyoming.ndpi.ndpa,12,pol,5043954,1823347,14008,616456077.9199334
D5964-1_L_2024_02_06_10_17_07_Wyoming.ndpi.ndpa,13,pol,5704841,1792341,12941,526120891.21009547
D5964-1_L_2024_02_06_10_17_07_Wyoming.ndpi.ndpa,14,paly,5824240,1725711,12911,523684397.61167735
D5964-1_L_2024_02_06_10_17_07_Wyoming.ndpi.ndpa,15,pol,5997736,1808702,11642,425799417.1181414
D5964-1_L_2024_02_06_10_17_07_Wyoming.ndpi.ndpa,16,pol,6473633,1774661,9947,310838001.87993807
D5964-1_L_2024_02_06_10_17_07_Wyoming.ndpi.ndpa,17,pol,6218334,1851453,10982,378889658.2695632
D5964-1_L_2024_02_06_10_17_07_Wyoming.ndpi.ndpa,18,pol,6154872,1826384,12740,509904363.78179073
D5964-1_L_2024_02_06_10_17_07_Wyoming.ndpi.ndpa,19,spo,6037580,2036831,16252,829781026.1774087
D5964-1_L_2024_02_06_10_17_07_Wyoming.ndpi.ndpa,20,pol,6314913,2051607,15695,773878021.6765509
D5964-1_L_2024_02_06_10_17_07_Wyoming.ndpi.ndpa,21,pol,5611825,2095807,13059,535759297.47130895
D5964-1_L_2024_02_06_10_17_07_Wyoming.ndpi.ndpa,22,paly,5306386,2176152,15064,712903072.9161049
D5964-1_L_2024_02_06_10_17_07_Wyoming.ndpi.ndpa,23,paly,5839677,2199638,15025,709216505.0433043
D5964-1_L_2024_02_06_10_17_07_Wyoming.ndpi.ndpa,24,pol,6696476,2157680,13734,592575864.54946
D5964-1_L_2024_02_06_10_17_07_Wyoming.ndpi.ndpa,25,pol,5836775,2282225,13183,545982065.0988313
D5964-1_L_2024_02_06_10_17_07_Wyoming.ndpi.ndpa,26,pol,5301240,2300697,12224,469436176.77561545
D5964-1_L_2024_02_06_10_17_07_Wyoming.ndpi.ndpa,27,pol,5299261,2282225,12289,474441817.7222495
D5964-1_L_2024_02_06_10_17_07_Wyoming.ndpi.ndpa,28,pol,6293671,2397007,6317,125363649.48765472
D5964-1_L_2024_02_06_10_17_07_Wyoming.ndpi.ndpa,29,pol,4915975,2637258,12225,469512985.57440305
D5964-1_L_2024_02_06_10_17_07_Wyoming.ndpi.ndpa,30,pol,5173390,2640952,11941,447951782.8034742
D5964-1_L_2024_02_06_10_17_07_Wyoming.ndpi.ndpa,31,pol,5626603,2631716,12394,482583930.52644795
D5964-1_L_2024_02_06_10_17_07_Wyoming.ndpi.ndpa,32,pol,6137720,2676839,8329,217939322.68866065
D5964-1_L_2024_02_06_10_17_07_Wyoming.ndpi.ndpa,33,pol,6309899,2656785,11390,407565412.2947764
D5964-1_L_2024_02_06_10_17_07_Wyoming.ndpi.ndpa,34,fun,6213453,2766288,21398,1438454863.873205
D5964-1_L_2024_02_06_10_17_07_Wyoming.ndpi.ndpa,35,pol,6075710,2791884,13196,547059402.0427489
D5964-1_L_2024_02_06_10_17_07_Wyoming.ndpi.ndpa,36,pol,5426452,2786996,12629,501057767.67458063
D5964-1_L_2024_02_06_10_17_07_Wyoming.ndpi.ndpa,37,pol,5680037,2880014,9775,300181141.5459132
D5964-1_L_2024_02_06_10_17_07_Wyoming.ndpi.ndpa,38,pol,6660061,2990442,10160,324292786.62239856
D5964-1_L_2024_02_06_10_17_07_Wyoming.ndpi.ndpa,39,pol,5731886,2992289,10172,325059284.964392
D5964-1_L_2024_02_06_10_17_07_Wyoming.ndpi.ndpa,40,pol,5143176,3000469,12973,528726050.6348995
D5964-1_L_2024_02_06_10_17_07_Wyoming.ndpi.ndpa,41,pol,5580820,3054296,11174,392253842.6214868
D5964-1_L_2024_02_06_10_17_07_Wyoming.ndpi.ndpa,43,pol,5391894,10095580,13112,540116884.4021752
D5964-1_L_2024_02_06_10_17_07_Wyoming.ndpi.ndpa,44,pol,5351666,10073804,15160,722018416.5668664
D5964-1_L_2024_02_06_10_17_07_Wyoming.ndpi.ndpa,45,pol,5631781,10105359,12956,527341258.58434564
D5964-1_L_2024_02_06_10_17_07_Wyoming.ndpi.ndpa,46,pol,6081293,9981178,13451,568406477.0000018
D5964-1_L_2024_02_06_10_17_07_Wyoming.ndpi.ndpa,47,pol,5789369,9916407,11994,451937065.8721488
D5964-1_L_2024_02_06_10_17_07_Wyoming.ndpi.ndpa,48,pol,5511099,9980624,11311,401931346.0032742
D5964-1_L_2024_02_06_10_17_07_Wyoming.ndpi.ndpa,49,pol,5463860,9785400,12463,487972179.7591774
D5964-1_L_2024_02_06_10_17_07_Wyoming.ndpi.ndpa,50,pol,5734194,9750524,15818,786055145.8195376
D5964-1_L_2024_02_06_10_17_07_Wyoming.ndpi.ndpa,51,spo,5789922,9629848,30094,2845179729.909747
D5964-1_L_2024_02_06_10_17_07_Wyoming.ndpi.ndpa,52,pol,5649865,9538134,11822,439067996.52243096
D5964-1_L_2024_02_06_10_17_07_Wyoming.ndpi.ndpa,53,pol,6510138,9214856,16022,806460921.0779586
D5964-1_L_2024_02_06_10_17_07_Wyoming.ndpi.ndpa,54,spo,6409385,9226112,47145,6982664131.633823
D5964-1_L_2024_02_06_10_17_07_Wyoming.ndpi.ndpa,55,pol,5718325,9336832,14993,706198766.5384896
D5964-1_L_2024_02_06_10_17_07_Wyoming.ndpi.ndpa,56,pol,5783095,9334064,11561,419894972.7965006
D5964-1_L_2024_02_06_10_17_07_Wyoming.ndpi.ndpa,57,paly,6831520,9015674,24846,1939379651.072352
D5964-1_L_2024_02_06_10_17_07_Wyoming.ndpi.ndpa,58,paly,5806956,8897760,11797,437212964.6003025
D5964-1_L_2024_02_06_10_17_07_Wyoming.ndpi.ndpa,59,pol,5940141,8700894,16350,839818402.1392574
Giraffe_26_3_146_L_Giraffe_2025_01_13_16_06_02.ndpi.ndpa,3,pol,-6211837,-8714956,12057,456697247.9015726
Giraffe_26_3_146_L_Giraffe_2025_01_13_16_06_02.ndpi.ndpa,4,pol,-5883876,-8603897,13016,532236865.24828774
Giraffe_26_3_146_L_Giraffe_2025_01_13_16_06_02.ndpi.ndpa,5,pol,-6017179,-8494149,11752,433883803.15733016
Giraffe_26_3_146_L_Giraffe_2025_01_13_16_06_02.ndpi.ndpa,6,pol,-6021196,-8481000,9740,298035355.22369504
Giraffe_26_3_146_L_Giraffe_2025_01_13_16_06_02.ndpi.ndpa,7,pol,-6718719,-8490860,13734,592575864.54946
Giraffe_26_3_146_L_Giraffe_2025_01_13_16_06_02.ndpi.ndpa,8,pol,-6803448,-8630742,12516,492131293.4325604
Giraffe_26_3_146_L_Giraffe_2025_01_13_16_06_02.ndpi.ndpa,9,pol,-5909806,-8231491,11527,417428847.69617385
Giraffe_26_3_146_L_Giraffe_2025_01_13_16_06_02.ndpi.ndpa,10,paly,-5882415,-8048484,13230,549882072.7765169
Giraffe_26_3_146_L_Giraffe_2025_01_13_16_06_02.ndpi.ndpa,11,spo,-7280573,-8018535,13951,611449437.9468355
Giraffe_26_3_146_L_Giraffe_2025_01_13_16_06_02.ndpi.ndpa,12,paly,-7238390,-8009404,9990,313531260.9875267
Giraffe_26_3_146_L_Giraffe_2025_01_13_16_06_02.ndpi.ndpa,13,pol,-7376251,-7354627,11107,387563988.2852063
Giraffe_26_3_146_L_Giraffe_2025_01_13_16_06_02.ndpi.ndpa,14,pol,-7514301,-7281567,15494,754183411.8887156
Giraffe_26_3_146_L_Giraffe_2025_01_13_16_06_02.ndpi.ndpa,15,spo,-6654082,-7247417,10478,344910694.78316057
Giraffe_26_3_146_L_Giraffe_2025_01_13_16_06_02.ndpi.ndpa,16,pol,-4172115,587968,13676,587581423.3806361
Giraffe_26_3_146_L_Giraffe_2025_01_13_16_06_02.ndpi.ndpa,17,pol,-3856862,613257,13716,591023603.6193213
Giraffe_26_3_146_L_Giraffe_2025_01_13_16_06_02.ndpi.ndpa,18,paly,-3491145,621382,8203,211395284.6602682
Giraffe_26_3_146_L_Giraffe_2025_01_13_16_06_02.ndpi.ndpa,19,pol,-3477299,658572,8318,217364043.66671324
Giraffe_26_3_146_L_Giraffe_2025_01_13_16_06_02.ndpi.ndpa,20,paly,-3498469,685464,13404,564441205.8765305
Giraffe_26_3_146_L_Giraffe_2025_01_13_16_06_02.ndpi.ndpa,21,pol,-3926092,697479,12540,494020471.32524073
Giraffe_26_3_146_L_Giraffe_2025_01_13_16_06_02.ndpi.ndpa,22,paly,-4094532,728262,11656,426824116.6771481
Giraffe_26_3_146_L_Giraffe_2025_01_13_16_06_02.ndpi.ndpa,23,paly,-4460592,675623,7839,193050620.37727314
Giraffe_26_3_146_L_Giraffe_2025_01_13_16_06_02.ndpi.ndpa,24,pol,-4679839,859401,11701,430126134.7595934
Giraffe_26_3_146_L_Giraffe_2025_01_13_16_06_02.ndpi.ndpa,25,pol,-3987884,923712,8976,253113646.4717909
Giraffe_26_3_146_L_Giraffe_2025_01_13_16_06_02.ndpi.ndpa,26,paly,-4380034,888467,7587,180838143.89215556
Giraffe_26_3_146_L_Giraffe_2025_01_13_16_06_02.ndpi.ndpa,27,pol,-4963396,919249,11666,427556798.9158183
Giraffe_26_3_146_L_Giraffe_2025_01_13_16_06_02.ndpi.ndpa,28,pol,-3226241,980356,8415,222463165.84434748
Giraffe_26_3_146_L_Giraffe_2025_01_13_16_06_02.ndpi.ndpa,29,pol,-3349023,1105430,11761,434548617.56990486
Giraffe_26_3_146_L_Giraffe_2025_01_13_16_06_02.ndpi.ndpa,30,pol,-4294669,1151432,7908,196464095.88388258
Giraffe_26_3_146_L_Giraffe_2025_01_13_16_06_02.ndpi.ndpa,31,pol,-3534399,1216429,10701,359748176.1338749
Giraffe_26_3_146_L_Giraffe_2025_01_13_16_06_02.ndpi.ndpa,32,pol,-3227156,1207275,14483,658971958.1593112
Giraffe_26_3_146_L_Giraffe_2025_01_13_16_06_02.ndpi.ndpa,33,pol,-3259311,1306945,7444,174085500.9699721
Giraffe_26_3_146_L_Giraffe_2025_01_13_16_06_02.ndpi.ndpa,34,pol,-4768065,1310264,14078,622632511.908744
Giraffe_26_3_146_L_Giraffe_2025_01_13_16_06_02.ndpi.ndpa,35,pol,-4665650,1451587,11362,405564041.8452511
Giraffe_26_3_146_L_Giraffe_2025_01_13_16_06_02.ndpi.ndpa,36,pol,-3377745,1430074,11310,401860280.0358573
Giraffe_26_3_146_L_Giraffe_2025_01_13_16_06_02.ndpi.ndpa,37,pol,-3475926,1511550,13409,564862383.4956341
Giraffe_26_3_146_L_Giraffe_2025_01_13_16_06_02.ndpi.ndpa,38,pol,-3638073,1544850,7017,154686646.99773112
Giraffe_26_3_146_L_Giraffe_2025_01_13_16_06_02.ndpi.ndpa,39,pol,-4452033,1519675,9461,281205595.1925949
Giraffe_26_3_146_L_Giraffe_2025_01_13_16_06_02.ndpi.ndpa,40,pol,-4437844,1529859,9461,281205595.1925949
Giraffe_26_3_146_L_Giraffe_2025_01_13_16_06_02.ndpi.ndpa,41,pol,-4449287,1532949,9461,281205595.1925949
Giraffe_26_3_146_L_Giraffe_2025_01_13_16_06_02.ndpi.ndpa,42,pol,-4440018,1518530,9461,281205595.1925949
Giraffe_26_3_146_L_Giraffe_2025_01_13_16_06_02.ndpi.ndpa,43,paly,-4664986,1498276,9655,292856204.11480325
Giraffe_26_3_146_L_Giraffe_2025_01_13_16_06_02.ndpi.ndpa,44,pol,-4794635,1564189,11360,405421275.30870134
Giraffe_26_3_146_L_Giraffe_2025_01_13_16_06_02.ndpi.ndpa,45,paly,-4714992,1575289,12405,483440922.4448281
Giraffe_26_3_146_L_Giraffe_2025_01_13_16_06_02.ndpi.ndpa,46,paly,-4024982,1589478,13052,535185086.59086376
Giraffe_26_3_146_L_Giraffe_2025_01_13_16_06_02.ndpi.ndpa,47,pol,-4026355,1640744,8203,211395284.6602682
Giraffe_26_3_146_L_Giraffe_2025_01_13_16_06_02.ndpi.ndpa,48,pol,-3620588,1627813,5611,98907769.96420926
Giraffe_26_3_146_L_Giraffe_2025_01_13_16_06_02.ndpi.ndpa,49,pol,-3212761,1719359,14095,624137149.4358469
Giraffe_26_3_146_L_Giraffe_2025_01_13_16_06_02.ndpi.ndpa,50,pol,-3473660,1703796,13124,541105958.3004901
Giraffe_26_3_146_L_Giraffe_2025_01_13_16_06_02.ndpi.ndpa,51,pol,-3918562,1685945,10080,319205919.79770595
Giraffe_26_3_146_L_Giraffe_2025_01_13_16_06_02.ndpi.ndpa,52,pol,-4936299,1711463,15517,756424162.2736665
Giraffe_26_3_146_L_Giraffe_2025_01_13_16_06_02.ndpi.ndpa,53,pol,-4908378,1695900,9063,258044039.99118617
Giraffe_26_3_146_L_Giraffe_2025_01_13_16_06_02.ndpi.ndpa,54,pol,-3746117,1922819,12619,500264578.3614023
Giraffe_26_3_146_L_Giraffe_2025_01_13_16_06_02.ndpi.ndpa,55,pol,-4232443,1926367,11170,391973059.63647956
Giraffe_26_3_146_L_Giraffe_2025_01_13_16_06_02.ndpi.ndpa,56,pol,-4173054,1960925,12622,500502469.1819101
Giraffe_26_3_146_L_Giraffe_2025_01_13_16_06_02.ndpi.ndpa,58,paly,-4659904,1980630,12246,471127421.764749
Giraffe_26_3_146_L_Giraffe_2025_01_13_16_06_02.ndpi.ndpa,59,paly,-3225415,2093460,12796,514396891.5419066
D4200_2_2024_02_06_12_29_47_Wyoming.ndpi.ndpa,2,pol,3353515,4472318,17160,925090965.6949105
D4200_2_2024_02_06_12_29_47_Wyoming.ndpi.ndpa,3,spo,3639588,4554366,13155,543665253.6141444
D4200_2_2024_02_06_12_29_47_Wyoming.ndpi.ndpa,4,paly,3321704,4527703,11880,443386794.2088033
D4200_2_2024_02_06_12_29_47_Wyoming.ndpi.ndpa,5,pol,2754019,4516031,6716,141700455.9322948
D4200_2_2024_02_06_12_29_47_Wyoming.ndpi.ndpa,6,pol,3994665,4637558,13170,544905790.0132307
D4200_2_2024_02_06_12_29_47_Wyoming.ndpi.ndpa,7,pol,3466457,4749816,9851,304867065.74978405
D4200_2_2024_02_06_12_29_47_Wyoming.ndpi.ndpa,8,pol,3828903,5236217,9475,282038443.97143215
D4200_2_2024_02_06_12_29_47_Wyoming.ndpi.ndpa,9,pol,3853621,5246859,8495,226713112.38612375
D4200_2_2024_02_06_12_29_47_Wyoming.ndpi.ndpa,10,pol,3317270,5816061,8656,235388026.73800045
D4200_2_2024_02_06_12_29_47_Wyoming.ndpi.ndpa,11,spo,3136815,5798667,11617,423972659.52989525
D4200_2_2024_02_06_12_29_47_Wyoming.ndpi.ndpa,12,pol,3588719,5898453,14406,651983632.9562553
D4200_2_2024_02_06_12_29_47_Wyoming.ndpi.ndpa,14,pol,4706258,7282489,9582,288444462.4097745
D4200_2_2024_02_06_12_29_47_Wyoming.ndpi.ndpa,15,pol,4866596,7579193,13099,539046408.696613
D4200_2_2024_02_06_12_29_47_Wyoming.ndpi.ndpa,16,pol,4145176,8332663,14731,681733023.1292403
D4200_2_2024_02_06_12_29_47_Wyoming.ndpi.ndpa,17,pol,4636500,8019536,14591,668836533.9588418
D4200_2_2024_02_06_12_29_47_Wyoming.ndpi.ndpa,18,pol,4365698,8023917,9279,270490627.9608493
D4200_2_2024_02_06_12_29_47_Wyoming.ndpi.ndpa,19,paly,4462014,7711004,15727,777036905.656106
D4200_2_2024_02_06_12_29_47_Wyoming.ndpi.ndpa,20,pol,4560342,7500576,9507,283946722.7474463
D4200_2_2024_02_06_12_29_47_Wyoming.ndpi.ndpa,21,pol,4348096,7622096,9660,293159603.4253237
D4200_2_2024_02_06_12_29_47_Wyoming.ndpi.ndpa,22,pol,4692210,7358125,16775,884046136.2155763
D4200_2_2024_02_06_12_29_47_Wyoming.ndpi.ndpa,23,pol,5047060,7479857,6417,129364153.57273595
D4200_2_2024_02_06_12_29_47_Wyoming.ndpi.ndpa,24,pol,5309849,7449374,6651,138970867.44726002
D4200_2_2024_02_06_12_29_47_Wyoming.ndpi.ndpa,25,pol,4884856,7164755,8493,226606373.63412538
D4200_2_2024_02_06_12_29_47_Wyoming.ndpi.ndpa,26,pol,5659970,6988285,9284,270782214.8829922
D4200_2_2024_02_06_12_29_47_Wyoming.ndpi.ndpa,27,pol,5657678,7000561,6978,152971950.01943853
D4200_2_2024_02_06_12_29_47_Wyoming.ndpi.ndpa,28,paly,3141009,5799384,30435,2910023424.359383
D4200_2_2024_02_06_12_29_47_Wyoming.ndpi.ndpa,29,pol,3296858,5618529,12921,524495933.82595265
D4200_2_2024_02_06_12_29_47_Wyoming.ndpi.ndpa,30,paly,3551567,5781847,12818,516167204.13494563
D4200_2_2024_02_06_12_29_47_Wyoming.ndpi.ndpa,31,paly,2954166,5789567,14827,690647505.9121017
D4200_2_2024_02_06_12_29_47_Wyoming.ndpi.ndpa,32,paly,3899268,5688141,13339,558980191.0747586
D4200_2_2024_02_06_12_29_47_Wyoming.ndpi.ndpa,33,paly,4093530,4899270,21535,1456933149.516535
D4200_2_2024_02_06_12_29_47_Wyoming.ndpi.ndpa,34,paly,3914047,4945765,18006,1018554716.8736039
D4200_2_2024_02_06_12_29_47_Wyoming.ndpi.ndpa,36,fun,3700462,5091013,18316,1053928484.6663473
D4200_2_2024_02_06_12_29_47_Wyoming.ndpi.ndpa,37,paly,3075762,5032272,17105,919170398.7197716
D4200_2_2024_02_06_12_29_47_Wyoming.ndpi.ndpa,38,paly,3535307,4904114,13394,563599321.8772216
D4200_2_2024_02_06_12_29_47_Wyoming.ndpi.ndpa,40,pol,4421020,5735015,16356,840434895.7152274
D4200_2_2024_02_06_12_29_47_Wyoming.ndpi.ndpa,41,spo,4454870,5693470,10670,357666867.859279
D4200_2_2024_02_06_12_29_47_Wyoming.ndpi.ndpa,42,pol,4458987,5009168,15186,724497120.6041781
D4200_2_2024_02_06_12_29_47_Wyoming.ndpi.ndpa,43,pol,4219816,5078417,10263,330901343.53911775
D4200_2_2024_02_06_12_29_47_Wyoming.ndpi.ndpa,44,pol,4442042,5878457,8657,235442417.13161203
D4200_2_2024_02_06_12_29_47_Wyoming.ndpi.ndpa,45,pol,4210067,5954233,8478,225806634.1002643
D4200_2_2024_02_06_12_29_47_Wyoming.ndpi.ndpa,46,pol,4461067,5543261,11561,419894972.7965006
D4200_2_2024_02_06_12_29_47_Wyoming.ndpi.ndpa,47,paly,4310058,5271805,12292,474673488.18930316
D4200_2_2024_02_06_12_29_47_Wyoming.ndpi.ndpa,48,paly,3167100,4595080,12516,492131293.4325604
D4200_2_2024_02_06_12_29_47_Wyoming.ndpi.ndpa,49,paly,2883230,4430268,20090,1267972241.8893347
D4200_2_2024_02_06_12_29_47_Wyoming.ndpi.ndpa,50,paly,4026173,4664646,11092,386517885.0554507
D4200_2_2024_02_06_12_29_47_Wyoming.ndpi.ndpa,51,paly,4283919,5542765,14068,621748279.2404646
D4200_2_2024_02_06_12_29_47_Wyoming.ndpi.ndpa,52,paly,4364074,5785696,12475,488912320.21032006
D4200_2_2024_02_06_12_29_47_Wyoming.ndpi.ndpa,53,paly,4448115,5041786,16842,891122067.8713701
D4200_2_2024_02_06_12_29_47_Wyoming.ndpi.ndpa,54,paly,3421034,4427216,13362,560909515.3799592
D4200_2_2024_02_06_12_29_47_Wyoming.ndpi.ndpa,55,paly,2673837,4800288,16410,845993516.6591536
D4200_2_2024_02_06_12_29_47_Wyoming.ndpi.ndpa,56,paly,3045496,4948142,9270,269966167.34166634
D4200_2_2024_02_06_12_29_47_Wyoming.ndpi.ndpa,57,paly,2858615,4934464,7108,158724771.6548391
D4200_2_2024_02_06_12_29_47_Wyoming.ndpi.ndpa,58,pol,5253501,8295193,13936,610135294.0318756
D4200_2_2024_02_06_12_29_47_Wyoming.ndpi.ndpa,59,paly,5136209,7818419,14672,676283060.4504237
D4200_2_2024_02_06_12_29_47_Wyoming.ndpi.ndpa,60,paly,4033165,7907470,18299,1051972984.6111571
C_418109_W_Nassichuk_R_2025_01_21_10_57_19_Alaska.ndpi.ndpa,2,pol,25343192,2487586,10542,349137016.54818183
C_418109_W_Nassichuk_R_2025_01_21_10_57_19_Alaska.ndpi.ndpa,3,paly,25598028,2473168,14182,631865778.3813505
C_418109_W_Nassichuk_R_2025_01_21_10_57_19_Alaska.ndpi.ndpa,4,pol,25642768,2469964,13052,535185086.59086376
C_418109_W_Nassichuk_R_2025_01_21_10_57_19_Alaska.ndpi.ndpa,5,pol,25586240,2512647,13243,550963248.7466571
C_418109_W_Nassichuk_R_2025_01_21_10_57_19_Alaska.ndpi.ndpa,6,paly,26124060,2457948,15071,713565776.1784165
C_418109_W_Nassichuk_R_2025_01_21_10_57_19_Alaska.ndpi.ndpa,7,pol,26189972,2460123,15982,802439179.826539
C_418109_W_Nassichuk_R_2025_01_21_10_57_19_Alaska.ndpi.ndpa,8,paly,26775508,2534046,14422,653432686.2845384
C_418109_W_Nassichuk_R_2025_01_21_10_57_19_Alaska.ndpi.ndpa,9,paly,26244324,2591033,13470,570013398.5007203
C_418109_W_Nassichuk_R_2025_01_21_10_57_19_Alaska.ndpi.ndpa,10,pol,26230892,2742134,14970,704033741.1028609
C_418109_W_Nassichuk_R_2025_01_21_10_57_19_Alaska.ndpi.ndpa,11,paly,26198460,2692542,13074,536990786.0835528
C_418109_W_Nassichuk_R_2025_01_21_10_57_19_Alaska.ndpi.ndpa,12,pol,25960520,2651059,14132,627418225.6616635
C_418109_W_Nassichuk_R_2025_01_21_10_57_19_Alaska.ndpi.ndpa,13,pol,25908876,2720072,14087,623428858.5225393
C_418109_W_Nassichuk_R_2025_01_21_10_57_19_Alaska.ndpi.ndpa,14,pol,25459928,2779663,15490,753794055.4616003
C_418109_W_Nassichuk_R_2025_01_21_10_57_19_Alaska.ndpi.ndpa,15,pol,25517626,2781737,13493,571961654.0432514
C_418109_W_Nassichuk_R_2025_01_21_10_57_19_Alaska.ndpi.ndpa,16,paly,25547042,2892234,12234,470204547.50683045
C_418109_W_Nassichuk_R_2025_01_21_10_57_19_Alaska.ndpi.ndpa,17,pol,25801784,2928626,13328,558058645.7105325
C_418109_W_Nassichuk_R_2025_01_21_10_57_19_Alaska.ndpi.ndpa,18,pol,26286700,2783811,15516,756326669.2288476
C_418109_W_Nassichuk_R_2025_01_21_10_57_19_Alaska.ndpi.ndpa,19,pol,26283306,2850939,14875,695126461.9919541
C_418109_W_Nassichuk_R_2025_01_21_10_57_19_Alaska.ndpi.ndpa,20,pol,26562920,2889028,12296,474982470.109969
C_418109_W_Nassichuk_R_2025_01_21_10_57_19_Alaska.ndpi.ndpa,21,pol,26752972,2791353,14588,668561528.3627245
C_418109_W_Nassichuk_R_2025_01_21_10_57_19_Alaska.ndpi.ndpa,22,pol,26182442,2962572,12582,497335241.132267
C_418109_W_Nassichuk_R_2025_01_21_10_57_19_Alaska.ndpi.ndpa,23,paly,26001628,2966909,27496,2375138344.1589737
C_418109_W_Nassichuk_R_2025_01_21_10_57_19_Alaska.ndpi.ndpa,24,pol,25995412,3014992,15162,722208935.3117507
C_418109_W_Nassichuk_R_2025_01_21_10_57_19_Alaska.ndpi.ndpa,25,pol,25206880,2946545,12683,505351847.3099545
C_418109_W_Nassichuk_R_2025_01_21_10_57_19_Alaska.ndpi.ndpa,26,paly,25177842,3204878,14341,646113394.2954268
C_418109_W_Nassichuk_R_2025_01_21_10_57_19_Alaska.ndpi.ndpa,27,pol,25288902,3207141,12227,469666622.0215342
C_418109_W_Nassichuk_R_2025_01_21_10_57_19_Alaska.ndpi.ndpa,28,paly,25587776,3154721,11156,390991110.8703029
C_418109_W_Nassichuk_R_2025_01_21_10_57_19_Alaska.ndpi.ndpa,29,paly,25751622,3226563,20754,1353173541.5572336
C_418109_W_Nassichuk_R_2025_01_21_10_57_19_Alaska.ndpi.ndpa,30,pol,25867394,3160378,14082,622986380.9052444
C_418109_W_Nassichuk_R_2025_01_21_10_57_19_Alaska.ndpi.ndpa,31,pol,26646626,3393445,10518,347549129.9573514
C_418109_W_Nassichuk_R_2025_01_21_10_57_19_Alaska.ndpi.ndpa,32,pol,26564980,3351019,13201,547474045.149133
C_418109_W_Nassichuk_R_2025_01_21_10_57_19_Alaska.ndpi.ndpa,33,paly,25401470,3262584,14676,676651858.2952139
C_418109_W_Nassichuk_R_2025_01_21_10_57_19_Alaska.ndpi.ndpa,34,pol,25711052,3480925,13900,606987116.600084
C_418109_W_Nassichuk_R_2025_01_21_10_57_19_Alaska.ndpi.ndpa,35,pol,26038046,3469434,23622,1753005194.685703
C_418109_W_Nassichuk_R_2025_01_21_10_57_19_Alaska.ndpi.ndpa,36,pol,26256932,3483185,14162,630084872.3378836
C_418109_W_Nassichuk_R_2025_01_21_10_57_19_Alaska.ndpi.ndpa,37,paly,26126766,3519542,15306,735992333.7873693
C_418109_W_Nassichuk_R_2025_01_21_10_57_19_Alaska.ndpi.ndpa,38,pol,26055372,3481678,12889,521901229.6214998
C_418109_W_Nassichuk_R_2025_01_21_10_57_19_Alaska.ndpi.ndpa,39,pol,26244862,3465666,12382,481649897.3314239
C_418109_W_Nassichuk_R_2025_01_21_10_57_19_Alaska.ndpi.ndpa,40,pol,26845742,3630859,14890,696529104.5719656
C_418109_W_Nassichuk_R_2025_01_21_10_57_19_Alaska.ndpi.ndpa,41,paly,26923314,3658706,14815,689530028.8388492
C_418109_W_Nassichuk_R_2025_01_21_10_57_19_Alaska.ndpi.ndpa,42,paly,26984432,3717463,21774,1489451306.9765377
C_418109_W_Nassichuk_R_2025_01_21_10_57_19_Alaska.ndpi.ndpa,43,pol,26323750,3702816,12066,457379309.65781546
C_418109_W_Nassichuk_R_2025_01_21_10_57_19_Alaska.ndpi.ndpa,44,pol,26363892,3805706,10760,363726057.6102576
C_418109_W_Nassichuk_R_2025_01_21_10_57_19_Alaska.ndpi.ndpa,45,pol,26174042,3833913,12280,473747145.61309505
C_418109_W_Nassichuk_R_2025_01_21_10_57_19_Alaska.ndpi.ndpa,46,paly,25464166,3753629,14730,681640468.6680728
C_418109_W_Nassichuk_R_2025_01_21_10_57_19_Alaska.ndpi.ndpa,47,pol,25252236,3759234,13800,598284904.9496402
C_418109_W_Nassichuk_R_2025_01_21_10_57_19_Alaska.ndpi.ndpa,48,pol,25198712,3897558,14788,687019013.5210953
C_418109_W_Nassichuk_R_2025_01_21_10_57_19_Alaska.ndpi.ndpa,49,pol,25335776,3874231,12816,516006140.9627814
C_418109_W_Nassichuk_R_2025_01_21_10_57_19_Alaska.ndpi.ndpa,50,paly,25778438,3848554,24002,1809858973.928836
C_418109_W_Nassichuk_R_2025_01_21_10_57_19_Alaska.ndpi.ndpa,51,pol,25934292,3827398,11241,396971902.1766112
C_418109_W_Nassichuk_R_2025_01_21_10_57_19_Alaska.ndpi.ndpa,52,pol,25927782,3930287,14606,670212410.1694448
C_418109_W_Nassichuk_R_2025_01_21_10_57_19_Alaska.ndpi.ndpa,53,paly,26904504,3934077,18653,1093068183.2455063
C_418109_W_Nassichuk_R_2025_01_21_10_57_19_Alaska.ndpi.ndpa,54,paly,26695848,3961021,15548,759449563.1229633
C_418109_W_Nassichuk_R_2025_01_21_10_57_19_Alaska.ndpi.ndpa,55,paly,26194116,3966807,13021,532645853.4878953
C_418109_W_Nassichuk_R_2025_01_21_10_57_19_Alaska.ndpi.ndpa,56,pol,25185332,3925036,15267,732246465.2116394
C_418109_W_Nassichuk_R_2025_01_21_10_57_19_Alaska.ndpi.ndpa,57,pol,25247716,3961021,11898,444731408.43091035
C_418070_W_Nassichuk_R_2025_01_21_14_17_12_Alaska.ndpi.ndpa,2,bipol,23033028,8859670,30054,2837621309.3126225
C_418070_W_Nassichuk_R_2025_01_21_14_17_12_Alaska.ndpi.ndpa,3,pol,23447178,8868809,13124,541105958.3004901
C_418070_W_Nassichuk_R_2025_01_21_14_17_12_Alaska.ndpi.ndpa,4,pol,23467962,9049290,13852,602802213.5926076
C_418070_W_Nassichuk_R_2025_01_21_14_17_12_Alaska.ndpi.ndpa,5,paly,23663716,8739584,18152,1035139398.1202048
C_418070_W_Nassichuk_R_2025_01_21_14_17_12_Alaska.ndpi.ndpa,6,pol,23709034,8749476,13027,533136846.7205395
C_418070_W_Nassichuk_R_2025_01_21_14_17_12_Alaska.ndpi.ndpa,7,pol,24133444,8844036,17203,929733011.2741888
C_418070_W_Nassichuk_R_2025_01_21_14_17_12_Alaska.ndpi.ndpa,8,pol,24279614,8730554,12365,480328232.4436513
C_418070_W_Nassichuk_R_2025_01_21_14_17_12_Alaska.ndpi.ndpa,9,pol,22944752,8339176,17353,946017142.634806
C_418070_W_Nassichuk_R_2025_01_21_14_17_12_Alaska.ndpi.ndpa,10,paly,23133702,8410994,15717,776049063.2621112
C_418070_W_Nassichuk_R_2025_01_21_14_17_12_Alaska.ndpi.ndpa,11,pol,23496892,8423106,11955,449002783.77617675
C_418070_W_Nassichuk_R_2025_01_21_14_17_12_Alaska.ndpi.ndpa,12,pol,23434448,8391780,14591,668836533.9588418
C_418070_W_Nassichuk_R_2025_01_21_14_17_12_Alaska.ndpi.ndpa,13,pol,23690200,8388277,12263,472436375.7686451
C_418070_W_Nassichuk_R_2025_01_21_14_17_12_Alaska.ndpi.ndpa,14,pol,24054558,8315731,13184,546064899.4723285
C_418070_W_Nassichuk_R_2025_01_21_14_17_12_Alaska.ndpi.ndpa,15,paly,24085678,8340049,18717,1100581867.563244
C_418070_W_Nassichuk_R_2025_01_21_14_17_12_Alaska.ndpi.ndpa,16,pol,24125864,8362721,12719,508224745.8270681
C_418070_W_Nassichuk_R_2025_01_21_14_17_12_Alaska.ndpi.ndpa,17,pol,24054146,8422281,12003,452615565.06232256
C_418070_W_Nassichuk_R_2025_01_21_14_17_12_Alaska.ndpi.ndpa,18,pol,24050024,8427434,11848,441001395.4733032
C_418070_W_Nassichuk_R_2025_01_21_14_17_12_Alaska.ndpi.ndpa,19,pol,23779436,8574774,15057,712240677.5298735
C_418070_W_Nassichuk_R_2025_01_21_14_17_12_Alaska.ndpi.ndpa,20,paly,23810966,8530670,15206,726406706.2827361
C_418070_W_Nassichuk_R_2025_01_21_14_17_12_Alaska.ndpi.ndpa,21,paly,24448798,8737150,10956,377097731.5190674
C_418070_W_Nassichuk_R_2025_01_21_14_17_12_Alaska.ndpi.ndpa,22,bipol,24603776,8870692,41609,5439067261.644365
C_418070_W_Nassichuk_R_2025_01_21_14_17_12_Alaska.ndpi.ndpa,23,paly,24585846,8857914,17077,916163592.9573914
C_418070_W_Nassichuk_R_2025_01_21_14_17_12_Alaska.ndpi.ndpa,24,pol,24128338,9832202,16095,813826513.8595986
C_418070_W_Nassichuk_R_2025_01_21_14_17_12_Alaska.ndpi.ndpa,25,spo,22388474,-2645473,38602,4681332464.614733
C_418070_W_Nassichuk_R_2025_01_21_14_17_12_Alaska.ndpi.ndpa,26,paly,22516412,-2754789,17521,964423206.2046229
C_418070_W_Nassichuk_R_2025_01_21_14_17_12_Alaska.ndpi.ndpa,27,bipol,22044540,-2591082,30564,2934744211.6850286
C_418070_W_Nassichuk_R_2025_01_21_14_17_12_Alaska.ndpi.ndpa,28,pol,22007694,-2531406,14620,671497836.7859582
C_418070_W_Nassichuk_R_2025_01_21_14_17_12_Alaska.ndpi.ndpa,29,paly,22015016,-2512296,14175,631242175.3812057
C_418070_W_Nassichuk_R_2025_01_21_14_17_12_Alaska.ndpi.ndpa,30,pol,21677918,-1875430,18269,1048526531.8064629
C_418070_W_Nassichuk_R_2025_01_21_14_17_12_Alaska.ndpi.ndpa,31,paly,21728700,-1893494,17074,915841727.3652532
C_418070_W_Nassichuk_R_2025_01_21_14_17_12_Alaska.ndpi.ndpa,32,paly,21762300,-1874593,13938,610310431.539128
C_418070_W_Nassichuk_R_2025_01_21_14_17_12_Alaska.ndpi.ndpa,33,paly,21829992,-1882228,17789,994152348.8129554
C_418070_W_Nassichuk_R_2025_01_21_14_17_12_Alaska.ndpi.ndpa,35,pol,21775502,-1754869,22482,1587887608.7064447
C_418070_W_Nassichuk_R_2025_01_21_14_17_12_Alaska.ndpi.ndpa,36,pol,21788644,-1714568,13042,534365319.403836
C_418070_W_Nassichuk_R_2025_01_21_14_17_12_Alaska.ndpi.ndpa,37,pol,22355684,-1634844,15086,714986891.3232311
C_418070_W_Nassichuk_R_2025_01_21_14_17_12_Alaska.ndpi.ndpa,38,paly,22343858,-1730338,14793,687483670.7825245
C_418070_W_Nassichuk_R_2025_01_21_14_17_12_Alaska.ndpi.ndpa,39,paly,22120022,-1888480,15403,745350425.1608809
C_418070_W_Nassichuk_R_2025_01_21_14_17_12_Alaska.ndpi.ndpa,40,pol,22159226,-1882128,6570,135606532.73293805
C_418070_W_Nassichuk_R_2025_01_21_14_17_12_Alaska.ndpi.ndpa,41,pol,22139294,-1850151,8077,204950998.4818125
C_418070_W_Nassichuk_R_2025_01_21_14_17_12_Alaska.ndpi.ndpa,42,paly,21980068,-2058010,17391,950164899.4507464
C_418070_W_Nassichuk_R_2025_01_21_14_17_12_Alaska.ndpi.ndpa,43,paly,21581892,-2329824,18108,1030127175.5369616
C_418070_W_Nassichuk_R_2025_01_21_14_17_12_Alaska.ndpi.ndpa,44,pol,22901258,-2499574,7151,160650998.3496832
C_418070_W_Nassichuk_R_2025_01_21_14_17_12_Alaska.ndpi.ndpa,45,din,22631428,-2551264,23101,1676530400.604238
C_418070_W_Nassichuk_R_2025_01_21_14_17_12_Alaska.ndpi.ndpa,46,paly,22057162,-2464968,17664,980229988.2694905
C_418070_W_Nassichuk_R_2025_01_21_14_17_12_Alaska.ndpi.ndpa,47,alg,21984448,-2818698,24315,1857369973.921051
C_418070_W_Nassichuk_R_2025_01_21_14_17_12_Alaska.ndpi.ndpa,48,pol,22079502,-2871051,14927,699995000.6935928
C_418070_W_Nassichuk_R_2025_01_21_14_17_12_Alaska.ndpi.ndpa,49,pol,22049496,-2900837,11363,405635434.5383039
C_418070_W_Nassichuk_R_2025_01_21_14_17_12_Alaska.ndpi.ndpa,50,pol,21194982,-2935723,14685,677482021.0123323
C_418070_W_Nassichuk_R_2025_01_21_14_17_12_Alaska.ndpi.ndpa,51,pol,21204988,-2889475,17231,932761984.1143327
C_418070_W_Nassichuk_R_2025_01_21_14_17_12_Alaska.ndpi.ndpa,52,pol,21198946,-2732231,13534,575442874.8538427
C_418070_W_Nassichuk_R_2025_01_21_14_17_12_Alaska.ndpi.ndpa,53,spo,21135710,-2677299,16061,810391798.0450584
C_418070_W_Nassichuk_R_2025_01_21_14_17_12_Alaska.ndpi.ndpa,54,paly,21277660,-1913920,13764,595167489.9931124
C_418070_W_Nassichuk_R_2025_01_21_14_17_12_Alaska.ndpi.ndpa,55,pol,21591008,-1572815,13592,580385567.7084768
C_418070_W_Nassichuk_R_2025_01_21_14_17_12_Alaska.ndpi.ndpa,56,alg,21489266,-1672674,21838,1498220019.8602726
Giraffe_20_3_47_BLEACHED_R_Giraffe_2025_01_14_09_06_36.ndpi.ndpa,2,paly,21459770,-5864508,17283,938400288.4143245
Giraffe_20_3_47_BLEACHED_R_Giraffe_2025_01_14_09_06_36.ndpi.ndpa,3,pol,22450588,-5779312,9552,286641125.39476085
Giraffe_20_3_47_BLEACHED_R_Giraffe_2025_01_14_09_06_36.ndpi.ndpa,4,pol,21950934,-5523008,11424,410002270.3179423
Giraffe_20_3_47_BLEACHED_R_Giraffe_2025_01_14_09_06_36.ndpi.ndpa,5,pol,22044136,-5219400,10657,356795858.15447855
Giraffe_20_3_47_BLEACHED_R_Giraffe_2025_01_14_09_06_36.ndpi.ndpa,6,pol,22623758,-5152810,10960,377373136.0974517
Giraffe_20_3_47_BLEACHED_R_Giraffe_2025_01_14_09_06_36.ndpi.ndpa,7,pol,22059404,-5007412,10800,366435367.1147135
Giraffe_20_3_47_BLEACHED_R_Giraffe_2025_01_14_09_06_36.ndpi.ndpa,8,pol,20974018,-4939582,9601,289589500.6753769
Giraffe_20_3_47_BLEACHED_R_Giraffe_2025_01_14_09_06_36.ndpi.ndpa,9,paly,22242966,-4820265,13815,599586231.1665734
Giraffe_20_3_47_BLEACHED_R_Giraffe_2025_01_14_09_06_36.ndpi.ndpa,10,pol,21526112,-4800382,10559,350263959.2400996
Giraffe_20_3_47_BLEACHED_R_Giraffe_2025_01_14_09_06_36.ndpi.ndpa,11,pol,21193970,-4647511,11846,440852521.68063486
Giraffe_20_3_47_BLEACHED_R_Giraffe_2025_01_14_09_06_36.ndpi.ndpa,12,pol,21427234,-4564959,13698,589473378.4412222
Giraffe_20_3_47_BLEACHED_R_Giraffe_2025_01_14_09_06_36.ndpi.ndpa,13,paly,21065830,-4889566,12390,482272485.5971417
Giraffe_20_3_47_BLEACHED_R_Giraffe_2025_01_14_09_06_36.ndpi.ndpa,15,pol,19752534,2970090,10875,371542418.6722054
Giraffe_20_3_47_BLEACHED_R_Giraffe_2025_01_14_09_06_36.ndpi.ndpa,16,paly,18446918,2968534,14343,646293621.182778
Giraffe_20_3_47_BLEACHED_R_Giraffe_2025_01_14_09_06_36.ndpi.ndpa,17,pol,18865786,3087102,11004,380409221.5033633
Giraffe_20_3_47_BLEACHED_R_Giraffe_2025_01_14_09_06_36.ndpi.ndpa,18,paly,19604720,3055826,11690,429317799.8282321
Giraffe_20_3_47_BLEACHED_R_Giraffe_2025_01_14_09_06_36.ndpi.ndpa,19,pol,18857384,3177350,11762,434622517.2538952
Giraffe_20_3_47_BLEACHED_R_Giraffe_2025_01_14_09_06_36.ndpi.ndpa,20,pol,19443364,3224031,10383,338684702.17023957
Giraffe_20_3_47_BLEACHED_R_Giraffe_2025_01_14_09_06_36.ndpi.ndpa,21,pol,19208412,3398772,13138,542261021.3882502
Giraffe_20_3_47_BLEACHED_R_Giraffe_2025_01_14_09_06_36.ndpi.ndpa,22,pol,19947680,3396540,13952,611537097.8066486
Giraffe_20_3_47_BLEACHED_R_Giraffe_2025_01_14_09_06_36.ndpi.ndpa,23,pol,19607836,3615319,11684,428877210.3081221
Giraffe_20_3_47_BLEACHED_R_Giraffe_2025_01_14_09_06_36.ndpi.ndpa,24,pol,18136652,3700230,11117,388262175.8365401
Giraffe_20_3_47_BLEACHED_R_Giraffe_2025_01_14_09_06_36.ndpi.ndpa,25,pol,19231922,3885896,14780,686275888.6284446
Giraffe_20_3_47_BLEACHED_R_Giraffe_2025_01_14_09_06_36.ndpi.ndpa,26,pol,19251250,4006293,14461,656971492.4884701
Giraffe_20_3_47_BLEACHED_R_Giraffe_2025_01_14_09_06_36.ndpi.ndpa,27,pol,19416790,3933261,17331,943619956.6436697
Giraffe_20_3_47_BLEACHED_R_Giraffe_2025_01_14_09_06_36.ndpi.ndpa,28,pol,19648392,3920112,14114,625820951.9919841
Giraffe_20_3_47_BLEACHED_R_Giraffe_2025_01_14_09_06_36.ndpi.ndpa,29,fun,18805158,4059362,9074,258670809.71672592
Giraffe_20_3_47_BLEACHED_R_Giraffe_2025_01_14_09_06_36.ndpi.ndpa,30,pol,19486810,4275870,10571,351060541.4733438
Giraffe_20_3_47_BLEACHED_R_Giraffe_2025_01_14_09_06_36.ndpi.ndpa,32,spo,22615518,1923662,10592,352456737.5052301
Giraffe_20_3_47_BLEACHED_R_Giraffe_2025_01_14_09_06_36.ndpi.ndpa,33,pol,22750056,1870873,7609,181888416.01536247
Giraffe_20_3_47_BLEACHED_R_Giraffe_2025_01_14_09_06_36.ndpi.ndpa,34,pol,23310892,1949486,12765,511907521.7975359
Giraffe_20_3_47_BLEACHED_R_Giraffe_2025_01_14_09_06_36.ndpi.ndpa,35,paly,24240230,2054358,8294,216111528.37483883
Giraffe_20_3_47_BLEACHED_R_Giraffe_2025_01_14_09_06_36.ndpi.ndpa,36,paly,24104268,2077899,13921,608822563.8336099
Giraffe_20_3_47_BLEACHED_R_Giraffe_2025_01_14_09_06_36.ndpi.ndpa,37,pol,24116394,2104580,11074,385264427.2857802
Giraffe_20_3_47_BLEACHED_R_Giraffe_2025_01_14_09_06_36.ndpi.ndpa,38,paly,23390072,2026109,9661,293220302.1369837
Giraffe_20_3_47_BLEACHED_R_Giraffe_2025_01_14_09_06_36.ndpi.ndpa,39,paly,22855918,2085889,13042,534365319.403836
Giraffe_20_3_47_BLEACHED_R_Giraffe_2025_01_14_09_06_36.ndpi.ndpa,40,pol,22541758,2258968,9836,303939337.7312157
Giraffe_20_3_47_BLEACHED_R_Giraffe_2025_01_14_09_06_36.ndpi.ndpa,41,pol,23349698,2538479,13490,571707345.2595359
Giraffe_20_3_47_BLEACHED_R_Giraffe_2025_01_14_09_06_36.ndpi.ndpa,42,pol,23334290,2530204,5383,91032953.28775617
Giraffe_20_3_47_BLEACHED_R_Giraffe_2025_01_14_09_06_36.ndpi.ndpa,43,pol,23081480,2569868,10464,343989617.5162399
Giraffe_20_3_47_BLEACHED_R_Giraffe_2025_01_14_09_06_36.ndpi.ndpa,44,pol,23067642,2501384,9655,292856204.11480325
Giraffe_20_3_47_BLEACHED_R_Giraffe_2025_01_14_09_06_36.ndpi.ndpa,45,pol,23164800,2651627,10000,314159265.3589793
Giraffe_20_3_47_BLEACHED_R_Giraffe_2025_01_14_09_06_36.ndpi.ndpa,46,spo,24126668,2776046,39811,4979159585.65257
Giraffe_20_3_47_BLEACHED_R_Giraffe_2025_01_14_09_06_36.ndpi.ndpa,47,pol,22841794,2770908,11372,406278251.5191182
Giraffe_20_3_47_BLEACHED_R_Giraffe_2025_01_14_09_06_36.ndpi.ndpa,48,paly,23555282,2853095,13542,576123368.9553516
Giraffe_20_3_47_BLEACHED_R_Giraffe_2025_01_14_09_06_36.ndpi.ndpa,49,pol,24127096,2881344,14051,620246525.6954176
Giraffe_20_3_47_BLEACHED_R_Giraffe_2025_01_14_09_06_36.ndpi.ndpa,50,pol,24347948,3019038,17094,917988566.1210103
Giraffe_20_3_47_BLEACHED_R_Giraffe_2025_01_14_09_06_36.ndpi.ndpa,51,pol,22750628,3225501,7365,170410117.1670182
Giraffe_20_3_47_BLEACHED_R_Giraffe_2025_01_14_09_06_36.ndpi.ndpa,52,paly,23645592,3219794,7788,190546843.28899312
Giraffe_20_3_47_BLEACHED_R_Giraffe_2025_01_14_09_06_36.ndpi.ndpa,53,paly,18712082,4442416,12579,497098104.2939961
Giraffe_20_3_47_BLEACHED_R_Giraffe_2025_01_14_09_06_36.ndpi.ndpa,54,pol,18658448,4444146,13159,543995925.0904907
Giraffe_20_3_47_BLEACHED_R_Giraffe_2025_01_14_09_06_36.ndpi.ndpa,55,paly,19094082,4399929,11624,424483755.81392986
USNMPAL_792666_D1074_2024_01_26_10_32_56_N_Dakota.ndpi.ndpa,2,bipol,2656839,-1404527,40976,5274836405.899546
USNMPAL_792666_D1074_2024_01_26_10_32_56_N_Dakota.ndpi.ndpa,3,bipol,2994205,-1239664,51754,8414682145.478384
USNMPAL_792666_D1074_2024_01_26_10_32_56_N_Dakota.ndpi.ndpa,4,paly,2933502,-1340655,27453,2367715367.045923
USNMPAL_792666_D1074_2024_01_26_10_32_56_N_Dakota.ndpi.ndpa,5,spo,1459808,-565795,20028,1260158108.2165782
USNMPAL_792666_D1074_2024_01_26_10_32_56_N_Dakota.ndpi.ndpa,6,pol,1421703,-837343,24122,1828001294.5121987
USNMPAL_792666_D1074_2024_01_26_10_32_56_N_Dakota.ndpi.ndpa,7,pol,1638318,-1015742,15526,757301882.420375
USNMPAL_792666_D1074_2024_01_26_10_32_56_N_Dakota.ndpi.ndpa,8,paly,1531201,-348067,15152,721256592.9147414
USNMPAL_792666_D1074_2024_01_26_10_32_56_N_Dakota.ndpi.ndpa,9,paly,1797250,-794124,26697,2239106731.9488564
USNMPAL_792666_D1074_2024_01_26_10_32_56_N_Dakota.ndpi.ndpa,10,paly,1925868,-952269,31566,3130321737.5556974
USNMPAL_792666_D1074_2024_01_26_10_32_56_N_Dakota.ndpi.ndpa,11,paly,1919232,-223222,24010,1811065647.1007092
USNMPAL_792666_D1074_2024_01_26_10_32_56_N_Dakota.ndpi.ndpa,12,spo,2076115,-528641,25496,2042179788.360913
USNMPAL_792666_D1074_2024_01_26_10_32_56_N_Dakota.ndpi.ndpa,13,spo,2143285,-1733383,20706,1346921520.8491776
USNMPAL_792666_D1074_2024_01_26_10_32_56_N_Dakota.ndpi.ndpa,14,paly,2332552,-775586,8429,223204003.65754643
USNMPAL_792666_D1074_2024_01_26_10_32_56_N_Dakota.ndpi.ndpa,15,pol,2672636,-839439,37434,4402327470.252976
USNMPAL_792666_D1074_2024_01_26_10_32_56_N_Dakota.ndpi.ndpa,16,pol,2839818,-761396,16835,890381471.9608054
USNMPAL_792666_D1074_2024_01_26_10_32_56_N_Dakota.ndpi.ndpa,17,pol,2857898,-758650,15270,732534269.6562275
USNMPAL_792666_D1074_2024_01_26_10_32_56_N_Dakota.ndpi.ndpa,18,paly,3102090,-1415605,9172,264288316.67335105
USNMPAL_792666_D1074_2024_01_26_10_32_56_N_Dakota.ndpi.ndpa,20,spo,2893672,7850562,18830,1113911051.431414
USNMPAL_792666_D1074_2024_01_26_10_32_56_N_Dakota.ndpi.ndpa,21,pol,2589976,7656530,22990,1660457695.2876146
USNMPAL_792666_D1074_2024_01_26_10_32_56_N_Dakota.ndpi.ndpa,22,paly,3127523,7631141,20711,1347572097.5638463
USNMPAL_792666_D1074_2024_01_26_10_32_56_N_Dakota.ndpi.ndpa,23,paly,4120447,7819941,22245,1554585787.2421896
USNMPAL_792666_D1074_2024_01_26_10_32_56_N_Dakota.ndpi.ndpa,24,paly,2956690,7997167,25929,2112133710.5182133
USNMPAL_792666_D1074_2024_01_26_10_32_56_N_Dakota.ndpi.ndpa,25,paly,3555911,7942542,22549,1597366035.6449594
USNMPAL_792666_D1074_2024_01_26_10_32_56_N_Dakota.ndpi.ndpa,26,pol,3870360,8140985,11617,423972659.52989525
USNMPAL_792666_D1074_2024_01_26_10_32_56_N_Dakota.ndpi.ndpa,27,paly,2729786,8236429,23721,1767729704.3645945
USNMPAL_792666_D1074_2024_01_26_10_32_56_N_Dakota.ndpi.ndpa,28,pol,3765031,8262518,11176,392394271.81310225
USNMPAL_792666_D1074_2024_01_26_10_32_56_N_Dakota.ndpi.ndpa,29,paly,3677607,8266751,15708,775160542.3198597
USNMPAL_792666_D1074_2024_01_26_10_32_56_N_Dakota.ndpi.ndpa,30,pol,3043666,8419062,23713,1766537557.9171515
USNMPAL_792666_D1074_2024_01_26_10_32_56_N_Dakota.ndpi.ndpa,31,paly,3405607,8346740,11559,419749705.55219865
USNMPAL_792666_D1074_2024_01_26_10_32_56_N_Dakota.ndpi.ndpa,32,paly,3504818,8352234,13640,584492056.5633196
USNMPAL_792666_D1074_2024_01_26_10_32_56_N_Dakota.ndpi.ndpa,33,pol,3964762,8694946,12055,456545747.73744583
USNMPAL_792666_D1074_2024_01_26_10_32_56_N_Dakota.ndpi.ndpa,34,paly,3644588,8690597,19796,1231132405.9024963
USNMPAL_792666_D1074_2024_01_26_10_32_56_N_Dakota.ndpi.ndpa,35,pol,2790486,8721494,12158,464380688.17834693
USNMPAL_792666_D1074_2024_01_26_10_32_56_N_Dakota.ndpi.ndpa,36,paly,3045208,8794601,10803,366638970.593
USNMPAL_792666_D1074_2024_01_26_10_32_56_N_Dakota.ndpi.ndpa,38,pol,4212161,8812224,16955,903120001.8525814
USNMPAL_792666_D1074_2024_01_26_10_32_56_N_Dakota.ndpi.ndpa,39,pol,4238595,8859942,14243,637313064.4232262
USNMPAL_792666_D1074_2024_01_26_10_32_56_N_Dakota.ndpi.ndpa,40,pol,14292088,-4752199,15064,712903072.9161049
USNMPAL_792666_D1074_2024_01_26_10_32_56_N_Dakota.ndpi.ndpa,41,bipol,15245795,-4433766,32197,3256721999.5217013
USNMPAL_792666_D1074_2024_01_26_10_32_56_N_Dakota.ndpi.ndpa,43,pol,13922417,-5561266,19005,1134711929.0899136
USNMPAL_792666_D1074_2024_01_26_10_32_56_N_Dakota.ndpi.ndpa,44,pol,14171530,-5412961,15860,790234959.4469151
USNMPAL_792666_D1074_2024_01_26_10_32_56_N_Dakota.ndpi.ndpa,45,spo,13944845,-4966562,27916,2448252755.6496754
USNMPAL_792666_D1074_2024_01_26_10_32_56_N_Dakota.ndpi.ndpa,46,paly,15327956,-4965418,20509,1321413814.8292902
USNMPAL_792666_D1074_2024_01_26_10_32_56_N_Dakota.ndpi.ndpa,47,pol,14318344,-4901793,12444,486485474.4429411
USNMPAL_792666_D1074_2024_01_26_10_32_56_N_Dakota.ndpi.ndpa,48,paly,15274745,-4830388,25930,2112296630.371636
USNMPAL_792666_D1074_2024_01_26_10_32_56_N_Dakota.ndpi.ndpa,49,paly,14048142,-5388198,19565,1202567817.1333303
USNMPAL_792666_D1074_2024_01_26_10_32_56_N_Dakota.ndpi.ndpa,50,paly,14681562,-4165166,18755,1105055294.440026
USNMPAL_792666_D1074_2024_01_26_10_32_56_N_Dakota.ndpi.ndpa,51,paly,14769721,-4909636,15999,804147191.4956648
USNMPAL_792666_D1074_2024_01_26_10_32_56_N_Dakota.ndpi.ndpa,52,paly,15138222,-4853178,16384,843314856.5326262
USNMPAL_792666_D1074_2024_01_26_10_32_56_N_Dakota.ndpi.ndpa,53,fun,14680586,-4222560,15505,755254660.4260706
USNMPAL_792666_D1074_2024_01_26_10_32_56_N_Dakota.ndpi.ndpa,54,paly,14005402,-5632127,37162,4338584203.453262
USNMPAL_792666_D1074_2024_01_26_10_32_56_N_Dakota.ndpi.ndpa,55,paly,2601433,-1101799,61040,11705202262.705383
Giraffe_20_1_95_R_Giraffe_2025_01_13_19_48_21.ndpi.ndpa,2,pol,24732784,2797862,12737,509664248.7136842
Giraffe_20_1_95_R_Giraffe_2025_01_13_19_48_21.ndpi.ndpa,3,paly,24295586,2880289,12938,525876987.3812487
Giraffe_20_1_95_R_Giraffe_2025_01_13_19_48_21.ndpi.ndpa,4,pol,23268378,2836569,14652,674440579.1909463
Giraffe_20_1_95_R_Giraffe_2025_01_13_19_48_21.ndpi.ndpa,5,paly,23710988,2962110,14826,690554348.2651448
Giraffe_20_1_95_R_Giraffe_2025_01_13_19_48_21.ndpi.ndpa,6,pol,24306618,3261729,11920,446377590.41502076
Giraffe_20_1_95_R_Giraffe_2025_01_13_19_48_21.ndpi.ndpa,7,pol,24185888,3849135,12968,528318570.3597656
Giraffe_20_1_95_R_Giraffe_2025_01_13_19_48_21.ndpi.ndpa,8,pol,24660986,3693706,12054,456470007.08016044
Giraffe_20_1_95_R_Giraffe_2025_01_13_19_48_21.ndpi.ndpa,9,paly,25048854,3679266,13625,583207223.7078177
Giraffe_20_1_95_R_Giraffe_2025_01_13_19_48_21.ndpi.ndpa,10,pol,23676094,3890663,12014,453445533.0006965
Giraffe_20_1_95_R_Giraffe_2025_01_13_19_48_21.ndpi.ndpa,11,pol,23567998,3960656,11485,414392485.8301087
Giraffe_20_1_95_R_Giraffe_2025_01_13_19_48_21.ndpi.ndpa,12,pol,23289398,3974788,9519,284663986.0493727
Giraffe_20_1_95_R_Giraffe_2025_01_13_19_48_21.ndpi.ndpa,15,pol,16607944,-8826581,12631,501216480.93544
Giraffe_20_1_95_R_Giraffe_2025_01_13_19_48_21.ndpi.ndpa,16,pol,16860054,-8757357,12631,501216480.93544
Giraffe_20_1_95_R_Giraffe_2025_01_13_19_48_21.ndpi.ndpa,17,pol,17355472,-8794999,9815,302642893.54926616
Giraffe_20_1_95_R_Giraffe_2025_01_13_19_48_21.ndpi.ndpa,18,pol,18275978,-8798120,10288,332515415.3047159
Giraffe_20_1_95_R_Giraffe_2025_01_13_19_48_21.ndpi.ndpa,19,pol,17983468,-8684453,14737,682288481.8431362
Giraffe_20_1_95_R_Giraffe_2025_01_13_19_48_21.ndpi.ndpa,20,pol,17311216,-8657460,9070,258442805.48829898
Giraffe_20_1_95_R_Giraffe_2025_01_13_19_48_21.ndpi.ndpa,21,paly,16755200,-8545627,9639,291886381.8962695
Giraffe_20_1_95_R_Giraffe_2025_01_13_19_48_21.ndpi.ndpa,22,pol,17298180,-7902016,16469,852087769.7257389
Giraffe_20_1_95_R_Giraffe_2025_01_13_19_48_21.ndpi.ndpa,23,pol,17331964,-7899446,11273,399235256.32070464
Giraffe_20_1_95_R_Giraffe_2025_01_13_19_48_21.ndpi.ndpa,24,pol,16695710,-7907525,12229,469820283.60140663
Giraffe_20_1_95_R_Giraffe_2025_01_13_19_48_21.ndpi.ndpa,25,pol,16905780,-7692498,11671,427923375.6546024
Giraffe_20_1_95_R_Giraffe_2025_01_13_19_48_21.ndpi.ndpa,26,paly,17315074,-7350400,12343,478620538.07538354
Giraffe_20_1_95_R_Giraffe_2025_01_13_19_48_21.ndpi.ndpa,27,pol,18268442,-7399977,14550,665083018.7465931
Giraffe_20_1_95_R_Giraffe_2025_01_13_19_48_21.ndpi.ndpa,28,paly,26783262,-3609396,13418,565620899.0506947
Giraffe_20_1_95_R_Giraffe_2025_01_13_19_48_21.ndpi.ndpa,29,pol,28078960,-3431000,12035,455032128.3969463
Giraffe_20_1_95_R_Giraffe_2025_01_13_19_48_21.ndpi.ndpa,30,paly,27930922,-3462785,9327,273296346.6606585
Giraffe_20_1_95_R_Giraffe_2025_01_13_19_48_21.ndpi.ndpa,31,pol,27458742,-3410955,15450,749906020.3935176
Giraffe_20_1_95_R_Giraffe_2025_01_13_19_48_21.ndpi.ndpa,32,paly,26552040,-3359698,15820,786253933.2362862
Giraffe_20_1_95_R_Giraffe_2025_01_13_19_48_21.ndpi.ndpa,33,paly,26824064,-3323047,8610,232892860.7551839
Giraffe_20_1_95_R_Giraffe_2025_01_13_19_48_21.ndpi.ndpa,34,paly,26929868,-3249168,17530,965414249.8815316
Giraffe_20_1_95_R_Giraffe_2025_01_13_19_48_21.ndpi.ndpa,35,paly,27869212,-3226402,13141,542508695.1282812
Giraffe_20_1_95_R_Giraffe_2025_01_13_19_48_21.ndpi.ndpa,36,paly,28185480,-3124606,13781,596638587.8770456
Giraffe_20_1_95_R_Giraffe_2025_01_13_19_48_21.ndpi.ndpa,37,paly,27608644,-3083371,12378,481338753.99501234
Giraffe_20_1_95_R_Giraffe_2025_01_13_19_48_21.ndpi.ndpa,38,pol,27538488,-3164266,12665,503918451.67945707
Giraffe_20_1_95_R_Giraffe_2025_01_13_19_48_21.ndpi.ndpa,39,pol,26435928,-3149662,10463,343923873.40677816
Giraffe_20_1_95_R_Giraffe_2025_01_13_19_48_21.ndpi.ndpa,40,pol,26435212,-3169993,17124,921213536.6436263
Giraffe_20_1_95_R_Giraffe_2025_01_13_19_48_21.ndpi.ndpa,41,pol,27017488,-3005056,12293,474750724.24469167
Giraffe_20_1_95_R_Giraffe_2025_01_13_19_48_21.ndpi.ndpa,42,pol,27672066,-2918436,11084,385960541.3859626
Giraffe_20_1_95_R_Giraffe_2025_01_13_19_48_21.ndpi.ndpa,43,paly,26503362,-2806901,11151,390640713.33368474
Giraffe_20_1_95_R_Giraffe_2025_01_13_19_48_21.ndpi.ndpa,44,pol,26750332,-2709973,15902,794425856.6131746
Giraffe_20_1_95_R_Giraffe_2025_01_13_19_48_21.ndpi.ndpa,45,pol,28039300,-2562073,16810,887738999.8400548
Giraffe_20_1_95_R_Giraffe_2025_01_13_19_48_21.ndpi.ndpa,46,pol,26338428,-2601447,12429,485313361.93185
Giraffe_20_1_95_R_Giraffe_2025_01_13_19_48_21.ndpi.ndpa,47,pol,27504700,-2466577,11782,436101830.40261763
Giraffe_20_1_95_R_Giraffe_2025_01_13_19_48_21.ndpi.ndpa,48,paly,26946908,-2251384,11849,441075841.7944153
Giraffe_20_1_95_R_Giraffe_2025_01_13_19_48_21.ndpi.ndpa,49,paly,26823924,-2326695,11959,449303295.9630485
Giraffe_20_1_95_R_Giraffe_2025_01_13_19_48_21.ndpi.ndpa,50,pol,27229956,-2164192,10333,335430640.49965125
Giraffe_20_1_95_R_Giraffe_2025_01_13_19_48_21.ndpi.ndpa,51,pol,27972154,-2207432,11013,381031737.5124501
Giraffe_20_1_95_R_Giraffe_2025_01_13_19_48_21.ndpi.ndpa,52,paly,26712248,-2106924,16236,828148001.1833315
Giraffe_20_1_95_R_Giraffe_2025_01_13_19_48_21.ndpi.ndpa,53,paly,16642237,-8604564,12487,489853365.4401469
Giraffe_20_1_95_R_Giraffe_2025_01_13_19_48_21.ndpi.ndpa,54,paly,17620704,-7513943,31385,3094526019.312058
USNMPAL_792815_D1524_L_2024_01_26_10_53_45_Oregon.ndpi.ndpa,2,pol,3383484,3307004,45146,6403072617.176505
USNMPAL_792815_D1524_L_2024_01_26_10_53_45_Oregon.ndpi.ndpa,3,pol,3518123,2988917,17260,935904327.6085666
USNMPAL_792815_D1524_L_2024_01_26_10_53_45_Oregon.ndpi.ndpa,4,pol,3561769,2812220,12062,457076108.26763225
USNMPAL_792815_D1524_L_2024_01_26_10_53_45_Oregon.ndpi.ndpa,5,paly,3177888,3152571,14528,663073291.6606094
USNMPAL_792815_D1524_L_2024_01_26_10_53_45_Oregon.ndpi.ndpa,6,paly,2901412,3065572,52499,8658684887.369833
USNMPAL_792815_D1524_L_2024_01_26_10_53_45_Oregon.ndpi.ndpa,7,pol,3237258,3205115,14789,687111932.4070106
USNMPAL_792815_D1524_L_2024_01_26_10_53_45_Oregon.ndpi.ndpa,8,pol,3821167,3342243,10144,323272196.2665827
USNMPAL_792815_D1524_L_2024_01_26_10_53_45_Oregon.ndpi.ndpa,9,spo,2875918,3341536,34648,3771431413.5591946
USNMPAL_792815_D1524_L_2024_01_26_10_53_45_Oregon.ndpi.ndpa,10,paly,2665124,3532781,23543,1741299510.5026846
USNMPAL_792815_D1524_L_2024_01_26_10_53_45_Oregon.ndpi.ndpa,11,pol,3268444,3742146,10819,367725810.85469466
USNMPAL_792815_D1524_L_2024_01_26_10_53_45_Oregon.ndpi.ndpa,12,pol,2668173,3742864,33912,3612906145.604229
USNMPAL_792815_D1524_L_2024_01_26_10_53_45_Oregon.ndpi.ndpa,13,paly,2766664,3818391,29468,2728042896.8474174
USNMPAL_792815_D1524_L_2024_01_26_10_53_45_Oregon.ndpi.ndpa,15,fun,3651494,-6016810,23715,1766835556.8299003
USNMPAL_792815_D1524_L_2024_01_26_10_53_45_Oregon.ndpi.ndpa,16,spo,4303958,-6048401,30448,2912509928.9712534
USNMPAL_792815_D1524_L_2024_01_26_10_53_45_Oregon.ndpi.ndpa,17,pol,4669299,-6079603,20330,1298448203.9032784
USNMPAL_792815_D1524_L_2024_01_26_10_53_45_Oregon.ndpi.ndpa,18,paly,3458474,-5137351,13631,583720987.2040151
USNMPAL_792815_D1524_L_2024_01_26_10_53_45_Oregon.ndpi.ndpa,19,pol,4395319,-5233049,18056,1024219322.5872916
USNMPAL_792815_D1524_L_2024_01_26_10_53_45_Oregon.ndpi.ndpa,20,spo,3377104,-5020079,31697,3156357539.0174685
USNMPAL_792815_D1524_L_2024_01_26_10_53_45_Oregon.ndpi.ndpa,21,paly,2207857,4042453,29666,2764826334.9629383
USNMPAL_792815_D1524_L_2024_01_26_10_53_45_Oregon.ndpi.ndpa,22,paly,2201298,3286606,22029,1524542158.642862
USNMPAL_792815_D1524_L_2024_01_26_10_53_45_Oregon.ndpi.ndpa,23,paly,2217864,3241352,21164,1407166146.7070363
USNMPAL_792815_D1524_L_2024_01_26_10_53_45_Oregon.ndpi.ndpa,24,paly,3874490,2802012,32359,3289577001.6876144
USNMPAL_792815_D1524_L_2024_01_26_10_53_45_Oregon.ndpi.ndpa,25,pol,-55553,474439,18800,1110364507.4847765
USNMPAL_792815_D1524_L_2024_01_26_10_53_45_Oregon.ndpi.ndpa,26,pol,-139684,409521,18021,1020252449.2515671
USNMPAL_792815_D1524_L_2024_01_26_10_53_45_Oregon.ndpi.ndpa,27,spo,803210,621287,25426,2030981455.6834862
USNMPAL_792815_D1524_L_2024_01_26_10_53_45_Oregon.ndpi.ndpa,28,pol,934514,971163,36735,4239454329.1716294
USNMPAL_792815_D1524_L_2024_01_26_10_53_45_Oregon.ndpi.ndpa,29,paly,-202257,1802650,37800,4488833247.15524
USNMPAL_792815_D1524_L_2024_01_26_10_53_45_Oregon.ndpi.ndpa,30,paly,-245651,1834127,30991,3017317785.868093
USNMPAL_792815_D1524_L_2024_01_26_10_53_45_Oregon.ndpi.ndpa,32,spo,470467,1627978,20584,1331096124.8478374
USNMPAL_792815_D1524_L_2024_01_26_10_53_45_Oregon.ndpi.ndpa,33,paly,210989,1703404,22576,1601193673.594277
USNMPAL_792815_D1524_L_2024_01_26_10_53_45_Oregon.ndpi.ndpa,34,spo,1046569,1729752,14168,630618880.2571408
USNMPAL_792815_D1524_L_2024_01_26_10_53_45_Oregon.ndpi.ndpa,35,pol,-402116,904403,19275,1167182174.1203563
USNMPAL_792815_D1524_L_2024_01_26_10_53_45_Oregon.ndpi.ndpa,36,pol,-623194,694527,12893,522225215.7886792
USNMPAL_792815_D1524_L_2024_01_26_10_53_45_Oregon.ndpi.ndpa,37,paly,-605573,687433,13393,563515168.0348098
USNMPAL_792815_D1524_L_2024_01_26_10_53_45_Oregon.ndpi.ndpa,38,pol,28996,437187,10913,374143481.4601891
USNMPAL_792815_D1524_L_2024_01_26_10_53_45_Oregon.ndpi.ndpa,39,pol,81841,452307,9478,282217071.78812265
USNMPAL_792815_D1524_L_2024_01_26_10_53_45_Oregon.ndpi.ndpa,40,pol,257751,629638,16814,888161531.485592
USNMPAL_792815_D1524_L_2024_01_26_10_53_45_Oregon.ndpi.ndpa,41,spo,623703,567889,26772,2251705068.268466
USNMPAL_792815_D1524_L_2024_01_26_10_53_45_Oregon.ndpi.ndpa,42,pol,899366,683333,13880,605241647.7217494
USNMPAL_792815_D1524_L_2024_01_26_10_53_45_Oregon.ndpi.ndpa,43,pol,980750,816722,10385,338815191.3626991
USNMPAL_792815_D1524_L_2024_01_26_10_53_45_Oregon.ndpi.ndpa,44,pol,230593,1076045,12909,523522165.767046
USNMPAL_792815_D1524_L_2024_01_26_10_53_45_Oregon.ndpi.ndpa,45,fun,556697,1145641,8883,247895816.07414812
USNMPAL_792815_D1524_L_2024_01_26_10_53_45_Oregon.ndpi.ndpa,46,fun,1005408,1713938,11796,437138845.00482637
USNMPAL_792815_D1524_L_2024_01_26_10_53_45_Oregon.ndpi.ndpa,47,pol,-6377,1889055,17403,951476602.3482144
USNMPAL_792815_D1524_L_2024_01_26_10_53_45_Oregon.ndpi.ndpa,48,paly,2500042,3695745,23974,1805638784.5526745
USNMPAL_792815_D1524_L_2024_01_26_10_53_45_Oregon.ndpi.ndpa,49,fun,2873382,2756184,6969,152577607.884782
USNMPAL_792815_D1524_L_2024_01_26_10_53_45_Oregon.ndpi.ndpa,50,fun,2901341,2731615,10128,322253214.4062056
USNMPAL_792815_D1524_L_2024_01_26_10_53_45_Oregon.ndpi.ndpa,51,paly,4806268,-5732382,18974,1131013178.1208024
USNMPAL_792815_D1524_L_2024_01_26_10_53_45_Oregon.ndpi.ndpa,52,paly,3586486,-6057285,27122,2310964616.3338647
USNMPAL_792815_D1524_L_2024_01_26_10_53_45_Oregon.ndpi.ndpa,53,paly,4440086,-6009649,42069,5559993069.075225
USNMPAL_792815_D1524_L_2024_01_26_10_53_45_Oregon.ndpi.ndpa,54,paly,4018937,-5379129,17024,910485626.0501479
D5410_1_R_2024_02_0911_03_13_Utah.ndpi.ndpa,2,paly,21997144,5033489,15528,757497000.4569042
D5410_1_R_2024_02_0911_03_13_Utah.ndpi.ndpa,3,pol,22106472,4998269,16506,855920748.3825675
D5410_1_R_2024_02_0911_03_13_Utah.ndpi.ndpa,4,pol,22040788,4869275,14174,631153114.371069
D5410_1_R_2024_02_0911_03_13_Utah.ndpi.ndpa,5,pol,22593696,4998700,11311,401931346.0032742
D5410_1_R_2024_02_0911_03_13_Utah.ndpi.ndpa,6,paly,23134072,5003023,28625,2574191567.920349
D5410_1_R_2024_02_0911_03_13_Utah.ndpi.ndpa,7,paly,23114046,4989275,12063,457151899.19040006
D5410_1_R_2024_02_0911_03_13_Utah.ndpi.ndpa,8,pol,23401602,5217765,7193,162543644.56065306
D5410_1_R_2024_02_0911_03_13_Utah.ndpi.ndpa,9,spo,22970920,5097223,28846,2614093222.0985246
D5410_1_R_2024_02_0911_03_13_Utah.ndpi.ndpa,10,pol,23008276,5118942,12650,502725510.4090727
D5410_1_R_2024_02_0911_03_13_Utah.ndpi.ndpa,11,paly,22890344,5092662,9541,285981318.68087596
D5410_1_R_2024_02_0911_03_13_Utah.ndpi.ndpa,12,pol,22534588,5219724,9227,267467435.65118796
D5410_1_R_2024_02_0911_03_13_Utah.ndpi.ndpa,13,paly,21690174,5562392,10427,341561270.06757253
D5410_1_R_2024_02_0911_03_13_Utah.ndpi.ndpa,14,pol,23050350,5474215,10742,362510148.15598285
D5410_1_R_2024_02_0911_03_13_Utah.ndpi.ndpa,15,spo,23452730,5431685,26072,2135495042.7380567
D5410_1_R_2024_02_0911_03_13_Utah.ndpi.ndpa,16,paly,22485928,5704095,9101,260212467.77165875
D5410_1_R_2024_02_0911_03_13_Utah.ndpi.ndpa,17,pol,22674318,5917130,20315,1296532853.4022012
D5410_1_R_2024_02_0911_03_13_Utah.ndpi.ndpa,18,spo,22759010,5961494,23203,1691368167.8398838
D5410_1_R_2024_02_0911_03_13_Utah.ndpi.ndpa,19,paly,22141982,5997608,17091,917666380.0864214
D5410_1_R_2024_02_0911_03_13_Utah.ndpi.ndpa,20,paly,22937140,6105702,21566,1461130728.8503687
D5410_1_R_2024_02_0911_03_13_Utah.ndpi.ndpa,21,pol,23234690,6120665,24579,1897921702.1590705
D5410_1_R_2024_02_0911_03_13_Utah.ndpi.ndpa,22,pol,23257418,6106459,19698,1218973147.9969306
D5410_1_R_2024_02_0911_03_13_Utah.ndpi.ndpa,23,paly,23311966,6291322,16005,804750452.6833777
D5410_1_R_2024_02_0911_03_13_Utah.ndpi.ndpa,25,pol,15973304,8902827,18013,1019346816.0541315
D5410_1_R_2024_02_0911_03_13_Utah.ndpi.ndpa,26,spo,15845154,9839647,25341,2017424870.7726789
D5410_1_R_2024_02_0911_03_13_Utah.ndpi.ndpa,27,pol,15479478,9896219,16959,903546177.7455968
D5410_1_R_2024_02_0911_03_13_Utah.ndpi.ndpa,28,pol,15374380,8951279,14760,684419835.6887037
D5410_1_R_2024_02_0911_03_13_Utah.ndpi.ndpa,29,paly,15305298,9097516,13667,586808318.2692921
D5410_1_R_2024_02_0911_03_13_Utah.ndpi.ndpa,30,paly,16886210,8834455,18252,1046576052.0163331
D5410_1_R_2024_02_0911_03_13_Utah.ndpi.ndpa,31,paly,16464672,9245036,11050,383596316.98494774
D5410_1_R_2024_02_0911_03_13_Utah.ndpi.ndpa,32,paly,16416653,9337761,19331,1173974096.3754876
D5410_1_R_2024_02_0911_03_13_Utah.ndpi.ndpa,33,spo,15138879,9616594,21595,1465062962.9854949
D5410_1_R_2024_02_0911_03_13_Utah.ndpi.ndpa,34,pol,16878244,9441502,13881,605328861.4754057
D5410_1_R_2024_02_0911_03_13_Utah.ndpi.ndpa,35,pol,16825984,9651960,15786,782877965.2043679
D5410_1_R_2024_02_0911_03_13_Utah.ndpi.ndpa,36,paly,22857490,5150186,5825,106596202.23171018
D5410_1_R_2024_02_0911_03_13_Utah.ndpi.ndpa,37,paly,22645118,5140136,13717,591109786.9305873
D5410_1_R_2024_02_0911_03_13_Utah.ndpi.ndpa,38,paly,22416268,5080823,10636,355391085.57464796
D5410_1_R_2024_02_0911_03_13_Utah.ndpi.ndpa,39,fun,22185600,5186269,11794,436990624.66343004
D5410_1_R_2024_02_0911_03_13_Utah.ndpi.ndpa,40,paly,22383428,5445658,11200,394081382.46630365
D5410_1_R_2024_02_0911_03_13_Utah.ndpi.ndpa,41,fun,22417802,5411612,32795,3378820676.587482
D5410_1_R_2024_02_0911_03_13_Utah.ndpi.ndpa,42,paly,21949684,5499846,14420,653251466.6539086
D5410_1_R_2024_02_0911_03_13_Utah.ndpi.ndpa,43,paly,22274744,5724755,15090,715366094.12289
D5410_1_R_2024_02_0911_03_13_Utah.ndpi.ndpa,44,paly,22860226,5670740,12465,488128807.0025148
D5410_1_R_2024_02_0911_03_13_Utah.ndpi.ndpa,45,paly,22800646,5742597,8582,231380573.44996947
D5410_1_R_2024_02_0911_03_13_Utah.ndpi.ndpa,46,paly,23056152,5775170,14256,638476983.6606767
D5410_1_R_2024_02_0911_03_13_Utah.ndpi.ndpa,47,,23278922,5739651,13497,572300820.386133
D5410_1_R_2024_02_0911_03_13_Utah.ndpi.ndpa,48,paly,22721914,5933954,10918,374486402.00629175
D5410_1_R_2024_02_0911_03_13_Utah.ndpi.ndpa,49,pol,22670520,5908909,12092,459352569.1362765
D5410_1_R_2024_02_0911_03_13_Utah.ndpi.ndpa,50,paly,22369188,6100267,11988,451485015.8220385
D5410_1_R_2024_02_0911_03_13_Utah.ndpi.ndpa,51,paly,23210340,6151172,22157,1542310403.5057764
D5410_1_R_2024_02_0911_03_13_Utah.ndpi.ndpa,52,fun,22709638,6286875,8544,229336062.65012506
D5410_1_R_2024_02_0911_03_13_Utah.ndpi.ndpa,53,paly,22077844,6253156,18669,1094944191.5817828
D5410_1_R_2024_02_0911_03_13_Utah.ndpi.ndpa,54,fun,21971942,6308976,10770,364402442.5085755
USNMPAL_792727_D1376_2024_01_22_16_00_33_Wyoming.ndpi.ndpa,3,platycaryapollenites platycaryoides,11809356,-119812,14739,682473685.0132506
USNMPAL_792727_D1376_2024_01_22_16_00_33_Wyoming.ndpi.ndpa,4,pol,11795739,26546,18392,1062692924.9840734
USNMPAL_792727_D1376_2024_01_22_16_00_33_Wyoming.ndpi.ndpa,5,pol,12557039,139948,15448,749711882.5338963
USNMPAL_792727_D1376_2024_01_22_16_00_33_Wyoming.ndpi.ndpa,6,pol,12806381,119693,13779,596465423.2899798
USNMPAL_792727_D1376_2024_01_22_16_00_33_Wyoming.ndpi.ndpa,7,pol,12909138,226527,13393,563515168.0348098
USNMPAL_792727_D1376_2024_01_22_16_00_33_Wyoming.ndpi.ndpa,8,pol,12522581,294081,14094,624048591.0805349
USNMPAL_792727_D1376_2024_01_22_16_00_33_Wyoming.ndpi.ndpa,9,pol,11815906,229293,8048,203481911.2171776
USNMPAL_792727_D1376_2024_01_22_16_00_33_Wyoming.ndpi.ndpa,10,pol,11508292,199192,12328,477457944.5900329
USNMPAL_792727_D1376_2024_01_22_16_00_33_Wyoming.ndpi.ndpa,11,pol,12721744,322667,15910,795225379.3771425
USNMPAL_792727_D1376_2024_01_22_16_00_33_Wyoming.ndpi.ndpa,12,paly,11670700,389585,12584,497493363.77370745
USNMPAL_792727_D1376_2024_01_22_16_00_33_Wyoming.ndpi.ndpa,13,pol,12393590,468644,10962,377510876.0857557
USNMPAL_792727_D1376_2024_01_22_16_00_33_Wyoming.ndpi.ndpa,14,pol,11512226,607713,12295,474905215.2050246
USNMPAL_792727_D1376_2024_01_22_16_00_33_Wyoming.ndpi.ndpa,15,pol,12607889,615495,13112,540116884.4021752
USNMPAL_792727_D1376_2024_01_22_16_00_33_Wyoming.ndpi.ndpa,16,pol,11535798,641219,14017,617248466.1269851
USNMPAL_792727_D1376_2024_01_22_16_00_33_Wyoming.ndpi.ndpa,17,pol,11854256,759885,15941,798327328.2730366
USNMPAL_792727_D1376_2024_01_22_16_00_33_Wyoming.ndpi.ndpa,18,paly,11443912,943892,24943,1954552076.4654212
USNMPAL_792727_D1376_2024_01_22_16_00_33_Wyoming.ndpi.ndpa,19,spo,11858146,1058096,30383,2900088024.4950695
USNMPAL_792727_D1376_2024_01_22_16_00_33_Wyoming.ndpi.ndpa,20,spo,11913416,1029030,14442,655246264.8916026
USNMPAL_792727_D1376_2024_01_22_16_00_33_Wyoming.ndpi.ndpa,21,pol,12130489,993213,17266,936555127.3763137
USNMPAL_792727_D1376_2024_01_22_16_00_33_Wyoming.ndpi.ndpa,22,spo,12552734,1279293,29136,2666918411.418253
USNMPAL_792727_D1376_2024_01_22_16_00_33_Wyoming.ndpi.ndpa,23,pol,12718084,1388118,13961,612326319.2883055
USNMPAL_792727_D1376_2024_01_22_16_00_33_Wyoming.ndpi.ndpa,24,pol,12636432,2135359,13415,565368003.9836735
USNMPAL_792727_D1376_2024_01_22_16_00_33_Wyoming.ndpi.ndpa,25,pol,12615263,2262951,12746,510384763.56400704
USNMPAL_792727_D1376_2024_01_22_16_00_33_Wyoming.ndpi.ndpa,26,pol,12490723,2405114,21101,1398801043.656286
USNMPAL_792727_D1376_2024_01_22_16_00_33_Wyoming.ndpi.ndpa,27,pol,13242242,2465201,16220,826516584.684693
USNMPAL_792727_D1376_2024_01_22_16_00_33_Wyoming.ndpi.ndpa,28,pol,13379120,2553796,17453,956951770.0248907
USNMPAL_792727_D1376_2024_01_22_16_00_33_Wyoming.ndpi.ndpa,29,pol,14071394,2648231,16976,905358546.8394895
USNMPAL_792727_D1376_2024_01_22_16_00_33_Wyoming.ndpi.ndpa,30,pol,13954716,2699969,14424,653613931.0479093
USNMPAL_792727_D1376_2024_01_22_16_00_33_Wyoming.ndpi.ndpa,31,pol,13800236,2839233,13116,540446475.1706486
USNMPAL_792727_D1376_2024_01_22_16_00_33_Wyoming.ndpi.ndpa,32,pol,14300294,2984219,14404,651802614.3875555
USNMPAL_792727_D1376_2024_01_22_16_00_33_Wyoming.ndpi.ndpa,33,pol,14307846,2964193,13366,561245389.3337398
USNMPAL_792727_D1376_2024_01_22_16_00_33_Wyoming.ndpi.ndpa,34,pol,13386459,2957900,10405,340121465.5880617
USNMPAL_792727_D1376_2024_01_22_16_00_33_Wyoming.ndpi.ndpa,35,pol,13147874,2967855,17359,946671448.4199545
USNMPAL_792727_D1376_2024_01_22_16_00_33_Wyoming.ndpi.ndpa,36,pol,13880566,3123483,12606,499234371.5904739
USNMPAL_792727_D1376_2024_01_22_16_00_33_Wyoming.ndpi.ndpa,37,pol,12835252,3135156,15987,802941347.7042521
USNMPAL_792727_D1376_2024_01_22_16_00_33_Wyoming.ndpi.ndpa,38,bipol,12728604,3235169,31114,3041316145.11349
USNMPAL_792727_D1376_2024_01_22_16_00_33_Wyoming.ndpi.ndpa,39,pol,13997246,3348269,13361,560825562.5994773
USNMPAL_792727_D1376_2024_01_22_16_00_33_Wyoming.ndpi.ndpa,40,pol,12543648,3360170,13153,543499955.5750831
USNMPAL_792727_D1376_2024_01_22_16_00_33_Wyoming.ndpi.ndpa,41,pol,13053660,3516484,18400,1063617608.7993604
USNMPAL_792727_D1376_2024_01_22_16_00_33_Wyoming.ndpi.ndpa,42,pol,13589534,3436840,11534,417935985.57346493
USNMPAL_792727_D1376_2024_01_22_16_00_33_Wyoming.ndpi.ndpa,43,pol,12566305,3546809,13307,556301442.983637
USNMPAL_792727_D1376_2024_01_22_16_00_33_Wyoming.ndpi.ndpa,44,paly,12387030,-60187,32431,3304232154.4254923
USNMPAL_792727_D1376_2024_01_22_16_00_33_Wyoming.ndpi.ndpa,46,pol,19566928,293206,20997,1385046547.8330803
USNMPAL_792727_D1376_2024_01_22_16_00_33_Wyoming.ndpi.ndpa,47,paly,18901920,918913,20172,1278344159.7696788
USNMPAL_792727_D1376_2024_01_22_16_00_33_Wyoming.ndpi.ndpa,48,paly,18645648,1065866,56239,9936308164.722849
USNMPAL_792727_D1376_2024_01_22_16_00_33_Wyoming.ndpi.ndpa,49,paly,18871496,1454368,13289,554797474.6157693
USNMPAL_792727_D1376_2024_01_22_16_00_33_Wyoming.ndpi.ndpa,50,pol,19858044,1021379,14985,705445337.2219352
USNMPAL_792727_D1376_2024_01_22_16_00_33_Wyoming.ndpi.ndpa,51,paly,19140072,1375369,16737,880045456.2013065
USNMPAL_792727_D1376_2024_01_22_16_00_33_Wyoming.ndpi.ndpa,52,paly,19096708,662078,34493,3737763420.6216073
USNMPAL_792727_D1376_2024_01_22_16_00_33_Wyoming.ndpi.ndpa,53,paly,12540593,483105,16347,839510240.1742742
Giraffe_24_2_43_R_Giraffe_2025_01_14_10_06_00.ndpi.ndpa,2,paly,16122891,205594,9114,260956381.20406556
Giraffe_24_2_43_R_Giraffe_2025_01_14_10_06_00.ndpi.ndpa,3,pol,15912944,460099,13182,545899237.0085194
Giraffe_24_2_43_R_Giraffe_2025_01_14_10_06_00.ndpi.ndpa,4,pol,16603425,584533,14752,683678118.2295618
Giraffe_24_2_43_R_Giraffe_2025_01_14_10_06_00.ndpi.ndpa,5,pol,15480117,513472,10714,360622779.820671
Giraffe_24_2_43_R_Giraffe_2025_01_14_10_06_00.ndpi.ndpa,6,fun,15546662,665612,6929,150831133.69679835
Giraffe_24_2_43_R_Giraffe_2025_01_14_10_06_00.ndpi.ndpa,7,pol,16219039,1475889,18168,1036965040.443059
Giraffe_24_2_43_R_Giraffe_2025_01_14_10_06_00.ndpi.ndpa,8,pol,15071901,1610048,13113,540199272.6695155
Giraffe_24_2_43_R_Giraffe_2025_01_14_10_06_00.ndpi.ndpa,9,paly,16424205,1257851,10891,372636497.16337395
Giraffe_24_2_43_R_Giraffe_2025_01_14_10_06_00.ndpi.ndpa,10,paly,16207319,1243100,11181,392745454.7478838
Giraffe_24_2_43_R_Giraffe_2025_01_14_10_06_00.ndpi.ndpa,11,paly,16126948,935692,10443,342610310.68645924
Giraffe_24_2_43_R_Giraffe_2025_01_14_10_06_00.ndpi.ndpa,12,paly,16104978,827771,10193,326402834.1865895
Giraffe_24_2_43_R_Giraffe_2025_01_14_10_06_00.ndpi.ndpa,13,pol,16369656,324146,9305,272008595.26558137
Giraffe_24_2_43_R_Giraffe_2025_01_14_10_06_00.ndpi.ndpa,14,pol,16338645,323605,9956,311400745.9471976
Giraffe_24_2_43_R_Giraffe_2025_01_14_10_06_00.ndpi.ndpa,15,pol,16348420,1539055,9391,277059823.8632117
Giraffe_24_2_43_R_Giraffe_2025_01_14_10_06_00.ndpi.ndpa,16,paly,16322186,531136,12849,518666897.152776
Giraffe_24_2_43_R_Giraffe_2025_01_14_10_06_00.ndpi.ndpa,17,pol,16436386,1050201,9365,275527807.3561327
Giraffe_24_2_43_R_Giraffe_2025_01_14_10_06_00.ndpi.ndpa,18,paly,15743058,579541,12128,462091786.60279447
Giraffe_24_2_43_R_Giraffe_2025_01_14_10_06_00.ndpi.ndpa,19,pol,15516718,831292,8958,252099502.6641003
Giraffe_24_2_43_R_Giraffe_2025_01_14_10_06_00.ndpi.ndpa,20,pol,15458586,787579,7728,187622146.19220716
Giraffe_24_2_43_R_Giraffe_2025_01_14_10_06_00.ndpi.ndpa,21,pol,15398740,682301,11008,380685832.4533266
Giraffe_24_2_43_R_Giraffe_2025_01_14_10_06_00.ndpi.ndpa,22,pol,15325047,1401050,5745,103688344.07154746
Giraffe_24_2_43_R_Giraffe_2025_01_14_10_06_00.ndpi.ndpa,23,pol,14916305,1309275,10700,359680942.9094954
Giraffe_24_2_43_R_Giraffe_2025_01_14_10_06_00.ndpi.ndpa,25,pol,26930996,3876722,10985,379096692.3670274
Giraffe_24_2_43_R_Giraffe_2025_01_14_10_06_00.ndpi.ndpa,26,pol,26750918,4082921,11004,380409221.5033633
Giraffe_24_2_43_R_Giraffe_2025_01_14_10_06_00.ndpi.ndpa,27,pol,27588742,4107276,14188,632400540.2828445
Giraffe_24_2_43_R_Giraffe_2025_01_14_10_06_00.ndpi.ndpa,28,paly,26463492,4228628,12344,478698094.57322276
Giraffe_24_2_43_R_Giraffe_2025_01_14_10_06_00.ndpi.ndpa,29,pol,28019544,4461591,11194,393659265.5109967
Giraffe_24_2_43_R_Giraffe_2025_01_14_10_06_00.ndpi.ndpa,30,pol,27801056,4404457,10927,375104054.82995075
Giraffe_24_2_43_R_Giraffe_2025_01_14_10_06_00.ndpi.ndpa,31,pol,26507500,4579143,13483,571114178.009019
Giraffe_24_2_43_R_Giraffe_2025_01_14_10_06_00.ndpi.ndpa,32,pol,26444768,4698809,14512,661613582.0500454
Giraffe_24_2_43_R_Giraffe_2025_01_14_10_06_00.ndpi.ndpa,33,pol,26596676,4753629,14803,688413456.5442809
Giraffe_24_2_43_R_Giraffe_2025_01_14_10_06_00.ndpi.ndpa,34,pol,27119930,4633953,13324,557723726.8009187
Giraffe_24_2_43_R_Giraffe_2025_01_14_10_06_00.ndpi.ndpa,35,pol,26884290,4904511,17133,922182130.4994326
Giraffe_24_2_43_R_Giraffe_2025_01_14_10_06_00.ndpi.ndpa,36,pol,27020982,4919462,17320,942422504.0462347
Giraffe_24_2_43_R_Giraffe_2025_01_14_10_06_00.ndpi.ndpa,37,pol,26572058,5012282,8694,237459278.7745122
Giraffe_24_2_43_R_Giraffe_2025_01_14_10_06_00.ndpi.ndpa,38,pol,26527594,5069562,11994,451937065.8721488
Giraffe_24_2_43_R_Giraffe_2025_01_14_10_06_00.ndpi.ndpa,39,pol,27929318,5086261,11794,436990624.66343004
Giraffe_24_2_43_R_Giraffe_2025_01_14_10_06_00.ndpi.ndpa,40,pol,28175918,5066067,13183,545982065.0988313
Giraffe_24_2_43_R_Giraffe_2025_01_14_10_06_00.ndpi.ndpa,41,paly,28056318,5016166,16932,900671441.3967808
Giraffe_24_2_43_R_Giraffe_2025_01_14_10_06_00.ndpi.ndpa,42,paly,28218876,5136311,21997,1520116182.3815198
Giraffe_24_2_43_R_Giraffe_2025_01_14_10_06_00.ndpi.ndpa,44,,29953044,-4789185,12283,473978646.43414545
Giraffe_24_2_43_R_Giraffe_2025_01_14_10_06_00.ndpi.ndpa,45,pol,29889068,-4273053,12329,477535406.8400924
Giraffe_24_2_43_R_Giraffe_2025_01_14_10_06_00.ndpi.ndpa,46,fun,29631248,-4279627,14662,675361505.6614196
Giraffe_24_2_43_R_Giraffe_2025_01_14_10_06_00.ndpi.ndpa,47,pol,29265200,-4157609,9890,307285774.7921902
Giraffe_24_2_43_R_Giraffe_2025_01_14_10_06_00.ndpi.ndpa,48,pol,29444296,-4059482,12458,487580721.6065768
Giraffe_24_2_43_R_Giraffe_2025_01_14_10_06_00.ndpi.ndpa,49,pol,29263920,-4098766,12276,473438565.8162888
Giraffe_24_2_43_R_Giraffe_2025_01_14_10_06_00.ndpi.ndpa,50,pol,28869976,-4040080,11773,435435828.46801984
Giraffe_24_2_43_R_Giraffe_2025_01_14_10_06_00.ndpi.ndpa,51,paly,28932186,-3989254,17352,945908113.6617632
Giraffe_24_2_43_R_Giraffe_2025_01_14_10_06_00.ndpi.ndpa,52,pol,29252858,-3980596,12471,488598839.52897424
Giraffe_24_2_43_R_Giraffe_2025_01_14_10_06_00.ndpi.ndpa,53,pol,29713018,-3998394,13163,544326697.0978018
D4191_I_L_2024_02_06_12_10_36_Kentucky.ndpi.ndpa,2,fun,-1019657,514895,5920,110101512.77476932
D4191_I_L_2024_02_06_12_10_36_Kentucky.ndpi.ndpa,3,din,-728892,543732,28189,2496371477.891171
D4191_I_L_2024_02_06_12_10_36_Kentucky.ndpi.ndpa,4,fun,206415,1015402,9431,279425066.14024633
D4191_I_L_2024_02_06_12_10_36_Kentucky.ndpi.ndpa,5,din,3759,1299651,17318,942204867.0735646
D4191_I_L_2024_02_06_12_10_36_Kentucky.ndpi.ndpa,6,spo,-249243,1223554,20829,1362971305.1058004
D4191_I_L_2024_02_06_12_10_36_Kentucky.ndpi.ndpa,7,pol,-332318,1327916,11390,407565412.2947764
D4191_I_L_2024_02_06_12_10_36_Kentucky.ndpi.ndpa,8,pol,-566213,1311323,9474,281978913.9322393
D4191_I_L_2024_02_06_12_10_36_Kentucky.ndpi.ndpa,9,pol,-497669,1558177,7728,187622146.19220716
D4191_I_L_2024_02_06_12_10_36_Kentucky.ndpi.ndpa,10,pol,696403,1694580,10377,338293385.3893084
D4191_I_L_2024_02_06_12_10_36_Kentucky.ndpi.ndpa,11,pol,-798161,1944500,10200,326851299.6794821
D4191_I_L_2024_02_06_12_10_36_Kentucky.ndpi.ndpa,12,pol,-436106,1944729,13940,610485594.1791215
D4191_I_L_2024_02_06_12_10_36_Kentucky.ndpi.ndpa,14,pol,-2342597,3126211,11477,413815387.8260149
D4191_I_L_2024_02_06_12_10_36_Kentucky.ndpi.ndpa,15,din,-2101609,3480745,28253,2507719815.3346214
D4191_I_L_2024_02_06_12_10_36_Kentucky.ndpi.ndpa,16,pol,-2501998,3629736,16068,811098351.6576287
D4191_I_L_2024_02_06_12_10_36_Kentucky.ndpi.ndpa,17,pol,-2578437,3620352,10689,358941792.13155144
D4191_I_L_2024_02_06_12_10_36_Kentucky.ndpi.ndpa,18,din,-2547565,3911948,35526,3964993645.4416976
D4191_I_L_2024_02_06_12_10_36_Kentucky.ndpi.ndpa,19,bisaccate ,-2509003,4239818,33231,3469258759.881503
D4191_I_L_2024_02_06_12_10_36_Kentucky.ndpi.ndpa,20,pol,-2469410,4226316,14834,691299785.3699886
D4191_I_L_2024_02_06_12_10_36_Kentucky.ndpi.ndpa,22,pol,-1781556,1981902,5834,106925852.69044401
D4191_I_L_2024_02_06_12_10_36_Kentucky.ndpi.ndpa,23,alg,-2157456,2038431,13555,577230029.5250977
D4191_I_L_2024_02_06_12_10_36_Kentucky.ndpi.ndpa,24,pol,-2144871,2140733,10080,319205919.79770595
D4191_I_L_2024_02_06_12_10_36_Kentucky.ndpi.ndpa,25,pol,-2235387,2285031,14167,630529863.2293013
D4191_I_L_2024_02_06_12_10_36_Kentucky.ndpi.ndpa,26,din,-2277725,2313869,29515,2736752023.1432915
D4191_I_L_2024_02_06_12_10_36_Kentucky.ndpi.ndpa,27,pol,-1835340,2453246,9019,255544563.7432489
D4191_I_L_2024_02_06_12_10_36_Kentucky.ndpi.ndpa,28,pol,-2273950,2759753,18677,1095882798.9357107
D4191_I_L_2024_02_06_12_10_36_Kentucky.ndpi.ndpa,30,paly,81141,777683,35572,3975268249.348004
D4191_I_L_2024_02_06_12_10_36_Kentucky.ndpi.ndpa,31,pol,503077,1841232,12503,491109499.8467583
D4191_I_L_2024_02_06_12_10_36_Kentucky.ndpi.ndpa,32,paly,263472,1975549,16052,809483824.3610958
D4191_I_L_2024_02_06_12_10_36_Kentucky.ndpi.ndpa,36,pol,-2529975,3251221,11405,408639601.3628551
D4191_I_L_2024_02_06_12_10_36_Kentucky.ndpi.ndpa,37,paly,-2041309,4252545,24412,1872218771.2885036
D4191_I_L_2024_02_06_12_10_36_Kentucky.ndpi.ndpa,38,paly,-2041891,3391667,16319,836636788.7368536
D4191_I_L_2024_02_06_12_10_36_Kentucky.ndpi.ndpa,39,fun,-2218649,2295841,20231,1285833016.0806751
D4191_I_L_2024_02_06_12_10_36_Kentucky.ndpi.ndpa,40,paly,-2236437,2111356,22525,1593967536.1105297
D4191_I_L_2024_02_06_12_10_36_Kentucky.ndpi.ndpa,41,pol,-2562049,1696610,10500,346360590.0582747
D4191_I_L_2024_02_06_12_10_36_Kentucky.ndpi.ndpa,42,paly,-2441512,1759122,16558,861322176.5964787
D4191_I_L_2024_02_06_12_10_36_Kentucky.ndpi.ndpa,43,paly,-2556571,1649291,13969,613028276.7508236
D4191_I_L_2024_02_06_12_10_36_Kentucky.ndpi.ndpa,44,spo,-2608622,1629118,16599,865592973.8886969
D4191_I_L_2024_02_06_12_10_36_Kentucky.ndpi.ndpa,45,paly,-2366834,1606891,28206,2499383369.8920574
D4191_I_L_2024_02_06_12_10_36_Kentucky.ndpi.ndpa,46,paly,-1469411,1209496,11437,410935929.66344064
D4191_I_L_2024_02_06_12_10_36_Kentucky.ndpi.ndpa,47,paly,-1770001,889427,17029,911020529.3233114
D4191_I_L_2024_02_06_12_10_36_Kentucky.ndpi.ndpa,48,paly,-1622229,1630608,11112,387913003.52105683
D4191_I_L_2024_02_06_12_10_36_Kentucky.ndpi.ndpa,49,paly,-1630635,1702866,8633,234138781.84407842
D4191_I_L_2024_02_06_12_10_36_Kentucky.ndpi.ndpa,50,paly,-1629713,1546008,11226,395913169.74438816
D4191_I_L_2024_02_06_12_10_36_Kentucky.ndpi.ndpa,51,paly,-2303754,1786749,8559,230142022.53744027
D4191_I_L_2024_02_06_12_10_36_Kentucky.ndpi.ndpa,52,paly,-1844770,1970792,10879,371815787.4985501
D4191_I_L_2024_02_06_12_10_36_Kentucky.ndpi.ndpa,53,fun,-1751724,2092773,8601,232406231.1947355
D4191_I_L_2024_02_06_12_10_36_Kentucky.ndpi.ndpa,54,pol,-1551732,2390941,8602,232460276.0131552
D4191_I_L_2024_02_06_12_10_36_Kentucky.ndpi.ndpa,55,paly,-1393761,3219502,13706,590162116.081854
D4191_I_L_2024_02_06_12_10_36_Kentucky.ndpi.ndpa,56,paly,-219357,1338447,26736,2245653456.0389676
USNMPAL_792924_D1820_2024-01-23_13_40_57_N_Mexico.ndpi.ndpa,2,pol,25654928,-8312857,11881,443461441.5918453
USNMPAL_792924_D1820_2024-01-23_13_40_57_N_Mexico.ndpi.ndpa,3,pol,25736174,-8356340,8793,242898044.81711134
USNMPAL_792924_D1820_2024-01-23_13_40_57_N_Mexico.ndpi.ndpa,4,pol,24359586,-8402686,12864,519878593.7313023
USNMPAL_792924_D1820_2024-01-23_13_40_57_N_Mexico.ndpi.ndpa,5,pol,24429160,-8359658,13757,594562271.5931764
USNMPAL_792924_D1820_2024-01-23_13_40_57_N_Mexico.ndpi.ndpa,6,pol,24163454,-8334140,13109,539869757.2992659
USNMPAL_792924_D1820_2024-01-23_13_40_57_N_Mexico.ndpi.ndpa,7,pol,25682278,-8226230,11416,409428238.50827837
USNMPAL_792924_D1820_2024-01-23_13_40_57_N_Mexico.ndpi.ndpa,8,pol,25766384,-8253579,11468,413166633.2350853
USNMPAL_792924_D1820_2024-01-23_13_40_57_N_Mexico.ndpi.ndpa,9,pol,24817762,-8179542,10828,368337865.360245
USNMPAL_792924_D1820_2024-01-23_13_40_57_N_Mexico.ndpi.ndpa,10,pol,24307918,-7950826,10100,320473866.5926948
USNMPAL_792924_D1820_2024-01-23_13_40_57_N_Mexico.ndpi.ndpa,11,pol,24952676,-8003182,13688,588613021.87711
USNMPAL_792924_D1820_2024-01-23_13_40_57_N_Mexico.ndpi.ndpa,12,pol,25023672,-7956402,9961,311713601.4516054
USNMPAL_792924_D1820_2024-01-23_13_40_57_N_Mexico.ndpi.ndpa,13,pol,25667146,-7956537,13881,605328861.4754057
USNMPAL_792924_D1820_2024-01-23_13_40_57_N_Mexico.ndpi.ndpa,14,pol,25837624,-6856125,13368,561413364.0097419
USNMPAL_792924_D1820_2024-01-23_13_40_57_N_Mexico.ndpi.ndpa,15,pol,25592860,-6849488,12077,458213631.8436073
USNMPAL_792924_D1820_2024-01-23_13_40_57_N_Mexico.ndpi.ndpa,16,pol,24871038,-6868255,9467,281562379.5870778
USNMPAL_792924_D1820_2024-01-23_13_40_57_N_Mexico.ndpi.ndpa,17,paly,24932372,-6989553,9566,287481978.95167947
USNMPAL_792924_D1820_2024-01-23_13_40_57_N_Mexico.ndpi.ndpa,18,paly,25086510,-7031550,14694,678312692.6674607
USNMPAL_792924_D1820_2024-01-23_13_40_57_N_Mexico.ndpi.ndpa,19,pol,25826526,-7099179,12506,491345204.1187792
USNMPAL_792924_D1820_2024-01-23_13_40_57_N_Mexico.ndpi.ndpa,20,pol,24589656,-7131220,9680,294374771.46373224
USNMPAL_792924_D1820_2024-01-23_13_40_57_N_Mexico.ndpi.ndpa,21,pol,24645268,-7177337,10287,332450777.0358683
USNMPAL_792924_D1820_2024-01-23_13_40_57_N_Mexico.ndpi.ndpa,22,pol,25380250,-7191641,17060,914340435.6343263
USNMPAL_792924_D1820_2024-01-23_13_40_57_N_Mexico.ndpi.ndpa,23,pol,25802494,-7177795,19217,1160168455.4238815
USNMPAL_792924_D1820_2024-01-23_13_40_57_N_Mexico.ndpi.ndpa,24,pol,25835450,-7272888,12834,517456614.2909438
USNMPAL_792924_D1820_2024-01-23_13_40_57_N_Mexico.ndpi.ndpa,25,pol,24017164,-7283186,12411,483908693.02457696
USNMPAL_792924_D1820_2024-01-23_13_40_57_N_Mexico.ndpi.ndpa,26,paly,25297174,-7425541,14365,648277775.7045616
USNMPAL_792924_D1820_2024-01-23_13_40_57_N_Mexico.ndpi.ndpa,27,palyy,25680514,-7428286,17344,945036108.0720916
USNMPAL_792924_D1820_2024-01-23_13_40_57_N_Mexico.ndpi.ndpa,28,pol,25353360,-7534366,10795,366096153.6479421
USNMPAL_792924_D1820_2024-01-23_13_40_57_N_Mexico.ndpi.ndpa,29,pol,24991532,-7531848,11620,424191663.09536964
USNMPAL_792924_D1820_2024-01-23_13_40_57_N_Mexico.ndpi.ndpa,30,pol,24544456,-7495001,10258,330579000.4248962
USNMPAL_792924_D1820_2024-01-23_13_40_57_N_Mexico.ndpi.ndpa,31,paly,24724454,-7640902,11656,426824116.6771481
USNMPAL_792924_D1820_2024-01-23_13_40_57_N_Mexico.ndpi.ndpa,32,bipol,24074724,-7542605,17114,920137918.1508904
USNMPAL_792924_D1820_2024-01-23_13_40_57_N_Mexico.ndpi.ndpa,33,pol,25072206,-7638156,11982,451033191.96659917
USNMPAL_792924_D1820_2024-01-23_13_40_57_N_Mexico.ndpi.ndpa,34,pol,25648016,-7611380,12760,511506576.0351215
USNMPAL_792924_D1820_2024-01-23_13_40_57_N_Mexico.ndpi.ndpa,35,pol,25842660,-7691366,12464,488050490.2392534
USNMPAL_792924_D1820_2024-01-23_13_40_57_N_Mexico.ndpi.ndpa,36,pol,25413090,-7698919,11268,398881183.1206818
USNMPAL_792924_D1820_2024-01-23_13_40_57_N_Mexico.ndpi.ndpa,37,pol,25055728,-7664246,9753,298831463.0764486
USNMPAL_792924_D1820_2024-01-23_13_40_57_N_Mexico.ndpi.ndpa,38,pol,25057902,-7728900,15671,771513080.9924109
USNMPAL_792924_D1820_2024-01-23_13_40_57_N_Mexico.ndpi.ndpa,39,paly,24104474,-7713681,14409,652255207.9331949
USNMPAL_792924_D1820_2024-01-23_13_40_57_N_Mexico.ndpi.ndpa,40,pol,24053096,-7723979,6103,117013673.20553148
USNMPAL_792924_D1820_2024-01-23_13_40_57_N_Mexico.ndpi.ndpa,41,pol,24047488,-7690108,8603,232514327.11476022
USNMPAL_792924_D1820_2024-01-23_13_40_57_N_Mexico.ndpi.ndpa,42,pol,25015906,-7777191,8287,215746893.14031464
USNMPAL_792924_D1820_2024-01-23_13_40_57_N_Mexico.ndpi.ndpa,43,pol,25580986,-7840225,12859,519474537.79216087
USNMPAL_792924_D1820_2024-01-23_13_40_57_N_Mexico.ndpi.ndpa,44,pol,25133108,-7927652,9126,261644013.00408328
USNMPAL_792924_D1820_2024-01-23_13_40_57_N_Mexico.ndpi.ndpa,45,pol,24898984,-8032128,8793,242898044.81711134
USNMPAL_792924_D1820_2024-01-23_13_40_57_N_Mexico.ndpi.ndpa,46,paly,24748738,-8029610,16020,806259595.2543459
USNMPAL_792924_D1820_2024-01-23_13_40_57_N_Mexico.ndpi.ndpa,47,pol,24549632,-7949966,10632,355123824.0044218
USNMPAL_792924_D1820_2024-01-23_13_40_57_N_Mexico.ndpi.ndpa,48,pol,24668066,-8145073,8422,222833430.81290692
USNMPAL_792924_D1820_2024-01-23_13_40_57_N_Mexico.ndpi.ndpa,49,pol,25504668,-8110922,15241,729754528.7860708
USNMPAL_792924_D1820_2024-01-23_13_40_57_N_Mexico.ndpi.ndpa,50,pol,25196968,-8411307,10602,353122566.652232
